t_us,share_sp,share_act,v_sp,v_act,I_fc,I_batt,gFC,gBT,V_bus,I_cmd,fault_flags,ps_phase,dc_phase,trap_phase,flags
126848334,0.150000006,0,,,0,0.0241758227,0.620374799,0.196073189,15.907692,0.0309999995,0,,,0,1
126849664,0.150000006,0,,,0,0.0241758227,0.620374799,0.196073189,15.9167824,0.0309999995,0,,,0,1
126850794,0.150000006,0,,,0,0.0161172152,0.620374799,0.196073189,15.9122372,0.0329999998,0,,,0,1
126851920,0.150000006,0,,,0,0.0161172152,0.620374799,0.196073189,15.9122372,0.0329999998,0,,,0,1
126853049,0.150000006,0,,,0,0.0161172152,0.620374799,0.196073189,15.9122372,0.0359999985,0,,,0,1
126854176,0.150000006,0,,,0,0.0161172152,0.620374799,0.196073189,15.9122372,0.0359999985,0,,,0,1
126855305,0.150000006,0,,,0,0.00805860758,0.620374799,0.196073189,15.9167824,0.0380000025,0,,,0,1
126856432,0.150000006,0,,,0,0.0322344303,0.620374799,0.196073189,15.9167824,0.0380000025,0,,,0,1
126857561,0.150000006,0,,,0,0.00805860758,0.620374799,0.196073189,15.9122372,0.0399999991,0,,,0,1
126858687,0.150000006,0,,,0,0.0241758227,0.620374799,0.196073189,15.907692,0.0399999991,0,,,0,1
126859827,0.150000006,0,,,0,0.0161172152,0.620374799,0.196073189,15.9213276,0.0420000032,0,,,0,1
126860954,0.150000006,0,,,0,0.0241758227,0.620374799,0.196073189,15.9213276,0.0420000032,0,,,0,1
126862084,0.150000006,0,,,0,0.0161172152,0.620374799,0.196073189,15.9167824,0.0449999981,0,,,0,1
126863210,0.150000006,0,,,0,0.0161172152,0.620374799,0.196073189,15.9167824,0.0449999981,0,,,0,1
126864339,0.150000006,0,,,0,0.0241758227,0.620374799,0.196073189,15.9167824,0.0470000021,0,,,0,1
126865466,0.150000006,0,,,0,0.0241758227,0.620374799,0.196073189,15.9167824,0.0470000021,0,,,0,1
126866595,0.150000006,0,,,0,0.0161172152,0.620374799,0.196073189,15.9167824,0.0490000024,0,,,0,1
126867721,0.150000006,0,,,0,0.0161172152,0.620374799,0.196073189,15.9167824,0.0490000024,0,,,0,1
126868851,0.150000006,0,,,0,0.0161172152,0.620374799,0.196073189,15.9213276,0.0510000028,0,,,0,1
126870182,0.150000006,0,,,0,0.0161172152,0.620374799,0.196073189,15.9167824,0.0510000028,0,,,0,1
126871316,0.150000006,0,,,0,0.0241758227,0.620374799,0.196073189,15.9167824,0.0539999977,0,,,0,1
126872442,0.150000006,0,,,0,0.0322344303,0.620374799,0.196073189,15.9167824,0.0539999977,0,,,0,1
126873572,0.150000006,0,,,0,0.0241758227,0.620374799,0.196073189,15.9122372,0.055999998,0,,,0,1
126874698,0.150000006,0,,,0,0.0241758227,0.620374799,0.196073189,15.9167824,0.055999998,0,,,0,1
126875828,0.150000006,0,,,0,0.0241758227,0.620374799,0.196073189,15.9167824,0.0579999983,0,,,0,1
126876954,0.150000006,0,,,0,0.0241758227,0.620374799,0.196073189,15.9167824,0.0579999983,0,,,0,1
126878083,0.150000006,0,,,0,0.0241758227,0.620374799,0.196073189,15.9122372,0.060999997,0,,,0,1
126879210,0.150000006,0,,,0,0.0241758227,0.620374799,0.196073189,15.907692,0.060999997,0,,,0,1
126880339,0.150000006,0,,,0,0.0322344303,0.620374799,0.196073189,15.9167824,0.063000001,0,,,0,1
126881471,0.150000006,0,,,0,0.0322344303,0.620374799,0.196073189,15.9122372,0.063000001,0,,,0,1
126882600,0.150000006,0,,,0,0.0241758227,0.620374799,0.196073189,15.9167824,0.0649999976,0,,,0,1
126883727,0.150000006,0,,,0,0.0241758227,0.620374799,0.196073189,15.9167824,0.0649999976,0,,,0,1
126884856,0.150000006,0,,,0,0.0322344303,0.620374799,0.196073189,15.9213276,0.0670000017,0,,,0,1
126885982,0.150000006,0,,,0,0.0241758227,0.620374799,0.196073189,15.9213276,0.0670000017,0,,,0,1
126887112,0.150000006,0,,,0,0.0322344303,0.620374799,0.196073189,15.9167824,0.0700000003,0,,,0,1
126888238,0.150000006,0,,,0,0.0241758227,0.620374799,0.196073189,15.9122372,0.0700000003,0,,,0,1
126889367,0.150000006,0,,,0,0.0241758227,0.620374799,0.196073189,15.9167824,0.0719999969,0,,,0,1
126890494,0.150000006,0,,,0,0.0322344303,0.620374799,0.196073189,15.9167824,0.0719999969,0,,,0,1
126891827,0.150000006,0,,,0,0.0644688606,0.620374799,0.196073189,15.9167824,0.074000001,0,,,0,1
126892959,0.150000006,0,,,0,0.0322344303,0.620374799,0.196073189,15.9167824,0.074000001,0,,,0,1
126894088,0.150000006,0,,,0,0.0241758227,0.620374799,0.196073189,15.9167824,0.0769999996,0,,,0,1
126895215,0.150000006,0,,,0,0.0322344303,0.620374799,0.196073189,15.907692,0.0769999996,0,,,0,1
126896344,0.150000006,0,,,0,0.0241758227,0.620374799,0.196073189,15.9167824,0.0790000036,0,,,0,1
126897470,0.150000006,0,,,0,0.0241758227,0.620374799,0.196073189,15.9122372,0.0790000036,0,,,0,1
126898600,0.150000006,0,,,0,0.0322344303,0.620374799,0.196073189,15.9167824,0.0810000002,0,,,0,1
126899726,0.150000006,0,,,0,0.0241758227,0.620374799,0.196073189,15.9167824,0.0810000002,0,,,0,1
126900856,0.150000006,0,,,0,0.0241758227,0.620374799,0.196073189,15.9122372,0.0830000043,0,,,0,1
126901982,0.150000006,0,,,0,0.0241758227,0.620374799,0.196073189,15.9167824,0.0830000043,0,,,0,1
126903112,0.150000006,0,,,0,0.0322344303,0.620374799,0.196073189,15.9167824,0.0859999955,0,,,0,1
126904243,0.150000006,0,,,0,0.0241758227,0.620374799,0.196073189,15.9167824,0.0859999955,0,,,0,1
126905373,0.150000006,0,,,0,0.0241758227,0.620374799,0.196073189,15.9167824,0.0879999995,0,,,0,1
126906499,0.150000006,0,,,0,0.0402930379,0.620374799,0.196073189,15.9122372,0.0879999995,0,,,0,1
126907629,0.150000006,0,,,0,0.0241758227,0.620374799,0.196073189,15.9167824,0.0899999961,0,,,0,1
126908755,0.150000006,0,,,0,0.0322344303,0.620374799,0.196073189,15.9122372,0.0899999961,0,,,0,1
126909884,0.150000006,0,,,0,0.0241758227,0.620374799,0.196073189,15.9167824,0.0920000002,0,,,0,1
126911011,0.150000006,0,,,0,0.0322344303,0.620374799,0.196073189,15.9167824,0.0920000002,0,,,0,1
126912344,0.150000006,0,,,0,0.0241758227,0.620374799,0.196073189,15.9167824,0.0949999988,0,,,0,1
126913471,0.150000006,0,,,0,0.0322344303,0.620374799,0.196073189,15.9122372,0.0949999988,0,,,0,1
126914600,0.150000006,0,,,0,0.0241758227,0.620374799,0.196073189,15.9167824,0.0970000029,0,,,0,1
126915731,0.150000006,0,,,0,0.0322344303,0.620374799,0.196073189,15.9167824,0.0970000029,0,,,0,1
126916861,0.150000006,0,,,0,0.0241758227,0.620374799,0.196073189,15.9167824,0.0989999995,0,,,0,1
126917987,0.150000006,0,,,0,0.0322344303,0.620374799,0.196073189,15.9167824,0.0989999995,0,,,0,1
126919117,0.150000006,0,,,0,0.0322344303,0.620374799,0.196073189,15.9213276,0.102000006,0,,,0,1
126920243,0.150000006,0,,,0,0.0241758227,0.620374799,0.196073189,15.9167824,0.102000006,0,,,0,1
126921373,0.150000006,0,,,0,0.0241758227,0.620374799,0.196073189,15.9167824,0.103999995,0,,,0,1
126922499,0.150000006,0,,,0,0.0241758227,0.620374799,0.196073189,15.9167824,0.103999995,0,,,0,1
126923629,0.150000006,0,,,0,0.0241758227,0.620374799,0.196073189,15.9167824,0.105999991,0,,,0,1
126924755,0.150000006,0,,,0,0.0241758227,0.620374799,0.196073189,15.9167824,0.105999991,0,,,0,1
126925884,0.150000006,0,,,0,0.0322344303,0.620374799,0.196073189,15.9167824,0.107999995,0,,,0,1
126927016,0.150000006,0,,,0,0.0241758227,0.620374799,0.196073189,15.9167824,0.107999995,0,,,0,1
126928145,0.150000006,0,,,0,0.0322344303,0.620374799,0.196073189,15.9167824,0.111000001,0,,,0,1
126929272,0.150000006,0,,,0,0.0322344303,0.620374799,0.196073189,15.9122372,0.111000001,0,,,0,1
126930401,0.150000006,0,,,0,0.0322344303,0.620374799,0.196073189,15.9167824,0.113000005,0,,,0,1
126931528,0.150000006,0,,,0,0.0322344303,0.620374799,0.196073189,15.9167824,0.113000005,0,,,0,1
126932861,0.150000006,0,,,0,0.0322344303,0.620374799,0.196073189,15.9167824,0.115000002,0,,,0,1
126933988,0.150000006,0,,,0,0.0241758227,0.620374799,0.196073189,15.9213276,0.115000002,0,,,0,1
126935118,0.150000006,0,,,0,0.0241758227,0.620374799,0.196073189,15.9213276,0.118000001,0,,,0,1
126936244,0.150000006,0,,,0,0.0322344303,0.620374799,0.196073189,15.9122372,0.118000001,0,,,0,1
126937374,0.150000006,0,,,0,0.0241758227,0.620374799,0.196073189,15.9167824,0.119999997,0,,,0,1
126938505,0.150000006,0,,,0,0.0322344303,0.620374799,0.196073189,15.9167824,0.119999997,0,,,0,1
126939634,0.150000006,0,,,0,0.0241758227,0.620374799,0.196073189,15.9167824,0.121999994,0,,,0,1
126940761,0.150000006,0,,,0,0.0322344303,0.620374799,0.196073189,15.9167824,0.121999994,0,,,0,1
126941890,0.150000006,0,,,0,0.0241758227,0.620374799,0.196073189,15.9167824,0.123999998,0,,,0,1
126943016,0.150000006,0,,,0,0.0322344303,0.620374799,0.196073189,15.9167824,0.123999998,0,,,0,1
126944146,0.150000006,0,,,0,0.0241758227,0.620374799,0.196073189,15.9167824,0.127000004,0,,,0,1
126945272,0.150000006,0,,,0,0.0322344303,0.620374799,0.196073189,15.9167824,0.127000004,0,,,0,1
126946402,0.150000006,0,,,0,0.0322344303,0.620374799,0.196073189,15.9167824,0.129000008,0,,,0,1
126947529,0.150000006,0,,,0,0.056410253,0.620374799,0.196073189,15.9213276,0.129000008,0,,,0,1
126948663,0.150000006,0,,,0,0.0241758227,0.620374799,0.196073189,15.9167824,0.131000012,0,,,0,1
126949789,0.150000006,0,,,0,0.0322344303,0.620374799,0.196073189,15.9167824,0.131000012,0,,,0,1
126950919,0.150000006,0,,,0,0.0241758227,0.620374799,0.196073189,15.9122372,0.133000001,0,,,0,1
126952045,0.150000006,0,,,0,0.0322344303,0.620374799,0.196073189,15.9167824,0.133000001,0,,,0,1
126953174,0.150000006,0,,,0,0.0241758227,0.620374799,0.196073189,15.9167824,0.136000007,0,,,0,1
126954505,0.150000006,0,,,0,0.0241758227,0.620374799,0.196073189,15.9122372,0.136000007,0,,,0,1
126955634,0.150000006,0,,,0,0.0241758227,0.620374799,0.196073189,15.9122372,0.137999997,0,,,0,1
126956761,0.150000006,0,,,0,0.0322344303,0.620374799,0.196073189,15.9167824,0.137999997,0,,,0,1
126957890,0.150000006,0,,,0,0.0241758227,0.620374799,0.196073189,15.9167824,0.140000001,0,,,0,1
126959016,0.150000006,0,,,0,0.0322344303,0.620374799,0.196073189,15.9167824,0.140000001,0,,,0,1
126960150,0.150000006,0,,,0,0.0241758227,0.620374799,0.196073189,15.9167824,0.142999992,0,,,0,1
126961277,0.150000006,0,,,0,0.0644688606,0.620374799,0.196073189,15.9167824,0.142999992,0,,,0,1
126962406,0.150000006,0,,,0,0.0241758227,0.620374799,0.196073189,15.9122372,0.144999996,0,,,0,1
126963533,0.150000006,0,,,0,0.0241758227,0.620374799,0.196073189,15.9122372,0.144999996,0,,,0,1
126964663,0.150000006,0,,,0,0.0241758227,0.620374799,0.196073189,15.9122372,0.147,0,,,0,1
126965789,0.150000006,0,,,0,0.0322344303,0.620374799,0.196073189,15.9122372,0.147,0,,,0,1
126966918,0.150000006,0,,,0,0.0241758227,0.620374799,0.196073189,15.9167824,0.148999989,0,,,0,1
126968045,0.150000006,0,,,0,0.0322344303,0.620374799,0.196073189,15.9167824,0.148999989,0,,,0,1
126969174,0.150000006,0,,,0,0.0322344303,0.620374799,0.196073189,15.9122372,0.15200001,0,,,0,1
126970301,0.150000006,0,,,0,0.0322344303,0.620374799,0.196073189,15.9167824,0.15200001,0,,,0,1
126971435,0.150000006,0,,,0,0.0241758227,0.620374799,0.196073189,15.9122372,0.153999999,0,,,0,1
126972561,0.150000006,0,,,0,0.0402930379,0.620374799,0.196073189,15.9167824,0.153999999,0,,,0,1
126973690,0.150000006,0,,,0,0.0241758227,0.620374799,0.196073189,15.9167824,0.156000003,0,,,0,1
126975021,0.150000006,0,,,0,0.0322344303,0.620374799,0.196073189,15.9167824,0.156000003,0,,,0,1
126976151,0.150000006,0,,,0,0.0241758227,0.620374799,0.196073189,15.9167824,0.158999994,0,,,0,1
126977277,0.150000006,0,,,0,0.0322344303,0.620374799,0.196073189,15.9167824,0.158999994,0,,,0,1
126978407,0.150000006,0,,,0,0.0241758227,0.620374799,0.196073189,15.9167824,0.160999998,0,,,0,1
126979533,0.150000006,0,,,0,0.0241758227,0.620374799,0.196073189,15.9122372,0.160999998,0,,,0,1
126980662,0.150000006,0,,,0,0.0322344303,0.620374799,0.196073189,15.9167824,0.163000003,0,,,0,1
126981789,0.150000006,0,,,0,0.0241758227,0.620374799,0.196073189,15.9167824,0.163000003,0,,,0,1
126982923,0.150000006,0,,,0,0.0322344303,0.620374799,0.196073189,15.9167824,0.164999992,0,,,0,1
126984050,0.150000006,0,,,0,0.0241758227,0.620374799,0.196073189,15.9213276,0.164999992,0,,,0,1
126985179,0.150000006,0,,,0,0.0322344303,0.620374799,0.196073189,15.9167824,0.168000013,0,,,0,1
126986305,0.150000006,0,,,0,0.0241758227,0.620374799,0.196073189,15.9167824,0.168000013,0,,,0,1
126987435,0.150000006,0,,,0,0.0241758227,0.620374799,0.196073189,15.9167824,0.170000002,0,,,0,1
126988561,0.150000006,0,,,0,0.0241758227,0.620374799,0.196073189,15.9167824,0.170000002,0,,,0,1
126989691,0.150000006,0,,,0,0.0402930379,0.620374799,0.196073189,15.9213276,0.171999991,0,,,0,1
126990817,0.150000006,0,,,0,0.0322344303,0.620374799,0.196073189,15.9167824,0.171999991,0,,,0,1
126991946,0.150000006,0,,,0,0.0241758227,0.620374799,0.196073189,15.9167824,0.173999995,0,,,0,1
126993073,0.150000006,0,,,0,0.0241758227,0.620374799,0.196073189,15.9167824,0.173999995,0,,,0,1
126994207,0.150000006,0,,,0,0.0322344303,0.620374799,0.196073189,15.9213276,0.177000001,0,,,0,1
126995334,0.150000006,0,,,0,0.0322344303,0.620374799,0.196073189,15.9167824,0.177000001,0,,,0,1
126996667,0.150000006,0,,,0,0.0322344303,0.620374799,0.196073189,15.9167824,0.179000005,0,,,0,1
126997793,0.150000006,0,,,0,0.0322344303,0.620374799,0.196073189,15.9167824,0.179000005,0,,,0,1
126998922,0.150000006,0,,,0,0.0241758227,0.620374799,0.196073189,15.9122372,0.180999994,0,,,0,1
127000049,0.150000006,0,,,0,0.0322344303,0.620374799,0.196073189,15.9167824,0.180999994,0,,,0,1
127001178,0.150000006,0,,,0,0.0322344303,0.620374799,0.196073189,15.9167824,0.184,0,,,0,1
127002304,0.150000006,0,,,0,0.0241758227,0.620374799,0.196073189,15.9122372,0.184,0,,,0,1
127003434,0.150000006,0,,,0,0.0241758227,0.620374799,0.196073189,15.9167824,0.18599999,0,,,0,1
127004561,0.150000006,0,,,0,0.0322344303,0.620374799,0.196073189,15.9167824,0.18599999,0,,,0,1
127005695,0.150000006,0,,,0,0.0241758227,0.620374799,0.196073189,15.9167824,0.188000008,0,,,0,1
127006821,0.150000006,0,,,0,0.0402930379,0.620374799,0.196073189,15.9122372,0.188000008,0,,,0,1
127007951,0.150000006,0,,,0,0.0322344303,0.620374799,0.196073189,15.9167824,0.189999998,0,,,0,1
127009077,0.150000006,0,,,0,0.0322344303,0.620374799,0.196073189,15.9167824,0.189999998,0,,,0,1
127010206,0.150000006,0,,,0,0.0241758227,0.620374799,0.196073189,15.9213276,0.193000004,0,,,0,1
127011333,0.150000006,0,,,0,0.0241758227,0.620374799,0.196073189,15.9167824,0.193000004,0,,,0,1
127012462,0.150000006,0,,,0,0.0322344303,0.620374799,0.196073189,15.9122372,0.194999993,0,,,0,1
127013588,0.150000006,0,,,0,0.0241758227,0.620374799,0.196073189,15.9167824,0.194999993,0,,,0,1
127014717,0.150000006,0,,,0,0.0322344303,0.620374799,0.196073189,15.9167824,0.196999997,0,,,0,1
127015844,0.150000006,0,,,0,0.0322344303,0.620374799,0.196073189,15.9122372,0.196999997,0,,,0,1
127017182,0.150000006,0,,,0,0.0241758227,0.620374799,0.196073189,15.9167824,0.200000018,0,,,0,1
127018309,0.150000006,0,,,0,0.0241758227,0.620374799,0.196073189,15.9167824,0.200000018,0,,,0,1
127019438,0.150000006,0,,,0,0.0241758227,0.620374799,0.196073189,15.9122372,0.201999992,0,,,0,1
127020564,0.150000006,0,,,0,0.0322344303,0.620374799,0.196073189,15.9167824,0.201999992,0,,,0,1
127021694,0.150000006,0,,,0,0.0322344303,0.620374799,0.196073189,15.9167824,0.204000011,0,,,0,1
127022820,0.150000006,0,,,0,0.0241758227,0.620374799,0.196073189,15.9167824,0.204000011,0,,,0,1
127023950,0.150000006,0,,,0,0.0241758227,0.620374799,0.196073189,15.9167824,0.206,0,,,0,1
127025076,0.150000006,0,,,0,0.0241758227,0.620374799,0.196073189,15.9122372,0.206,0,,,0,1
127026205,0.150000006,0,,,0,0.0241758227,0.620374799,0.196073189,15.9122372,0.209000006,0,,,0,1
127027337,0.150000006,0,,,0,0.0402930379,0.620374799,0.196073189,15.9122372,0.209000006,0,,,0,1
127028467,0.150000006,0,,,0,0.0322344303,0.620374799,0.196073189,15.9167824,0.210999995,0,,,0,1
127029593,0.150000006,0,,,0,0.0241758227,0.620374799,0.196073189,15.9167824,0.210999995,0,,,0,1
127030722,0.150000006,0,,,0,0.0322344303,0.620374799,0.196073189,15.9122372,0.213,0,,,0,1
127031849,0.150000006,0,,,0,0.0241758227,0.620374799,0.196073189,15.9122372,0.213,0,,,0,1
127032978,0.150000006,0,,,0,0.0322344303,0.620374799,0.196073189,15.9167824,0.215000004,0,,,0,1
127034105,0.150000006,0,,,0,0.0322344303,0.620374799,0.196073189,15.9167824,0.215000004,0,,,0,1
127035235,0.150000006,0,,,0,0.0322344303,0.620374799,0.196073189,15.9122372,0.217999995,0,,,0,1
127036361,0.150000006,0,,,0,0.0322344303,0.620374799,0.196073189,15.9122372,0.217999995,0,,,0,1
127037490,0.150000006,0,,,0,0.0241758227,0.620374799,0.196073189,15.9167824,0.219999999,0,,,0,1
127038826,0.150000006,0,,,0,0.0241758227,0.620374799,0.196073189,15.9167824,0.219999999,0,,,0,1
127039955,0.150000006,0,,,0,0.0322344303,0.620374799,0.196073189,15.9167824,0.222000003,0,,,0,1
127041081,0.150000006,0,,,0,0.0322344303,0.620374799,0.196073189,15.9167824,0.222000003,0,,,0,1
127042211,0.150000006,0,,,0,0.0322344303,0.620374799,0.196073189,15.9167824,0.225000009,0,,,0,1
127043338,0.150000006,0,,,0,0.0322344303,0.620374799,0.196073189,15.907692,0.225000009,0,,,0,1
127044467,0.150000006,0,,,0,0.0241758227,0.620374799,0.196073189,15.9122372,0.226999998,0,,,0,1
127045593,0.150000006,0,,,0,0.0241758227,0.620374799,0.196073189,15.9122372,0.226999998,0,,,0,1
127046723,0.150000006,0,,,0,0.0241758227,0.620374799,0.196073189,15.9167824,0.229000002,0,,,0,1
127047849,0.150000006,0,,,0,0.0322344303,0.620374799,0.196073189,15.9167824,0.229000002,0,,,0,1
127048978,0.150000006,0,,,0,0.0241758227,0.620374799,0.196073189,15.9122372,0.231000006,0,,,0,1
127050110,0.150000006,0,,,0,0.0241758227,0.620374799,0.196073189,15.9167824,0.231000006,0,,,0,1
127051239,0.150000006,0,,,0,0.0241758227,0.620374799,0.196073189,15.9122372,0.233999997,0,,,0,1
127052365,0.150000006,0,,,0,0.0241758227,0.620374799,0.196073189,15.9213276,0.233999997,0,,,0,1
127053495,0.150000006,0,,,0,0.0322344303,0.620374799,0.196073189,15.9122372,0.236000001,0,,,0,1
127054621,0.150000006,0,,,0,0.0402930379,0.620374799,0.196073189,15.9167824,0.236000001,0,,,0,1
127055751,0.150000006,0,,,0,0.0241758227,0.620374799,0.196073189,15.9167824,0.238000005,0,,,0,1
127056877,0.150000006,0,,,0,0.0322344303,0.620374799,0.196073189,15.9122372,0.238000005,0,,,0,1
127058006,0.150000006,0,,,0,0.0161172152,0.620374799,0.196073189,15.9167824,0.240999997,0,,,0,1
127059337,0.150000006,0,,,0,0.0241758227,0.620374799,0.196073189,15.9167824,0.240999997,0,,,0,1
127060466,0.150000006,0,,,0,0.0322344303,0.620374799,0.196073189,15.9122372,0.243000001,0,,,0,1
127061598,0.150000006,0,,,0,0.0241758227,0.620374799,0.196073189,15.9122372,0.243000001,0,,,0,1
127062727,0.150000006,0,,,0,0.0241758227,0.620374799,0.196073189,15.9122372,0.24499999,0,,,0,1
127063853,0.150000006,0,,,0,0.0241758227,0.620374799,0.196073189,15.9167824,0.24499999,0,,,0,1
127064983,0.150000006,0,,,0,0.0322344303,0.620374799,0.196073189,15.9167824,0.247000009,0,,,0,1
127066109,0.150000006,0,,,0,0.0241758227,0.620374799,0.196073189,15.9167824,0.247000009,0,,,0,1
127067238,0.150000006,0,,,0,0.0322344303,0.620374799,0.196073189,15.9122372,0.25,0,,,0,1
127068365,0.150000006,0,,,0,0.0322344303,0.620374799,0.196073189,15.9167824,0.25,0,,,0,1
127069495,0.150000006,0,,,0,0.0322344303,0.620374799,0.196073189,15.9167824,0.252000004,0,,,0,1
127070621,0.150000006,0,,,0,0.0322344303,0.620374799,0.196073189,15.9167824,0.252000004,0,,,0,1
127071751,0.150000006,0,,,0,0.0241758227,0.620374799,0.196073189,15.9167824,0.254000008,0,,,0,1
127072882,0.150000006,0,,,0,0.0241758227,0.620374799,0.196073189,15.9167824,0.254000008,0,,,0,1
127074012,0.150000006,0,,,0,0.0241758227,0.620374799,0.196073189,15.9122372,0.256999999,0,,,0,1
127075138,0.150000006,0,,,0,0.0322344303,0.620374799,0.196073189,15.9167824,0.256999999,0,,,0,1
127076267,0.150000006,0,,,0,0.0322344303,0.620374799,0.196073189,15.9122372,0.259000003,0,,,0,1
127077394,0.150000006,0,,,0,0.0322344303,0.620374799,0.196073189,15.9213276,0.259000003,0,,,0,1
127078523,0.150000006,0,,,0,0.0241758227,0.620374799,0.196073189,15.9167824,0.260999978,0,,,0,1
127079854,0.150000006,0,,,0,0.0322344303,0.620374799,0.196073189,15.9167824,0.260999978,0,,,0,1
127080983,0.150000006,0,,,0,0.0241758227,0.620374799,0.196073189,15.9122372,0.263000011,0,,,0,1
127082110,0.150000006,0,,,0,0.0241758227,0.620374799,0.196073189,15.9167824,0.263000011,0,,,0,1
127083239,0.150000006,0,,,0,0.0322344303,0.620374799,0.196073189,15.9122372,0.266000003,0,,,0,1
127084370,0.150000006,0,,,0,0.0322344303,0.620374799,0.196073189,15.9167824,0.266000003,0,,,0,1
127085500,0.150000006,0,,,0,0.0241758227,0.620374799,0.196073189,15.9122372,0.268000007,0,,,0,1
127086627,0.150000006,0,,,0,0.0241758227,0.620374799,0.196073189,15.9122372,0.268000007,0,,,0,1
127087756,0.150000006,0,,,0,0.0322344303,0.620374799,0.196073189,15.9122372,0.270000011,0,,,0,1
127088882,0.150000006,0,,,0,0.0402930379,0.620374799,0.196073189,15.9167824,0.270000011,0,,,0,1
127090012,0.150000006,0,,,0,0.0322344303,0.620374799,0.196073189,15.9167824,0.273000002,0,,,0,1
127091138,0.150000006,0,,,0,0.0241758227,0.620374799,0.196073189,15.9122372,0.273000002,0,,,0,1
127092267,0.150000006,0,,,0,0.0322344303,0.620374799,0.196073189,15.9167824,0.275000006,0,,,0,1
127093394,0.150000006,0,,,0,0.0322344303,0.620374799,0.196073189,15.9167824,0.275000006,0,,,0,1
127094528,0.150000006,0,,,0,0.0322344303,0.620374799,0.196073189,15.9167824,0.27700001,0,,,0,1
127095654,0.150000006,0,,,0,0.0241758227,0.620374799,0.196073189,15.9167824,0.27700001,0,,,0,1
127096784,0.150000006,0,,,0,0.0322344303,0.620374799,0.196073189,15.9167824,0.279000014,0,,,0,1
127097910,0.150000006,0,,,0,0.0241758227,0.620374799,0.196073189,15.9167824,0.279000014,0,,,0,1
127099040,0.150000006,0,,,0,0.0322344303,0.620374799,0.196073189,15.9122372,0.282000005,0,,,0,1
127100166,0.150000006,0,,,0,0.0241758227,0.620374799,0.196073189,15.9167824,0.282000005,0,,,0,1
127101500,0.150000006,0,,,0,0.0241758227,0.620374799,0.196073189,15.9167824,0.284000009,0,,,0,1
127102626,0.150000006,0,,,0,0.0322344303,0.620374799,0.196073189,15.9167824,0.284000009,0,,,0,1
127103756,0.150000006,0,,,0,0.0161172152,0.620374799,0.196073189,15.9167824,0.285999984,0,,,0,1
127104882,0.150000006,0,,,0,0.0322344303,0.620374799,0.196073189,15.9167824,0.285999984,0,,,0,1
127106016,0.150000006,0,,,0,0.0322344303,0.620374799,0.196073189,15.9213276,0.289000005,0,,,0,1
127107143,0.150000006,0,,,0,0.0241758227,0.620374799,0.196073189,15.9167824,0.289000005,0,,,0,1
127108272,0.150000006,0,,,0,0.0402930379,0.620374799,0.196073189,15.9167824,0.291000009,0,,,0,1
127109398,0.150000006,0,,,0,0.0402930379,0.620374799,0.196073189,15.9167824,0.291000009,0,,,0,1
127110528,0.150000006,0,,,0,0.0322344303,0.620374799,0.196073189,15.9167824,0.292999983,0,,,0,1
127111654,0.150000006,0,,,0,0.0322344303,0.620374799,0.196073189,15.9122372,0.292999983,0,,,0,1
127112784,0.150000006,0,,,0,0.0241758227,0.620374799,0.196073189,15.9167824,0.295000017,0,,,0,1
127113910,0.150000006,0,,,0,0.0241758227,0.620374799,0.196073189,15.9167824,0.295000017,0,,,0,1
127115040,0.150000006,0,,,0,0.0322344303,0.620374799,0.196073189,15.9167824,0.297999978,0,,,0,1
127116166,0.150000006,0,,,0,0.0241758227,0.620374799,0.196073189,15.9167824,0.297999978,0,,,0,1
127117300,0.150000006,0,,,0,0.0322344303,0.620374799,0.196073189,15.9167824,0.300000012,0,,,0,1
127118427,0.150000006,0,,,0,0.0241758227,0.620374799,0.196073189,15.9122372,0.300000012,0,,,0,1
127119556,0.150000006,0,,,0,0.0241758227,0.620374799,0.196073189,15.9167824,0.301999986,0,,,0,1
127120683,0.150000006,0,,,0,0.0322344303,0.620374799,0.196073189,15.9167824,0.301999986,0,,,0,1
127122016,0.150000006,0,,,0,0.0322344303,0.620374799,0.196073189,15.9213276,0.305000007,0,,,0,1
127123142,0.150000006,0,,,0,0.0241758227,0.620374799,0.196073189,15.9167824,0.305000007,0,,,0,1
127124272,0.150000006,0,,,0,0.0322344303,0.620374799,0.196073189,15.9167824,0.306999981,0,,,0,1
127125398,0.150000006,0,,,0,0.0322344303,0.620374799,0.196073189,15.9167824,0.306999981,0,,,0,1
127126527,0.150000006,0,,,0,0.0322344303,0.620374799,0.196073189,15.9167824,0.309000015,0,,,0,1
127127654,0.150000006,0,,,0,0.0241758227,0.620374799,0.196073189,15.9167824,0.309000015,0,,,0,1
127128788,0.150000006,0,,,0,0.0241758227,0.620374799,0.196073189,15.9213276,0.31099999,0,,,0,1
127129915,0.150000006,0,,,0,0.0241758227,0.620374799,0.196073189,15.9167824,0.31099999,0,,,0,1
127131045,0.150000006,0,,,0,0.0322344303,0.620374799,0.196073189,15.9167824,0.31400001,0,,,0,1
127132171,0.150000006,0,,,0,0.0322344303,0.620374799,0.196073189,15.9122372,0.31400001,0,,,0,1
127133300,0.150000006,0,,,0,0.0241758227,0.620374799,0.196073189,15.9167824,0.316000015,0,,,0,1
127134427,0.150000006,0,,,0,0.0241758227,0.620374799,0.196073189,15.9167824,0.316000015,0,,,0,1
127135556,0.150000006,0,,,0,0.0241758227,0.620374799,0.196073189,15.9167824,0.317999989,0,,,0,1
127136682,0.150000006,0,,,0,0.0322344303,0.620374799,0.196073189,15.9167824,0.317999989,0,,,0,1
127137812,0.150000006,0,,,0,0.0322344303,0.620374799,0.196073189,15.9167824,0.319999993,0,,,0,1
127138939,0.150000006,0,,,0,0.0241758227,0.620374799,0.196073189,15.9122372,0.319999993,0,,,0,1
127140073,0.150000006,0,,,0,0.0241758227,0.620374799,0.196073189,15.9122372,0.322999984,0,,,0,1
127141199,0.150000006,0,,,0,0.0322344303,0.620374799,0.196073189,15.9122372,0.322999984,0,,,0,1
127142329,0.150000006,0,,,0,0.0241758227,0.620374799,0.196073189,15.9167824,0.324999988,0,,,0,1
127143659,0.150000006,0,,,0,0.0322344303,0.620374799,0.196073189,15.9167824,0.324999988,0,,,0,1
127144789,0.150000006,0,,,0,0.0161172152,0.620374799,0.196073189,15.9167824,0.326999992,0,,,0,1
127145915,0.150000006,0,,,0,0.0241758227,0.620374799,0.196073189,15.9167824,0.326999992,0,,,0,1
127147045,0.150000006,0,,,0,0.0322344303,0.620374799,0.196073189,15.9167824,0.329999983,0,,,0,1
127148171,0.150000006,0,,,0,0.0322344303,0.620374799,0.196073189,15.9122372,0.329999983,0,,,0,1
127149300,0.150000006,0,,,0,0.0322344303,0.620374799,0.196073189,15.9167824,0.332000017,0,,,0,1
127150427,0.150000006,0,,,0,0.0241758227,0.620374799,0.196073189,15.9167824,0.332000017,0,,,0,1
127151561,0.150000006,0,,,0,0.0322344303,0.620374799,0.196073189,15.9167824,0.333999991,0,,,0,1
127152687,0.150000006,0,,,0,0.0322344303,0.620374799,0.196073189,15.9167824,0.333999991,0,,,0,1
127153816,0.150000006,0,,,0,0.0241758227,0.620374799,0.196073189,15.9167824,0.336000025,0,,,0,1
127154943,0.150000006,0,,,0,0.0241758227,0.620374799,0.196073189,15.9122372,0.336000025,0,,,0,1
127156072,0.150000006,0,,,0,0.0241758227,0.620374799,0.196073189,15.9122372,0.338999987,0,,,0,1
127157199,0.150000006,0,,,0,0.0241758227,0.620374799,0.196073189,15.9122372,0.338999987,0,,,0,1
127158328,0.150000006,0,,,0,0.0241758227,0.620374799,0.196073189,15.9167824,0.341000021,0,,,0,1
127159455,0.150000006,0,,,0,0.0322344303,0.620374799,0.196073189,15.9122372,0.341000021,0,,,0,1
127160584,0.150000006,0,,,0,0.0241758227,0.620374799,0.196073189,15.9167824,0.342999995,0,,,0,1
127161710,0.150000006,0,,,0,0.0322344303,0.620374799,0.196073189,15.9122372,0.342999995,0,,,0,1
127162844,0.150000006,0,,,0,0.0322344303,0.620374799,0.196073189,15.9167824,0.344999999,0,,,0,1
127164175,0.150000006,0,,,0,0.0402930379,0.620374799,0.196073189,15.9167824,0.344999999,0,,,0,1
127165305,0.150000006,0,,,0,0.0241758227,0.620374799,0.196073189,15.9167824,0.34799999,0,,,0,1
127166431,0.150000006,0,,,0,0.0241758227,0.620374799,0.196073189,15.9122372,0.34799999,0,,,0,1
127167560,0.150000006,0,,,0,0.0322344303,0.620374799,0.196073189,15.9167824,0.349999994,0,,,0,1
127168687,0.150000006,0,,,0,0.0241758227,0.620374799,0.196073189,15.9122372,0.349999994,0,,,0,1
127169816,0.150000006,0,,,0,0.0402930379,0.620374799,0.196073189,15.9167824,0.351999998,0,,,0,1
127170942,0.150000006,0,,,0,0.0322344303,0.620374799,0.196073189,15.9167824,0.351999998,0,,,0,1
127172072,0.150000006,0,,,0,0.0241758227,0.620374799,0.196073189,15.9167824,0.354999989,0,,,0,1
127173203,0.150000006,0,,,0,0.0402930379,0.620374799,0.196073189,15.907692,0.354999989,0,,,0,1
127174333,0.150000006,0,,,0,0.0241758227,0.620374799,0.196073189,15.9167824,0.356999993,0,,,0,1
127175459,0.150000006,0,,,0,0.0322344303,0.620374799,0.196073189,15.9122372,0.356999993,0,,,0,1
127176589,0.150000006,0,,,0,0.0241758227,0.620374799,0.196073189,15.9167824,0.358999997,0,,,0,1
127177715,0.150000006,0,,,0,0.0241758227,0.620374799,0.196073189,15.9167824,0.358999997,0,,,0,1
127178844,0.150000006,0,,,0,0.0241758227,0.620374799,0.196073189,15.9167824,0.361000001,0,,,0,1
127179971,0.150000006,0,,,0,0.0241758227,0.620374799,0.196073189,15.9167824,0.361000001,0,,,0,1
127181100,0.150000006,0,,,0,0.0322344303,0.620374799,0.196073189,15.9167824,0.363999993,0,,,0,1
127182226,0.150000006,0,,,0,0.0322344303,0.620374799,0.196073189,15.9122372,0.363999993,0,,,0,1
127183356,0.150000006,0,,,0,0.0241758227,0.620374799,0.196073189,15.9122372,0.365999997,0,,,0,1
127184487,0.150000006,0,,,0,0.0241758227,0.620374799,0.196073189,15.9122372,0.365999997,0,,,0,1
127185820,0.150000006,0,,,0,0.0322344303,0.620374799,0.196073189,15.9167824,0.368000001,0,,,0,1
127186947,0.150000006,0,,,0,0.0241758227,0.620374799,0.196073189,15.9167824,0.368000001,0,,,0,1
127188076,0.150000006,0,,,0,0.0241758227,0.620374799,0.196073189,15.9122372,0.370999992,0,,,0,1
127189202,0.150000006,0,,,0,0.0241758227,0.620374799,0.196073189,15.9213276,0.370999992,0,,,0,1
127190332,0.150000006,0,,,0,0.0322344303,0.620374799,0.196073189,15.9167824,0.373000026,0,,,0,1
127191458,0.150000006,0,,,0,0.0241758227,0.620374799,0.196073189,15.9167824,0.373000026,0,,,0,1
127192587,0.150000006,0,,,0,0.0322344303,0.620374799,0.196073189,15.9167824,0.375,0,,,0,1
127193714,0.150000006,0,,,0,0.0241758227,0.620374799,0.196073189,15.9167824,0.375,0,,,0,1
127194843,0.150000006,0,,,0,0.0241758227,0.620374799,0.196073189,15.9122372,0.376999974,0,,,0,1
127195975,0.150000006,0,,,0,0.0241758227,0.620374799,0.196073189,15.9167824,0.376999974,0,,,0,1
127197104,0.150000006,0,,,0,0.0241758227,0.620374799,0.196073189,15.9167824,0.379999995,0,,,0,1
127198230,0.150000006,0,,,0,0.0241758227,0.620374799,0.196073189,15.9167824,0.379999995,0,,,0,1
127199360,0.150000006,0,,,0,0.0322344303,0.620374799,0.196073189,15.9122372,0.381999969,0,,,0,1
127200486,0.150000006,0,,,0,0.0322344303,0.620374799,0.196073189,15.9167824,0.381999969,0,,,0,1
127201615,0.150000006,0,,,0,0.0241758227,0.620374799,0.196073189,15.9167824,0.384000003,0,,,0,1
127202742,0.150000006,0,,,0,0.0241758227,0.620374799,0.196073189,15.9167824,0.384000003,0,,,0,1
127203872,0.150000006,0,,,0,0.0241758227,0.620374799,0.196073189,15.9167824,0.386000007,0,,,0,1
127204998,0.150000006,0,,,0,0.0322344303,0.620374799,0.196073189,15.9122372,0.386000007,0,,,0,1
127206332,0.150000006,0,,,0,0.0161172152,0.620374799,0.196073189,15.9122372,0.388999999,0,,,0,1
127207463,0.150000006,0,,,0,0.0322344303,0.620374799,0.196073189,15.9167824,0.388999999,0,,,0,1
127208592,0.150000006,0,,,0,0.0241758227,0.620374799,0.196073189,15.9167824,0.391000003,0,,,0,1
127209719,0.150000006,0,,,0,0.0322344303,0.620374799,0.196073189,15.9167824,0.391000003,0,,,0,1
127210848,0.150000006,0,,,0,0.0322344303,0.620374799,0.196073189,15.9167824,0.393000007,0,,,0,1
127211975,0.150000006,0,,,0,0.0322344303,0.620374799,0.196073189,15.9167824,0.393000007,0,,,0,1
127213104,0.150000006,0,,,0,0.0241758227,0.620374799,0.196073189,15.9167824,0.395999998,0,,,0,1
127214230,0.150000006,0,,,0,0.0241758227,0.620374799,0.196073189,15.9122372,0.395999998,0,,,0,1
127215359,0.150000006,0,,,0,0.0322344303,0.620374799,0.196073189,15.9167824,0.398000002,0,,,0,1
127216486,0.150000006,0,,,0,0.0322344303,0.620374799,0.196073189,15.9167824,0.398000002,0,,,0,1
127217616,0.150000006,0.25,,,0.00805860758,0.0241758227,0.620374799,0.196073189,15.9122372,0.400000036,0,,,0,1
127218747,0.150000006,0,,,0,0.0322344303,0.620374799,0.196073189,15.9167824,0.400000036,0,,,0,1
127219876,0.150000006,0,,,0,0.0322344303,0.620374799,0.196073189,15.9167824,0.40200001,0,,,0,1
127221003,0.150000006,0,,,0,0.0322344303,0.620374799,0.196073189,15.9167824,0.40200001,0,,,0,1
127222132,0.150000006,0,,,0,0.0241758227,0.620374799,0.196073189,15.9167824,0.405000031,0,,,0,1
127223259,0.150000006,0,,,0,0.0322344303,0.620374799,0.196073189,15.9213276,0.405000031,0,,,0,1
127224388,0.150000006,0,,,0,0.0322344303,0.620374799,0.196073189,15.9167824,0.407000005,0,,,0,1
127225514,0.150000006,0,,,0,0.0241758227,0.620374799,0.196073189,15.9167824,0.407000005,0,,,0,1
127226848,0.150000006,0,,,0,0.0322344303,0.620374799,0.196073189,15.9167824,0.408999979,0,,,0,1
127227974,0.150000006,0,,,0,0.0241758227,0.620374799,0.196073189,15.9122372,0.408999979,0,,,0,1
127229103,0.150000006,0,,,0,0.0241758227,0.620374799,0.196073189,15.9122372,0.412,0,,,0,1
127230235,0.150000006,0,,,0,0.0241758227,0.620374799,0.196073189,15.9167824,0.412,0,,,0,1
127231364,0.150000006,0,,,0,0.0322344303,0.620374799,0.196073189,15.9167824,0.413999975,0,,,0,1
127232490,0.150000006,0,,,0,0.0322344303,0.620374799,0.196073189,15.9167824,0.413999975,0,,,0,1
127233620,0.150000006,0,,,0,0.0241758227,0.620374799,0.196073189,15.9167824,0.415999979,0,,,0,1
127234746,0.150000006,0,,,0,0.0241758227,0.620374799,0.196073189,15.9167824,0.415999979,0,,,0,1
127235876,0.150000006,0,,,0,0.0322344303,0.620374799,0.196073189,15.9122372,0.418000013,0,,,0,1
127237002,0.150000006,0,,,0,0.0322344303,0.620374799,0.196073189,15.9122372,0.418000013,0,,,0,1
127238132,0.150000006,0,,,0,0.0241758227,0.620374799,0.196073189,15.9167824,0.421000004,0,,,0,1
127239258,0.150000006,0,,,0,0.0322344303,0.620374799,0.196073189,15.9122372,0.421000004,0,,,0,1
127240392,0.150000006,0,,,0,0.0241758227,0.620374799,0.196073189,15.9167824,0.423000008,0,,,0,1
127241519,0.150000006,0,,,0,0.0241758227,0.620374799,0.196073189,15.9122372,0.423000008,0,,,0,1
127242648,0.150000006,0,,,0,0.0322344303,0.620374799,0.196073189,15.9122372,0.425000012,0,,,0,1
127243774,0.150000006,0,,,0,0.0241758227,0.620374799,0.196073189,15.9122372,0.425000012,0,,,0,1
127244903,0.150000006,0,,,0,0.0241758227,0.620374799,0.196073189,15.9167824,0.426999986,0,,,0,1
127246030,0.150000006,0,,,0,0.0241758227,0.620374799,0.196073189,15.9167824,0.426999986,0,,,0,1
127247159,0.150000006,0,,,0,0.0241758227,0.620374799,0.196073189,15.9167824,0.430000007,0,,,0,1
127248490,0.150000006,0,,,0,0.0322344303,0.620374799,0.196073189,15.9167824,0.430000007,0,,,0,1
127249619,0.150000006,0,,,0,0.0241758227,0.620374799,0.196073189,15.9167824,0.431999981,0,,,0,1
127250746,0.150000006,0,,,0,0.0322344303,0.620374799,0.196073189,15.9167824,0.431999981,0,,,0,1
127251880,0.150000006,0,,,0,0.0322344303,0.620374799,0.196073189,15.9167824,0.434000015,0,,,0,1
127253007,0.150000006,0,,,0,0.0241758227,0.620374799,0.196073189,15.9122372,0.434000015,0,,,0,1
127254136,0.150000006,0,,,0,0.0241758227,0.620374799,0.196073189,15.9167824,0.437000036,0,,,0,1
127255263,0.150000006,0,,,0,0.0241758227,0.620374799,0.196073189,15.9167824,0.437000036,0,,,0,1
127256392,0.150000006,0,,,0,0.0322344303,0.620374799,0.196073189,15.9167824,0.43900001,0,,,0,1
127257519,0.150000006,0,,,0,0.0322344303,0.620374799,0.196073189,15.9167824,0.43900001,0,,,0,1
127258648,0.150000006,0,,,0,0.0322344303,0.620374799,0.196073189,15.9167824,0.440999985,0,,,0,1
127259774,0.150000006,0,,,0,0.0241758227,0.620374799,0.196073189,15.9167824,0.440999985,0,,,0,1
127260904,0.150000006,0,,,0,0.0241758227,0.620374799,0.196073189,15.9167824,0.442999989,0,,,0,1
127262030,0.150000006,0,,,0,0.0241758227,0.620374799,0.196073189,15.9167824,0.442999989,0,,,0,1
127263165,0.150000006,0,,,0,0.0322344303,0.620374799,0.196073189,15.9213276,0.44599998,0,,,0,1
127264291,0.150000006,0,,,0,0.0161172152,0.620374799,0.196073189,15.9167824,0.44599998,0,,,0,1
127265421,0.150000006,0,,,0,0.0322344303,0.620374799,0.196073189,15.9167824,0.447999984,0,,,0,1
127266547,0.150000006,0,,,0,0.0322344303,0.620374799,0.196073189,15.9213276,0.447999984,0,,,0,1
127267677,0.150000006,0,,,0,0.0241758227,0.620374799,0.196073189,15.9167824,0.450000018,0,,,0,1
127269007,0.150000006,0,,,0,0.0322344303,0.620374799,0.196073189,15.9167824,0.450000018,0,,,0,1
127270137,0.150000006,0,,,0,0.0241758227,0.620374799,0.196073189,15.9167824,0.452999979,0,,,0,1
127271263,0.150000006,0,,,0,0.0241758227,0.620374799,0.196073189,15.9167824,0.452999979,0,,,0,1
127272393,0.150000006,0,,,0,0.0241758227,0.620374799,0.196073189,15.9167824,0.455000013,0,,,0,1
127273519,0.150000006,0,,,0,0.0241758227,0.620374799,0.196073189,15.9122372,0.455000013,0,,,0,1
127274653,0.150000006,0,,,0,0.0241758227,0.620374799,0.196073189,15.9122372,0.457000017,0,,,0,1
127275779,0.150000006,0,,,0,0.0322344303,0.620374799,0.196073189,15.9167824,0.457000017,0,,,0,1
127276909,0.150000006,0,,,0,0.0241758227,0.620374799,0.196073189,15.9167824,0.458999991,0,,,0,1
127278035,0.150000006,0,,,0,0.0322344303,0.620374799,0.196073189,15.9167824,0.458999991,0,,,0,1
127279164,0.150000006,0,,,0,0.0241758227,0.620374799,0.196073189,15.9122372,0.462000012,0,,,0,1
127280291,0.150000006,0,,,0,0.0322344303,0.620374799,0.196073189,15.9122372,0.462000012,0,,,0,1
127281421,0.150000006,0,,,0,0.0241758227,0.620374799,0.196073189,15.9122372,0.463999987,0,,,0,1
127282547,0.150000006,0,,,0,0.0241758227,0.620374799,0.196073189,15.9122372,0.463999987,0,,,0,1
127283676,0.150000006,0,,,0,0.0241758227,0.620374799,0.196073189,15.9167824,0.466000021,0,,,0,1
127284803,0.150000006,0,,,0,0.0241758227,0.620374799,0.196073189,15.9213276,0.466000021,0,,,0,1
127285937,0.150000006,0,,,0,0.0322344303,0.620374799,0.196073189,15.9167824,0.467999995,0,,,0,1
127287063,0.150000006,0,,,0,0.0241758227,0.620374799,0.196073189,15.9122372,0.467999995,0,,,0,1
127288192,0.150000006,0,,,0,0.0322344303,0.620374799,0.196073189,15.9122372,0.471000016,0,,,0,1
127289319,0.150000006,0,,,0,0.0322344303,0.620374799,0.196073189,15.9213276,0.471000016,0,,,0,1
127290652,0.150000006,0,,,0,0.0241758227,0.620374799,0.196073189,15.9167824,0.47299999,0,,,0,1
127291778,0.150000006,0,,,0,0.0241758227,0.620374799,0.196073189,15.9122372,0.47299999,0,,,0,1
127292908,0.150000006,0,,,0,0.0241758227,0.620374799,0.196073189,15.9167824,0.474999994,0,,,0,1
127294034,0.150000006,0,,,0,0.0322344303,0.620374799,0.196073189,15.9167824,0.474999994,0,,,0,1
127295164,0.150000006,0,,,0,0.0322344303,0.620374799,0.196073189,15.9167824,0.477999985,0,,,0,1
127296290,0.150000006,0,,,0,0.0322344303,0.620374799,0.196073189,15.9122372,0.477999985,0,,,0,1
127297424,0.150000006,0,,,0,0.0241758227,0.620374799,0.196073189,15.9167824,0.479999989,0,,,0,1
127298551,0.150000006,0,,,0,0.0241758227,0.620374799,0.196073189,15.9167824,0.479999989,0,,,0,1
127299681,0.150000006,0,,,0,0.0402930379,0.620374799,0.196073189,15.9167824,0.481999993,0,,,0,1
127300807,0.150000006,0,,,0,0.0322344303,0.620374799,0.196073189,15.9167824,0.481999993,0,,,0,1
127301937,0.150000006,0,,,0,0.0241758227,0.620374799,0.196073189,15.9167824,0.484000027,0,,,0,1
127303063,0.150000006,0,,,0,0.0241758227,0.620374799,0.196073189,15.9122372,0.484000027,0,,,0,1
127304192,0.150000006,0,,,0,0.0241758227,0.620374799,0.196073189,15.9122372,0.487000018,0,,,0,1
127305319,0.150000006,0,,,0,0.0241758227,0.620374799,0.196073189,15.9167824,0.487000018,0,,,0,1
127306449,0.150000006,0,,,0,0.0322344303,0.620374799,0.196073189,15.9167824,0.489000022,0,,,0,1
127307575,0.150000006,0,,,0,0.0322344303,0.620374799,0.196073189,15.9167824,0.489000022,0,,,0,1
127308709,0.150000006,0,,,0,0.0241758227,0.620374799,0.196073189,15.9167824,0.490999997,0,,,0,1
127309836,0.150000006,0,,,0,0.0322344303,0.620374799,0.196073189,15.9167824,0.490999997,0,,,0,1
127311169,0.150000006,0,,,0,0.0322344303,0.620374799,0.196073189,15.9167824,0.494000018,0,,,0,1
127312296,0.150000006,0,,,0,0.0241758227,0.620374799,0.196073189,15.9167824,0.494000018,0,,,0,1
127313425,0.150000006,0,,,0,0.0241758227,0.620374799,0.196073189,15.9167824,0.495999992,0,,,0,1
127314552,0.150000006,0,,,0,0.0241758227,0.620374799,0.196073189,15.9167824,0.495999992,0,,,0,1
127315681,0.150000006,0,,,0,0.0322344303,0.620374799,0.196073189,15.9122372,0.497999966,0,,,0,1
127316807,0.150000006,0,,,0,0.0241758227,0.620374799,0.196073189,15.9122372,0.497999966,0,,,0,1
127317943,0.150000006,0,,,0,0.0322344303,0.620374799,0.196073189,15.9167824,0.5,0,,,0,1
127319074,0.150000006,0,,,0,0.0322344303,0.620374799,0.196073189,15.9167824,0.5,0,,,0,1
127320204,0.150000006,0,,,0,0.0322344303,0.620374799,0.196073189,15.9167824,0.503000021,0,,,0,1
127321330,0.150000006,0,,,0,0.0241758227,0.620374799,0.196073189,15.9122372,0.503000021,0,,,0,1
127322460,0.150000006,0,,,0,0.0241758227,0.620374799,0.196073189,15.9122372,0.504999995,0,,,0,1
127323586,0.150000006,0,,,0,0.0322344303,0.620374799,0.196073189,15.9167824,0.504999995,0,,,0,1
127324715,0.150000006,0,,,0,0.0241758227,0.620374799,0.196073189,15.9167824,0.506999969,0,,,0,1
127325842,0.150000006,0,,,0,0.0322344303,0.620374799,0.196073189,15.9167824,0.506999969,0,,,0,1
127326972,0.150000006,0,,,0,0.0322344303,0.620374799,0.196073189,15.9167824,0.509000003,0,,,0,1
127328098,0.150000006,0,,,0,0.0322344303,0.620374799,0.196073189,15.9167824,0.509000003,0,,,0,1
127329227,0.150000006,0,,,0,0.0322344303,0.620374799,0.196073189,15.9213276,0.511999965,0,,,0,1
127330359,0.150000006,0,,,0,0.0241758227,0.620374799,0.196073189,15.9167824,0.511999965,0,,,0,1
127331488,0.150000006,0,,,0,0.0241758227,0.620374799,0.196073189,15.9167824,0.513999999,0,,,0,1
127332818,0.150000006,0,,,0,0.0241758227,0.620374799,0.196073189,15.9167824,0.513999999,0,,,0,1
127333948,0.150000006,0,,,0,0.0241758227,0.620374799,0.196073189,15.9167824,0.516000032,0,,,0,1
127335074,0.150000006,0,,,0,0.0322344303,0.620374799,0.196073189,15.9167824,0.516000032,0,,,0,1
127336204,0.150000006,0,,,0,0.0241758227,0.620374799,0.196073189,15.9167824,0.518999994,0,,,0,1
127337330,0.150000006,0,,,0,0.0241758227,0.620374799,0.196073189,15.9122372,0.518999994,0,,,0,1
127338459,0.150000006,0,,,0,0.0241758227,0.620374799,0.196073189,15.9167824,0.521000028,0,,,0,1
127339586,0.150000006,0,,,0,0.0241758227,0.620374799,0.196073189,15.9122372,0.521000028,0,,,0,1
127340715,0.150000006,0,,,0,0.0241758227,0.620374799,0.196073189,15.9167824,0.523000002,0,,,0,1
127341846,0.150000006,0,,,0,0.0322344303,0.620374799,0.196073189,15.9213276,0.523000002,0,,,0,1
127342975,0.150000006,0,,,0,0.0322344303,0.620374799,0.196073189,15.9167824,0.524999976,0,,,0,1
127344102,0.150000006,0,,,0,0.0322344303,0.620374799,0.196073189,15.9167824,0.524999976,0,,,0,1
127345231,0.150000006,0,,,0,0.0241758227,0.620374799,0.196073189,15.9122372,0.527999997,0,,,0,1
127346358,0.150000006,0,,,0,0.0322344303,0.620374799,0.196073189,15.9122372,0.527999997,0,,,0,1
127347487,0.150000006,0,,,0,0.0322344303,0.620374799,0.196073189,15.9167824,0.529999971,0,,,0,1
127348613,0.150000006,0,,,0,0.0241758227,0.620374799,0.196073189,15.9122372,0.529999971,0,,,0,1
127349743,0.150000006,0,,,0,0.0322344303,0.620374799,0.196073189,15.9167824,0.532000005,0,,,0,1
127350869,0.150000006,0,,,0,0.0241758227,0.620374799,0.196073189,15.9167824,0.532000005,0,,,0,1
127351998,0.150000006,0,,,0,0.0322344303,0.620374799,0.196073189,15.9122372,0.534000039,0,,,0,1
127353334,0.150000006,0,,,0,0.0322344303,0.620374799,0.196073189,15.9167824,0.534000039,0,,,0,1
127354463,0.150000006,0,,,0,0.0161172152,0.620374799,0.196073189,15.9167824,0.537,0,,,0,1
127355590,0.150000006,0,,,0,0.0241758227,0.620374799,0.196073189,15.9167824,0.537,0,,,0,1
127356719,0.150000006,0,,,0,0.0322344303,0.620374799,0.196073189,15.9167824,0.539000034,0,,,0,1
127357846,0.150000006,0,,,0,0.0322344303,0.620374799,0.196073189,15.9167824,0.539000034,0,,,0,1
127358975,0.150000006,0,,,0,0.0241758227,0.620374799,0.196073189,15.9167824,0.541000009,0,,,0,1
127360101,0.150000006,0,,,0,0.0241758227,0.620374799,0.196073189,15.9122372,0.541000009,0,,,0,1
127361231,0.150000006,0,,,0,0.0241758227,0.620374799,0.196073189,15.9122372,0.54400003,0,,,0,1
127362357,0.150000006,0,,,0,0.0241758227,0.620374799,0.196073189,15.9167824,0.54400003,0,,,0,1
127363487,0.150000006,0,,,0,0.0322344303,0.620374799,0.196073189,15.9167824,0.546000004,0,,,0,1
127364618,0.150000006,0,,,0,0.0241758227,0.620374799,0.196073189,15.9167824,0.546000004,0,,,0,1
127365748,0.150000006,0,,,0,0.0402930379,0.620374799,0.196073189,15.9213276,0.547999978,0,,,0,1
127366874,0.150000006,0,,,0,0.056410253,0.620374799,0.196073189,15.9122372,0.547999978,0,,,0,1
127368003,0.150000006,0,,,0,0.0241758227,0.620374799,0.196073189,15.9167824,0.550999999,0,,,0,1
127369130,0.150000006,0,,,0,0.0322344303,0.620374799,0.196073189,15.9122372,0.550999999,0,,,0,1
127370259,0.150000006,0,,,0,0.0241758227,0.620374799,0.196073189,15.9122372,0.553000033,0,,,0,1
127371386,0.150000006,0,,,0,0.0241758227,0.620374799,0.196073189,15.9122372,0.553000033,0,,,0,1
127372516,0.150000006,0,,,0,0.0161172152,0.620374799,0.196073189,15.9122372,0.555000007,0,,,0,1
127373846,0.150000006,0,,,0,0.0241758227,0.620374799,0.196073189,15.9122372,0.555000007,0,,,0,1
127374976,0.150000006,0,,,0,0.0322344303,0.620374799,0.196073189,15.9167824,0.556999981,0,,,0,1
127376107,0.150000006,0,,,0,0.0241758227,0.620374799,0.196073189,15.9167824,0.556999981,0,,,0,1
127377236,0.150000006,0,,,0,0.0241758227,0.620374799,0.196073189,15.9122372,0.560000002,0,,,0,1
127378363,0.150000006,0,,,0,0.0322344303,0.620374799,0.196073189,15.9167824,0.560000002,0,,,0,1
127379492,0.150000006,0,,,0,0.0322344303,0.620374799,0.196073189,15.9122372,0.561999977,0,,,0,1
127380619,0.150000006,0,,,0,0.0241758227,0.620374799,0.196073189,15.9122372,0.561999977,0,,,0,1
127381748,0.150000006,0,,,0,0.0322344303,0.620374799,0.196073189,15.9167824,0.56400001,0,,,0,1
127382874,0.150000006,0,,,0,0.0241758227,0.620374799,0.196073189,15.9167824,0.56400001,0,,,0,1
127384003,0.150000006,0,,,0,0.0322344303,0.620374799,0.196073189,15.9122372,0.566999972,0,,,0,1
127385130,0.150000006,0,,,0,0.0322344303,0.620374799,0.196073189,15.9167824,0.566999972,0,,,0,1
127386263,0.150000006,0,,,0,0.0322344303,0.620374799,0.196073189,15.9167824,0.569000006,0,,,0,1
127387390,0.150000006,0,,,0,0.0322344303,0.620374799,0.196073189,15.9122372,0.569000006,0,,,0,1
127388519,0.150000006,0,,,0,0.0241758227,0.620374799,0.196073189,15.9167824,0.57099998,0,,,0,1
127389645,0.150000006,0,,,0,0.0322344303,0.620374799,0.196073189,15.9122372,0.57099998,0,,,0,1
127390774,0.150000006,0,,,0,0.0322344303,0.620374799,0.196073189,15.9167824,0.573000014,0,,,0,1
127391901,0.150000006,0,,,0,0.0241758227,0.620374799,0.196073189,15.9122372,0.573000014,0,,,0,1
127393030,0.150000006,0,,,0,0.0322344303,0.620374799,0.196073189,15.9167824,0.575999975,0,,,0,1
127394157,0.150000006,0,,,0,0.0241758227,0.620374799,0.196073189,15.9167824,0.575999975,0,,,0,1
127395491,0.150000006,0,,,0,0.0241758227,0.620374799,0.196073189,15.9122372,0.578000009,0,,,0,1
127396617,0.150000006,0,,,0,0.0241758227,0.620374799,0.196073189,15.9167824,0.578000009,0,,,0,1
127397751,0.150000006,0.25,,,0.00805860758,0.0241758227,0.620374799,0.196073189,15.9167824,0.579999983,0,,,0,1
127398878,0.150000006,0,,,0,0.0241758227,0.620374799,0.196073189,15.9122372,0.579999983,0,,,0,1
127400007,0.150000006,0,,,0,0.0322344303,0.620374799,0.196073189,15.9122372,0.583000004,0,,,0,1
127401133,0.150000006,0,,,0,0.0322344303,0.620374799,0.196073189,15.9122372,0.583000004,0,,,0,1
127402263,0.150000006,0,,,0,0.0241758227,0.620374799,0.196073189,15.9167824,0.584999979,0,,,0,1
127403389,0.150000006,0,,,0,0.0322344303,0.620374799,0.196073189,15.9167824,0.584999979,0,,,0,1
127404518,0.150000006,0,,,0,0.0322344303,0.620374799,0.196073189,15.9122372,0.587000012,0,,,0,1
127405644,0.150000006,0,,,0,0.0322344303,0.620374799,0.196073189,15.9122372,0.587000012,0,,,0,1
127406774,0.150000006,0,,,0,0.0241758227,0.620374799,0.196073189,15.9122372,0.588999987,0,,,0,1
127407900,0.150000006,0,,,0,0.0322344303,0.620374799,0.196073189,15.9122372,0.588999987,0,,,0,1
127409034,0.150000006,0,,,0,0.0322344303,0.620374799,0.196073189,15.9167824,0.592000008,0,,,0,1
127410161,0.150000006,0,,,0,0.0322344303,0.620374799,0.196073189,15.9167824,0.592000008,0,,,0,1
127411291,0.150000006,0,,,0,0.0241758227,0.620374799,0.196073189,15.9167824,0.593999982,0,,,0,1
127412417,0.150000006,0,,,0,0.0322344303,0.620374799,0.196073189,15.9167824,0.593999982,0,,,0,1
127413546,0.150000006,0,,,0,0.0322344303,0.620374799,0.196073189,15.9167824,0.595999956,0,,,0,1
127414673,0.150000006,0,,,0,0.0322344303,0.620374799,0.196073189,15.9167824,0.595999956,0,,,0,1
127416006,0.150000006,0,,,0,0.0322344303,0.620374799,0.196073189,15.9167824,0.598999977,0,,,0,1
127417132,0.150000006,0,,,0,0.0322344303,0.620374799,0.196073189,15.9122372,0.598999977,0,,,0,1
127418262,0.150000006,0,,,0,0.0241758227,0.620374799,0.196073189,15.9167824,0.600999951,0,,,0,1
127419388,0.150000006,0,,,0,0.0322344303,0.620374799,0.196073189,15.9167824,0.600999951,0,,,0,1
127420522,0.150000006,0,,,0,0.0241758227,0.620374799,0.196073189,15.9167824,0.603000045,0,,,0,1
127421649,0.150000006,0,,,0,0.0241758227,0.620374799,0.196073189,15.9167824,0.603000045,0,,,0,1
127422778,0.150000006,0,,,0,0.0241758227,0.620374799,0.196073189,15.9167824,0.605000019,0,,,0,1
127423904,0.150000006,0,,,0,0.0322344303,0.620374799,0.196073189,15.9122372,0.605000019,0,,,0,1
127425034,0.150000006,0,,,0,0.0241758227,0.620374799,0.196073189,15.9167824,0.60800004,0,,,0,1
127426160,0.150000006,0,,,0,0.0322344303,0.620374799,0.196073189,15.9122372,0.60800004,0,,,0,1
127427290,0.150000006,0,,,0,0.0322344303,0.620374799,0.196073189,15.9167824,0.610000014,0,,,0,1
127428416,0.150000006,0,,,0,0.0322344303,0.620374799,0.196073189,15.9122372,0.610000014,0,,,0,1
127429545,0.150000006,0,,,0,0.0241758227,0.620374799,0.196073189,15.9167824,0.611999989,0,,,0,1
127430671,0.150000006,0,,,0,0.0322344303,0.620374799,0.196073189,15.9167824,0.611999989,0,,,0,1
127431805,0.150000006,0,,,0,0.0241758227,0.620374799,0.196073189,15.9167824,0.613999963,0,,,0,1
127432931,0.150000006,0,,,0,0.0241758227,0.620374799,0.196073189,15.9167824,0.613999963,0,,,0,1
127434061,0.150000006,0,,,0,0.0241758227,0.620374799,0.196073189,15.9167824,0.616999984,0,,,0,1
127435187,0.150000006,0,,,0,0.0402930379,0.620374799,0.196073189,15.9167824,0.616999984,0,,,0,1
127436316,0.150000006,0,,,0,0.0241758227,0.620374799,0.196073189,15.9122372,0.619000018,0,,,0,1
127437647,0.150000006,0,,,0,0.0322344303,0.620374799,0.196073189,15.9122372,0.619000018,0,,,0,1
127438776,0.150000006,0,,,0,0.0322344303,0.620374799,0.196073189,15.9167824,0.620999992,0,,,0,1
127439903,0.150000006,0,,,0,0.0241758227,0.620374799,0.196073189,15.9167824,0.620999992,0,,,0,1
127441032,0.150000006,0,,,0,0.0241758227,0.620374799,0.196073189,15.9167824,0.624000013,0,,,0,1
127442159,0.150000006,0,,,0,0.0241758227,0.620374799,0.196073189,15.9167824,0.624000013,0,,,0,1
127443293,0.150000006,0,,,0,0.0241758227,0.620374799,0.196073189,15.9122372,0.625999987,0,,,0,1
127444419,0.150000006,0,,,0,0.0322344303,0.620374799,0.196073189,15.9122372,0.625999987,0,,,0,1
127445549,0.150000006,0,,,0,0.0241758227,0.620374799,0.196073189,15.9167824,0.628000021,0,,,0,1
127446675,0.150000006,0,,,0,0.0322344303,0.620374799,0.196073189,15.9167824,0.628000021,0,,,0,1
127447805,0.150000006,0,,,0,0.0241758227,0.620374799,0.196073189,15.9167824,0.629999995,0,,,0,1
127448931,0.150000006,0,,,0,0.0241758227,0.620374799,0.196073189,15.9167824,0.629999995,0,,,0,1
127450060,0.150000006,0,,,0,0.0241758227,0.620374799,0.196073189,15.9122372,0.633000016,0,,,0,1
127451187,0.150000006,0,,,0,0.0322344303,0.620374799,0.196073189,15.9122372,0.633000016,0,,,0,1
127452316,0.150000006,0,,,0,0.0322344303,0.620374799,0.196073189,15.9167824,0.63499999,0,,,0,1
127453443,0.150000006,0,,,0,0.0241758227,0.620374799,0.196073189,15.9122372,0.63499999,0,,,0,1
127454577,0.150000006,0,,,0,0.0241758227,0.620374799,0.196073189,15.9167824,0.637000024,0,,,0,1
127455703,0.150000006,0,,,0,0.0241758227,0.620374799,0.196073189,15.9167824,0.637000024,0,,,0,1
127456833,0.150000006,0,,,0,0.0402930379,0.620374799,0.196073189,15.9167824,0.638999999,0,,,0,1
127458163,0.150000006,0,,,0,0.0322344303,0.620374799,0.196073189,15.9167824,0.638999999,0,,,0,1
127459292,0.150000006,0,,,0,0.0241758227,0.620374799,0.196073189,15.9167824,0.64200002,0,,,0,1
127460419,0.150000006,0,,,0,0.0322344303,0.620374799,0.196073189,15.9167824,0.64200002,0,,,0,1
127461549,0.150000006,0,,,0,0.0322344303,0.620374799,0.196073189,15.9122372,0.643999994,0,,,0,1
127462675,0.150000006,0,,,0,0.0322344303,0.620374799,0.196073189,15.9167824,0.643999994,0,,,0,1
127463804,0.150000006,0,,,0,0.0322344303,0.620374799,0.196073189,15.9167824,0.645999968,0,,,0,1
127464936,0.150000006,0,,,0,0.0483516455,0.620374799,0.196073189,15.9167824,0.645999968,0,,,0,1
127466065,0.150000006,0,,,0,0.0322344303,0.620374799,0.196073189,15.9122372,0.648999989,0,,,0,1
127467191,0.150000006,0,,,0,0.0241758227,0.620374799,0.196073189,15.9122372,0.648999989,0,,,0,1
127468321,0.150000006,0,,,0,0.0241758227,0.620374799,0.196073189,15.9167824,0.650999963,0,,,0,1
127469447,0.150000006,0,,,0,0.0322344303,0.620374799,0.196073189,15.9167824,0.650999963,0,,,0,1
127470577,0.150000006,0,,,0,0.0322344303,0.620374799,0.196073189,15.9167824,0.652999997,0,,,0,1
127471703,0.150000006,0,,,0,0.0241758227,0.620374799,0.196073189,15.9167824,0.652999997,0,,,0,1
127472833,0.150000006,0,,,0,0.0241758227,0.620374799,0.196073189,15.9167824,0.654999971,0,,,0,1
127473959,0.150000006,0,,,0,0.0322344303,0.620374799,0.196073189,15.9122372,0.654999971,0,,,0,1
127475089,0.150000006,0,,,0,0.0241758227,0.620374799,0.196073189,15.9167824,0.657999992,0,,,0,1
127476220,0.150000006,0,,,0,0.0241758227,0.620374799,0.196073189,15.907692,0.657999992,0,,,0,1
127477349,0.150000006,0,,,0,0.0322344303,0.620374799,0.196073189,15.9167824,0.659999967,0,,,0,1
127478476,0.150000006,0,,,0,0.0241758227,0.620374799,0.196073189,15.9122372,0.659999967,0,,,0,1
127479809,0.150000006,0,,,0,0.0322344303,0.620374799,0.196073189,15.9167824,0.662,0,,,0,1
127480935,0.150000006,0,,,0,0.0322344303,0.620374799,0.196073189,15.9167824,0.662,0,,,0,1
127482065,0.150000006,0,,,0,0.0241758227,0.620374799,0.196073189,15.9167824,0.664999962,0,,,0,1
127483191,0.150000006,0,,,0,0.0322344303,0.620374799,0.196073189,15.9167824,0.664999962,0,,,0,1
127484320,0.150000006,0,,,0,0.0322344303,0.620374799,0.196073189,15.9167824,0.666999996,0,,,0,1
127485447,0.150000006,0,,,0,0.0241758227,0.620374799,0.196073189,15.9167824,0.666999996,0,,,0,1
127486576,0.150000006,0,,,0,0.0241758227,0.620374799,0.196073189,15.9122372,0.66900003,0,,,0,1
127487707,0.150000006,0,,,0,0.0241758227,0.620374799,0.196073189,15.9167824,0.66900003,0,,,0,1
127488837,0.150000006,0,,,0,0.0322344303,0.620374799,0.196073189,15.9167824,0.671000004,0,,,0,1
127489963,0.150000006,0,,,0,0.0241758227,0.620374799,0.196073189,15.9122372,0.671000004,0,,,0,1
127491093,0.150000006,0,,,0,0.0322344303,0.620374799,0.196073189,15.9167824,0.674000025,0,,,0,1
127492219,0.150000006,0,,,0,0.0241758227,0.620374799,0.196073189,15.9122372,0.674000025,0,,,0,1
127493349,0.150000006,0,,,0,0.0241758227,0.620374799,0.196073189,15.9167824,0.675999999,0,,,0,1
127494475,0.150000006,0,,,0,0.0241758227,0.620374799,0.196073189,15.9167824,0.675999999,0,,,0,1
127495604,0.150000006,0,,,0,0.0241758227,0.620374799,0.196073189,15.9167824,0.677999973,0,,,0,1
127496731,0.150000006,0,,,0,0.0241758227,0.620374799,0.196073189,15.9213276,0.677999973,0,,,0,1
127497861,0.150000006,0,,,0,0.0402930379,0.620374799,0.196073189,15.9122372,0.680000007,0,,,0,1
127498992,0.150000006,0,,,0,0.0322344303,0.620374799,0.196073189,15.9167824,0.680000007,0,,,0,1
127500325,0.150000006,0,,,0,0.0322344303,0.620374799,0.196073189,15.9167824,0.682999969,0,,,0,1
127501452,0.150000006,0,,,0,0.0241758227,0.620374799,0.196073189,15.9122372,0.682999969,0,,,0,1
127502581,0.150000006,0,,,0,0.0241758227,0.620374799,0.196073189,15.9167824,0.685000002,0,,,0,1
127503707,0.150000006,0,,,0,0.0241758227,0.620374799,0.196073189,15.9167824,0.685000002,0,,,0,1
127504837,0.150000006,0,,,0,0.0241758227,0.620374799,0.196073189,15.9167824,0.687000036,0,,,0,1
127505964,0.150000006,0,,,0,0.0241758227,0.620374799,0.196073189,15.9167824,0.687000036,0,,,0,1
127507093,0.150000006,0,,,0,0.0241758227,0.620374799,0.196073189,15.9167824,0.689999998,0,,,0,1
127508219,0.150000006,0,,,0,0.0322344303,0.620374799,0.196073189,15.9122372,0.689999998,0,,,0,1
127509349,0.150000006,0,,,0,0.0322344303,0.620374799,0.196073189,15.9213276,0.692000031,0,,,0,1
127510480,0.150000006,0,,,0,0.0241758227,0.620374799,0.196073189,15.9167824,0.692000031,0,,,0,1
127511609,0.150000006,0,,,0,0.0241758227,0.620374799,0.196073189,15.9167824,0.694000006,0,,,0,1
127512736,0.150000006,0,,,0,0.0322344303,0.620374799,0.196073189,15.9167824,0.694000006,0,,,0,1
127513865,0.150000006,0,,,0,0.0241758227,0.620374799,0.196073189,15.9167824,0.69599998,0,,,0,1
127514991,0.150000006,0,,,0,0.0322344303,0.620374799,0.196073189,15.9167824,0.69599998,0,,,0,1
127516120,0.150000006,0,,,0,0.0241758227,0.620374799,0.196073189,15.9167824,0.699000001,0,,,0,1
127517247,0.150000006,0,,,0,0.0241758227,0.620374799,0.196073189,15.9122372,0.699000001,0,,,0,1
127518376,0.150000006,0,,,0,0.0241758227,0.620374799,0.196073189,15.9122372,0.701000035,0,,,0,1
127519503,0.150000006,0,,,0,0.0322344303,0.620374799,0.196073189,15.9122372,0.701000035,0,,,0,1
127520837,0.150000006,0,,,0,0.0241758227,0.620374799,0.196073189,15.9167824,0.703000009,0,,,0,1
127521968,0.150000006,0,,,0,0.0322344303,0.620374799,0.196073189,15.9167824,0.703000009,0,,,0,1
127523097,0.150000006,0,,,0,0.0322344303,0.620374799,0.196073189,15.9167824,0.70600003,0,,,0,1
127524224,0.150000006,0,,,0,0.0322344303,0.620374799,0.196073189,15.9122372,0.70600003,0,,,0,1
127525353,0.150000006,0,,,0,0.0241758227,0.620374799,0.196073189,15.9167824,0.708000004,0,,,0,1
127526479,0.150000006,0,,,0,0.0322344303,0.620374799,0.196073189,15.9167824,0.708000004,0,,,0,1
127527609,0.150000006,0,,,0,0.0241758227,0.620374799,0.196073189,15.9167824,0.709999979,0,,,0,1
127528735,0.150000006,0,,,0,0.0402930379,0.620374799,0.196073189,15.9122372,0.709999979,0,,,0,1
127529865,0.150000006,0,,,0,0.0322344303,0.620374799,0.196073189,15.9167824,0.712000012,0,,,0,1
127530991,0.150000006,0,,,0,0.0322344303,0.620374799,0.196073189,15.9167824,0.712000012,0,,,0,1
127532125,0.150000006,0,,,0,0.0322344303,0.620374799,0.196073189,15.9167824,0.714999974,0,,,0,1
127533252,0.150000006,0,,,0,0.0322344303,0.620374799,0.196073189,15.9122372,0.714999974,0,,,0,1
127534381,0.150000006,0,,,0,0.0241758227,0.620374799,0.196073189,15.9167824,0.717000008,0,,,0,1
127535508,0.150000006,0,,,0,0.0241758227,0.620374799,0.196073189,15.9167824,0.717000008,0,,,0,1
127536637,0.150000006,0,,,0,0.0322344303,0.620374799,0.196073189,15.9167824,0.718999982,0,,,0,1
127537763,0.150000006,0,,,0,0.0322344303,0.620374799,0.196073189,15.9167824,0.718999982,0,,,0,1
127538892,0.150000006,0,,,0,0.0322344303,0.620374799,0.196073189,15.9167824,0.721000016,0,,,0,1
127540018,0.150000006,0,,,0,0.0241758227,0.620374799,0.196073189,15.9167824,0.721000016,0,,,0,1
127541147,0.150000006,0,,,0,0.0322344303,0.620374799,0.196073189,15.9167824,0.723999977,0,,,0,1
127542478,0.150000006,0,,,0,0.0241758227,0.620374799,0.196073189,15.9167824,0.723999977,0,,,0,1
127543612,0.150000006,0,,,0,0.0322344303,0.620374799,0.196073189,15.9167824,0.726000011,0,,,0,1
127544738,0.150000006,0,,,0,0.0322344303,0.620374799,0.196073189,15.9122372,0.726000011,0,,,0,1
127545868,0.150000006,0,,,0,0.0241758227,0.620374799,0.196073189,15.9167824,0.727999985,0,,,0,1
127546994,0.150000006,0,,,0,0.0322344303,0.620374799,0.196073189,15.9167824,0.727999985,0,,,0,1
127548123,0.150000006,0,,,0,0.0322344303,0.620374799,0.196073189,15.9167824,0.731000006,0,,,0,1
127549250,0.150000006,0,,,0,0.0241758227,0.620374799,0.196073189,15.9167824,0.731000006,0,,,0,1
127550379,0.150000006,0,,,0,0.0241758227,0.620374799,0.196073189,15.9167824,0.73299998,0,,,0,1
127551506,0.150000006,0,,,0,0.0322344303,0.620374799,0.196073189,15.9167824,0.73299998,0,,,0,1
127552636,0.150000006,0,,,0,0.0241758227,0.620374799,0.196073189,15.9167824,0.735000014,0,,,0,1
127553762,0.150000006,0,,,0,0.0322344303,0.620374799,0.196073189,15.9167824,0.735000014,0,,,0,1
127554897,0.150000006,0,,,0,0.0322344303,0.620374799,0.196073189,15.9167824,0.736999989,0,,,0,1
127556023,0.150000006,0,,,0,0.0241758227,0.620374799,0.196073189,15.9167824,0.736999989,0,,,0,1
127557152,0.150000006,0,,,0,0.0241758227,0.620374799,0.196073189,15.9167824,0.74000001,0,,,0,1
127558279,0.150000006,0,,,0,0.0322344303,0.620374799,0.196073189,15.9167824,0.74000001,0,,,0,1
127559408,0.150000006,0,,,0,0.0241758227,0.620374799,0.196073189,15.9167824,0.741999984,0,,,0,1
127560534,0.150000006,0,,,0,0.0322344303,0.620374799,0.196073189,15.9122372,0.741999984,0,,,0,1
127561663,0.150000006,0,,,0,0.0241758227,0.620374799,0.196073189,15.9167824,0.743999958,0,,,0,1
127562994,0.150000006,0,,,0,0.0241758227,0.620374799,0.196073189,15.9122372,0.743999958,0,,,0,1
127564124,0.150000006,0,,,0,0.0241758227,0.620374799,0.196073189,15.9122372,0.746999979,0,,,0,1
127565250,0.150000006,0,,,0,0.0241758227,0.620374799,0.196073189,15.9167824,0.746999979,0,,,0,1
127566384,0.150000006,0,,,0,0.0322344303,0.620374799,0.196073189,15.9167824,0.748999953,0,,,0,1
127567510,0.150000006,0,,,0,0.0322344303,0.620374799,0.196073189,15.9167824,0.748999953,0,,,0,1
127568640,0.150000006,0,,,0,0.0241758227,0.620374799,0.196073189,15.9167824,0.751000047,0,,,0,1
127569766,0.150000006,0,,,0,0.0241758227,0.620374799,0.196073189,15.9167824,0.751000047,0,,,0,1
127570896,0.150000006,0,,,0,0.0241758227,0.620374799,0.196073189,15.9167824,0.752999961,0,,,0,1
127572022,0.150000006,0,,,0,0.0322344303,0.620374799,0.196073189,15.9122372,0.752999961,0,,,0,1
127573151,0.150000006,0,,,0,0.0322344303,0.620374799,0.196073189,15.9167824,0.756000042,0,,,0,1
127574277,0.150000006,0,,,0,0.0402930379,0.620374799,0.196073189,15.9167824,0.756000042,0,,,0,1
127575407,0.150000006,0,,,0,0.0402930379,0.620374799,0.196073189,15.9213276,0.757999957,0,,,0,1
127576533,0.150000006,0,,,0,0.0322344303,0.620374799,0.196073189,15.9167824,0.757999957,0,,,0,1
127577667,0.150000006,0,,,0,0.0322344303,0.620374799,0.196073189,15.9167824,0.75999999,0,,,0,1
127578793,0.150000006,0,,,0,0.0402930379,0.620374799,0.196073189,15.9122372,0.75999999,0,,,0,1
127579922,0.150000006,0,,,0,0.0161172152,0.620374799,0.196073189,15.9167824,0.762000024,0,,,0,1
127581049,0.150000006,0,,,0,0.0241758227,0.620374799,0.196073189,15.9167824,0.762000024,0,,,0,1
127582178,0.150000006,0,,,0,0.0322344303,0.620374799,0.196073189,15.9167824,0.764999986,0,,,0,1
127583305,0.150000006,0,,,0,0.0241758227,0.620374799,0.196073189,15.9167824,0.764999986,0,,,0,1
127584638,0.150000006,0,,,0,0.0322344303,0.620374799,0.196073189,15.9167824,0.76700002,0,,,0,1
127585765,0.150000006,0,,,0,0.0241758227,0.620374799,0.196073189,15.9167824,0.76700002,0,,,0,1
127586895,0.150000006,0,,,0,0.0241758227,0.620374799,0.196073189,15.9122372,0.768999934,0,,,0,1
127588021,0.150000006,0,,,0,0.0241758227,0.620374799,0.196073189,15.9167824,0.768999934,0,,,0,1
127589156,0.150000006,0,,,0,0.0161172152,0.620374799,0.196073189,15.9167824,0.772000015,0,,,0,1
127590282,0.150000006,0,,,0,0.0322344303,0.620374799,0.196073189,15.9167824,0.772000015,0,,,0,1
127591411,0.150000006,0,,,0,0.0161172152,0.620374799,0.196073189,15.9167824,0.773999929,0,,,0,1
127592538,0.150000006,0,,,0,0.0402930379,0.620374799,0.196073189,15.9167824,0.773999929,0,,,0,1
127593667,0.150000006,0,,,0,0.0322344303,0.620374799,0.196073189,15.9167824,0.776000023,0,,,0,1
127594793,0.150000006,0,,,0,0.0241758227,0.620374799,0.196073189,15.9167824,0.776000023,0,,,0,1
127595922,0.150000006,0,,,0,0.0241758227,0.620374799,0.196073189,15.9167824,0.777999997,0,,,0,1
127597049,0.150000006,0,,,0,0.0241758227,0.620374799,0.196073189,15.9167824,0.777999997,0,,,0,1
127598179,0.150000006,0,,,0,0.0322344303,0.620374799,0.196073189,15.9167824,0.781000018,0,,,0,1
127599305,0.150000006,0,,,0,0.0241758227,0.620374799,0.196073189,15.9167824,0.781000018,0,,,0,1
127600440,0.150000006,0,,,0,0.0322344303,0.620374799,0.196073189,15.9167824,0.782999992,0,,,0,1
127601566,0.150000006,0,,,0,0.0322344303,0.620374799,0.196073189,15.9122372,0.782999992,0,,,0,1
127602695,0.150000006,0,,,0,0.0322344303,0.620374799,0.196073189,15.9122372,0.784999967,0,,,0,1
127603822,0.150000006,0,,,0,0.0241758227,0.620374799,0.196073189,15.9167824,0.784999967,0,,,0,1
127605156,0.150000006,0,,,0,0.0241758227,0.620374799,0.196073189,15.9167824,0.787999988,0,,,0,1
127606282,0.150000006,0,,,0,0.0322344303,0.620374799,0.196073189,15.9167824,0.787999988,0,,,0,1
127607411,0.150000006,0,,,0,0.0322344303,0.620374799,0.196073189,15.9167824,0.789999962,0,,,0,1
127608538,0.150000006,0,,,0,0.0322344303,0.620374799,0.196073189,15.9167824,0.789999962,0,,,0,1
127609667,0.150000006,0,,,0,0.0241758227,0.620374799,0.196073189,15.9167824,0.791999996,0,,,0,1
127610799,0.150000006,0,,,0,0.0322344303,0.620374799,0.196073189,15.9122372,0.791999996,0,,,0,1
127611928,0.150000006,0,,,0,0.0241758227,0.620374799,0.196073189,15.9213276,0.79400003,0,,,0,1
127613054,0.150000006,0,,,0,0.0241758227,0.620374799,0.196073189,15.9167824,0.79400003,0,,,0,1
127614183,0.150000006,0,,,0,0.0322344303,0.620374799,0.196073189,15.9122372,0.796999991,0,,,0,1
127615310,0.150000006,0,,,0,0.0402930379,0.620374799,0.196073189,15.9167824,0.796999991,0,,,0,1
127616440,0.150000006,0,,,0,0.0402930379,0.620374799,0.196073189,15.9122372,0.799000025,0,,,0,1
127617566,0.150000006,0,,,0,0.0322344303,0.620374799,0.196073189,15.9122372,0.799000025,0,,,0,1
127618695,0.150000006,0,,,0,0.0322344303,0.620374799,0.196073189,15.9167824,0.800999999,0,,,0,1
127619822,0.150000006,0,,,0,0.0241758227,0.620374799,0.196073189,15.9167824,0.800999999,0,,,0,1
127620951,0.150000006,0,,,0,0.0241758227,0.620374799,0.196073189,15.9167824,0.802999973,0,,,0,1
127622083,0.150000006,0,,,0,0.0322344303,0.620374799,0.196073189,15.9167824,0.802999973,0,,,0,1
127623212,0.150000006,0,,,0,0.0322344303,0.620374799,0.196073189,15.9167824,0.805999994,0,,,0,1
127624338,0.150000006,0,,,0,0.0322344303,0.620374799,0.196073189,15.9167824,0.805999994,0,,,0,1
127625468,0.150000006,0,,,0,0.0161172152,0.620374799,0.196073189,15.9167824,0.807999969,0,,,0,1
127626798,0.150000006,0,,,0,0.0241758227,0.620374799,0.196073189,15.9167824,0.807999969,0,,,0,1
127627928,0.150000006,0,,,0,0.0322344303,0.620374799,0.196073189,15.9167824,0.810000062,0,,,0,1
127629055,0.150000006,0,,,0,0.0322344303,0.620374799,0.196073189,15.9122372,0.810000062,0,,,0,1
127630184,0.150000006,0,,,0,0.0322344303,0.620374799,0.196073189,15.9167824,0.812999964,0,,,0,1
127631311,0.150000006,0,,,0,0.0241758227,0.620374799,0.196073189,15.9167824,0.812999964,0,,,0,1
127632440,0.150000006,0,,,0,0.0241758227,0.620374799,0.196073189,15.9167824,0.815000057,0,,,0,1
127633572,0.150000006,0,,,0,0.0322344303,0.620374799,0.196073189,15.9167824,0.815000057,0,,,0,1
127634701,0.150000006,0,,,0,0.0241758227,0.620374799,0.196073189,15.9122372,0.816999972,0,,,0,1
127635827,0.150000006,0,,,0,0.0241758227,0.620374799,0.196073189,15.9167824,0.816999972,0,,,0,1
127636957,0.150000006,0,,,0,0.0322344303,0.620374799,0.196073189,15.9167824,0.819000006,0,,,0,1
127638083,0.150000006,0,,,0,0.0322344303,0.620374799,0.196073189,15.9167824,0.819000006,0,,,0,1
127639212,0.150000006,0,,,0,0.0241758227,0.620374799,0.196073189,15.9122372,0.821999967,0,,,0,1
127640339,0.150000006,0,,,0,0.0322344303,0.620374799,0.196073189,15.9167824,0.821999967,0,,,0,1
127641469,0.150000006,0,,,0,0.0322344303,0.620374799,0.196073189,15.9122372,0.824000001,0,,,0,1
127642595,0.150000006,0,,,0,0.0322344303,0.620374799,0.196073189,15.9167824,0.824000001,0,,,0,1
127643725,0.150000006,0,,,0,0.0241758227,0.620374799,0.196073189,15.9167824,0.826000035,0,,,0,1
127644856,0.150000006,0,,,0,0.0322344303,0.620374799,0.196073189,15.9167824,0.826000035,0,,,0,1
127645985,0.150000006,0,,,0,0.0402930379,0.620374799,0.196073189,15.9122372,0.827999949,0,,,0,1
127647316,0.150000006,0,,,0,0.0241758227,0.620374799,0.196073189,15.9167824,0.827999949,0,,,0,1
127648446,0.150000006,0,,,0,0.0322344303,0.620374799,0.196073189,15.9167824,0.83100003,0,,,0,1
127649572,0.150000006,0,,,0,0.0241758227,0.620374799,0.196073189,15.9122372,0.83100003,0,,,0,1
127650701,0.150000006,0,,,0,0.0241758227,0.620374799,0.196073189,15.9167824,0.832999945,0,,,0,1
127651828,0.150000006,0,,,0,0.0322344303,0.620374799,0.196073189,15.9167824,0.832999945,0,,,0,1
127652957,0.150000006,0,,,0,0.0322344303,0.620374799,0.196073189,15.9122372,0.835000038,0,,,0,1
127654083,0.150000006,0,,,0,0.0241758227,0.620374799,0.196073189,15.9167824,0.835000038,0,,,0,1
127655213,0.150000006,0,,,0,0.0241758227,0.620374799,0.196073189,15.9122372,0.83799994,0,,,0,1
127656344,0.150000006,0,,,0,0.0241758227,0.620374799,0.196073189,15.9213276,0.83799994,0,,,0,1
127657474,0.150000006,0,,,0,0.0483516455,0.620374799,0.196073189,15.9167824,0.840000033,0,,,0,1
127658601,0.150000006,0,,,0,0.0241758227,0.620374799,0.196073189,15.9167824,0.840000033,0,,,0,1
127659730,0.150000006,0,,,0,0.0322344303,0.620374799,0.196073189,15.9167824,0.842000008,0,,,0,1
127660856,0.150000006,0,,,0,0.0322344303,0.620374799,0.196073189,15.9122372,0.842000008,0,,,0,1
127661986,0.150000006,0,,,0,0.0241758227,0.620374799,0.196073189,15.9167824,0.843999982,0,,,0,1
127663112,0.150000006,0,,,0,0.0241758227,0.620374799,0.196073189,15.9167824,0.843999982,0,,,0,1
127664241,0.150000006,0,,,0,0.0322344303,0.620374799,0.196073189,15.9122372,0.847000003,0,,,0,1
127665368,0.150000006,0,,,0,0.0322344303,0.620374799,0.196073189,15.9167824,0.847000003,0,,,0,1
127666498,0.150000006,0,,,0,0.0241758227,0.620374799,0.196073189,15.9167824,0.848999977,0,,,0,1
127667833,0.150000006,0,,,0,0.0322344303,0.620374799,0.196073189,15.9122372,0.848999977,0,,,0,1
127668962,0.150000006,0,,,0,0.0241758227,0.620374799,0.196073189,15.9167824,0.851000011,0,,,0,1
127670088,0.150000006,0,,,0,0.0241758227,0.620374799,0.196073189,15.9122372,0.851000011,0,,,0,1
127671218,0.150000006,0,,,0,0.0322344303,0.620374799,0.196073189,15.9122372,0.853999972,0,,,0,1
127672344,0.150000006,0,,,0,0.0161172152,0.620374799,0.196073189,15.9167824,0.853999972,0,,,0,1
127673474,0.150000006,0,,,0,0.0322344303,0.620374799,0.196073189,15.9167824,0.856000006,0,,,0,1
127674600,0.150000006,0,,,0,0.0241758227,0.620374799,0.196073189,15.9122372,0.856000006,0,,,0,1
127675729,0.150000006,0,,,0,0.0322344303,0.620374799,0.196073189,15.9167824,0.85800004,0,,,0,1
127676855,0.150000006,0,,,0,0.0402930379,0.620374799,0.196073189,15.9167824,0.85800004,0,,,0,1
127677990,0.150000006,0,,,0,0.0322344303,0.620374799,0.196073189,15.9122372,0.860000014,0,,,0,1
127679116,0.150000006,0,,,0,0.0241758227,0.620374799,0.196073189,15.9167824,0.860000014,0,,,0,1
127680245,0.150000006,0,,,0,0.0241758227,0.620374799,0.196073189,15.9167824,0.863000035,0,,,0,1
127681372,0.150000006,0,,,0,0.0322344303,0.620374799,0.196073189,15.9167824,0.863000035,0,,,0,1
127682501,0.150000006,0,,,0,0.0322344303,0.620374799,0.196073189,15.9167824,0.86500001,0,,,0,1
127683627,0.150000006,0,,,0,0.0322344303,0.620374799,0.196073189,15.9122372,0.86500001,0,,,0,1
127684757,0.150000006,0,,,0,0.0322344303,0.620374799,0.196073189,15.9167824,0.866999984,0,,,0,1
127685884,0.150000006,0,,,0,0.0322344303,0.620374799,0.196073189,15.9167824,0.866999984,0,,,0,1
127687013,0.150000006,0,,,0,0.0241758227,0.620374799,0.196073189,15.9122372,0.870000005,0,,,0,1
127688139,0.150000006,0,,,0,0.0322344303,0.620374799,0.196073189,15.9122372,0.870000005,0,,,0,1
127689477,0.150000006,0,,,0,0.0322344303,0.620374799,0.196073189,15.9122372,0.871999979,0,,,0,1
127690604,0.150000006,0,,,0,0.0322344303,0.620374799,0.196073189,15.9167824,0.871999979,0,,,0,1
127691734,0.150000006,0,,,0,0.0483516455,0.620374799,0.196073189,15.9122372,0.874000072,0,,,0,1
127692860,0.150000006,0,,,0,0.0241758227,0.620374799,0.196073189,15.9167824,0.874000072,0,,,0,1
127693989,0.150000006,0,,,0,0.0241758227,0.620374799,0.196073189,15.9167824,0.875999987,0,,,0,1
127695116,0.150000006,0,,,0,0.0241758227,0.620374799,0.196073189,15.9167824,0.875999987,0,,,0,1
127696245,0.150000006,0,,,0,0.0322344303,0.620374799,0.196073189,15.9167824,0.879000068,0,,,0,1
127697372,0.150000006,0,,,0,0.0322344303,0.620374799,0.196073189,15.9167824,0.879000068,0,,,0,1
127698501,0.150000006,0,,,0,0.0241758227,0.620374799,0.196073189,15.9122372,0.880999982,0,,,0,1
127699628,0.150000006,0,,,0,0.0241758227,0.620374799,0.196073189,15.9167824,0.880999982,0,,,0,1
127700762,0.150000006,0,,,0,0.0322344303,0.620374799,0.196073189,15.9167824,0.883000016,0,,,0,1
127701888,0.150000006,0,,,0,0.0322344303,0.620374799,0.196073189,15.9167824,0.883000016,0,,,0,1
127703018,0.150000006,0,,,0,0.0241758227,0.620374799,0.196073189,15.9167824,0.885999978,0,,,0,1
127704144,0.150000006,0,,,0,0.0241758227,0.620374799,0.196073189,15.9167824,0.885999978,0,,,0,1
127705274,0.150000006,0,,,0,0.0241758227,0.620374799,0.196073189,15.9167824,0.888000011,0,,,0,1
127706400,0.150000006,0,,,0,0.0322344303,0.620374799,0.196073189,15.9167824,0.888000011,0,,,0,1
127707529,0.150000006,0,,,0,0.0322344303,0.620374799,0.196073189,15.9167824,0.889999986,0,,,0,1
127708656,0.150000006,0,,,0,0.0322344303,0.620374799,0.196073189,15.9122372,0.889999986,0,,,0,1
127709989,0.150000006,0,,,0,0.0241758227,0.620374799,0.196073189,15.9167824,0.89199996,0,,,0,1
127711115,0.150000006,0,,,0,0.0241758227,0.620374799,0.196073189,15.9122372,0.89199996,0,,,0,1
127712250,0.150000006,0,,,0,0.0322344303,0.620374799,0.196073189,15.9167824,0.895000041,0,,,0,1
127713376,0.150000006,0,,,0,0.056410253,0.620374799,0.196073189,15.9167824,0.895000041,0,,,0,1
127714505,0.150000006,0,,,0,0.0322344303,0.620374799,0.196073189,15.9167824,0.896999955,0,,,0,1
127715632,0.150000006,0,,,0,0.0241758227,0.620374799,0.196073189,15.9167824,0.896999955,0,,,0,1
127716761,0.150000006,0,,,0,0.0322344303,0.620374799,0.196073189,15.9122372,0.899000049,0,,,0,1
127717887,0.150000006,0,,,0,0.0241758227,0.620374799,0.196073189,15.9167824,0.899000049,0,,,0,1
127719016,0.150000006,0,,,0,0.0322344303,0.620374799,0.196073189,15.9122372,0.90199995,0,,,0,1
127720143,0.150000006,0,,,0,0.0241758227,0.620374799,0.196073189,15.9167824,0.90199995,0,,,0,1
127721272,0.150000006,0,,,0,0.0402930379,0.620374799,0.196073189,15.9122372,0.904000044,0,,,0,1
127722399,0.150000006,0,,,0,0.0241758227,0.620374799,0.196073189,15.9167824,0.904000044,0,,,0,1
127723533,0.150000006,0,,,0,0.0241758227,0.620374799,0.196073189,15.9167824,0.905999959,0,,,0,1
127724659,0.150000006,0,,,0,0.0241758227,0.620374799,0.196073189,15.9167824,0.905999959,0,,,0,1
127725789,0.150000006,0,,,0,0.0322344303,0.620374799,0.196073189,15.9167824,0.907999992,0,,,0,1
127726915,0.150000006,0,,,0,0.0161172152,0.620374799,0.196073189,15.9167824,0.907999992,0,,,0,1
127728045,0.150000006,0,,,0,0.0402930379,0.620374799,0.196073189,15.9167824,0.911000013,0,,,0,1
127729171,0.150000006,0,,,0,0.0322344303,0.620374799,0.196073189,15.9167824,0.911000013,0,,,0,1
127730300,0.150000006,0,,,0,0.0241758227,0.620374799,0.196073189,15.9167824,0.912999988,0,,,0,1
127731631,0.150000006,0,,,0,0.0241758227,0.620374799,0.196073189,15.9122372,0.912999988,0,,,0,1
127732760,0.150000006,0,,,0,0.0241758227,0.620374799,0.196073189,15.9167824,0.915000021,0,,,0,1
127733887,0.150000006,0,,,0,0.0322344303,0.620374799,0.196073189,15.9167824,0.915000021,0,,,0,1
127735020,0.150000006,0,,,0,0.0322344303,0.620374799,0.196073189,15.9167824,0.917999983,0,,,0,1
127736147,0.150000006,0,,,0,0.0322344303,0.620374799,0.196073189,15.9122372,0.917999983,0,,,0,1
127737276,0.150000006,0,,,0,0.0241758227,0.620374799,0.196073189,15.9167824,0.920000017,0,,,0,1
127738402,0.150000006,0,,,0,0.0322344303,0.620374799,0.196073189,15.9213276,0.920000017,0,,,0,1
127739532,0.150000006,0,,,0,0.0241758227,0.620374799,0.196073189,15.9167824,0.921999931,0,,,0,1
127740659,0.150000006,0,,,0,0.0322344303,0.620374799,0.196073189,15.9167824,0.921999931,0,,,0,1
127741788,0.150000006,0,,,0,0.0241758227,0.620374799,0.196073189,15.9167824,0.924000025,0,,,0,1
127742914,0.150000006,0,,,0,0.0241758227,0.620374799,0.196073189,15.9122372,0.924000025,0,,,0,1
127744044,0.150000006,0,,,0,0.0241758227,0.620374799,0.196073189,15.9122372,0.926999927,0,,,0,1
127745170,0.150000006,0,,,0,0.0241758227,0.620374799,0.196073189,15.9122372,0.926999927,0,,,0,1
127746304,0.150000006,0,,,0,0.0322344303,0.620374799,0.196073189,15.9167824,0.92900002,0,,,0,1
127747431,0.150000006,0,,,0,0.0241758227,0.620374799,0.196073189,15.9167824,0.92900002,0,,,0,1
127748560,0.150000006,0,,,0,0.0241758227,0.620374799,0.196073189,15.9167824,0.930999994,0,,,0,1
127749687,0.150000006,0,,,0,0.0241758227,0.620374799,0.196073189,15.9167824,0.930999994,0,,,0,1
127750816,0.150000006,0,,,0,0.0241758227,0.620374799,0.196073189,15.9167824,0.932999969,0,,,0,1
127752147,0.150000006,0,,,0,0.0322344303,0.620374799,0.196073189,15.9167824,0.932999969,0,,,0,1
127753276,0.150000006,0,,,0,0.0241758227,0.620374799,0.196073189,15.9167824,0.93599999,0,,,0,1
127754403,0.150000006,0,,,0,0.0241758227,0.620374799,0.196073189,15.9167824,0.93599999,0,,,0,1
127755532,0.150000006,0,,,0,0.0322344303,0.620374799,0.196073189,15.9167824,0.937999964,0,,,0,1
127756663,0.150000006,0,,,0,0.0402930379,0.620374799,0.196073189,15.9167824,0.937999964,0,,,0,1
127757793,0.150000006,0,,,0,0.0322344303,0.620374799,0.196073189,15.9213276,0.939999998,0,,,0,1
127758919,0.150000006,0,,,0,0.0241758227,0.620374799,0.196073189,15.9167824,0.939999998,0,,,0,1
127760049,0.150000006,0,,,0,0.0241758227,0.620374799,0.196073189,15.9167824,0.942999959,0,,,0,1
127761175,0.150000006,0,,,0,0.0241758227,0.620374799,0.196073189,15.9167824,0.942999959,0,,,0,1
127762305,0.150000006,0,,,0,0.0402930379,0.620374799,0.196073189,15.9122372,0.944999993,0,,,0,1
127763431,0.150000006,0,,,0,0.0322344303,0.620374799,0.196073189,15.9167824,0.944999993,0,,,0,1
127764561,0.150000006,0,,,0,0.0322344303,0.620374799,0.196073189,15.9167824,0.947000027,0,,,0,1
127765687,0.150000006,0,,,0,0.0322344303,0.620374799,0.196073189,15.9167824,0.947000027,0,,,0,1
127766817,0.150000006,0,,,0,0.0322344303,0.620374799,0.196073189,15.9167824,0.949000001,0,,,0,1
127767948,0.150000006,0,,,0,0.0322344303,0.620374799,0.196073189,15.9122372,0.949000001,0,,,0,1
127769078,0.150000006,0,,,0,0.0241758227,0.620374799,0.196073189,15.9167824,0.952000022,0,,,0,1
127770204,0.150000006,0,,,0,0.0322344303,0.620374799,0.196073189,15.9122372,0.952000022,0,,,0,1
127771333,0.150000006,0,,,0,0.0241758227,0.620374799,0.196073189,15.9167824,0.953999996,0,,,0,1
127772460,0.150000006,0,,,0,0.0402930379,0.620374799,0.196073189,15.9167824,0.953999996,0,,,0,1
127773793,0.150000006,0.200000003,,,0.00805860758,0.0322344303,0.620374799,0.196073189,15.9122372,0.95599997,0,,,0,1
127774920,0.150000006,0,,,0,0.0322344303,0.620374799,0.196073189,15.9122372,0.95599997,0,,,0,1
127776049,0.150000006,0,,,0,0.0322344303,0.620374799,0.196073189,15.9167824,0.958999991,0,,,0,1
127777175,0.150000006,0,,,0,0.0322344303,0.620374799,0.196073189,15.9122372,0.958999991,0,,,0,1
127778305,0.150000006,0,,,0,0.0322344303,0.620374799,0.196073189,15.9167824,0.960999966,0,,,0,1
127779436,0.150000006,0,,,0,0.0241758227,0.620374799,0.196073189,15.9122372,0.960999966,0,,,0,1
127780565,0.150000006,0,,,0,0.0322344303,0.620374799,0.196073189,15.9213276,0.963000059,0,,,0,1
127781692,0.150000006,0,,,0,0.0322344303,0.620374799,0.196073189,15.9122372,0.963000059,0,,,0,1
127782822,0.150000006,0,,,0,0.0322344303,0.620374799,0.196073189,15.9167824,0.964999974,0,,,0,1
127783948,0.150000006,0,,,0,0.0322344303,0.620374799,0.196073189,15.9167824,0.964999974,0,,,0,1
127785077,0.150000006,0,,,0,0.0241758227,0.620374799,0.196073189,15.9167824,0.968000054,0,,,0,1
127786204,0.150000006,0,,,0,0.0241758227,0.620374799,0.196073189,15.9167824,0.968000054,0,,,0,1
127787333,0.150000006,0,,,0,0.0241758227,0.620374799,0.196073189,15.9167824,0.969999969,0,,,0,1
127788459,0.150000006,0,,,0,0.0483516455,0.620374799,0.196073189,15.9122372,0.969999969,0,,,0,1
127789589,0.150000006,0,,,0,0.0322344303,0.620374799,0.196073189,15.9167824,0.972000003,0,,,0,1
127790720,0.150000006,0,,,0,0.0241758227,0.620374799,0.196073189,15.9167824,0.972000003,0,,,0,1
127791849,0.150000006,0,,,0,0.0322344303,0.620374799,0.196073189,15.9167824,0.974000037,0,,,0,1
127792976,0.150000006,0,,,0,0.0161172152,0.620374799,0.196073189,15.9122372,0.974000037,0,,,0,1
127794310,0.150000006,0,,,0,0.0241758227,0.620374799,0.196073189,15.9167824,0.976999998,0,,,0,1
127795436,0.150000006,0,,,0,0.0241758227,0.620374799,0.196073189,15.9167824,0.976999998,0,,,0,1
127796566,0.150000006,0,,,0,0.0322344303,0.620374799,0.196073189,15.9167824,0.979000032,0,,,0,1
127797692,0.150000006,0,,,0,0.0241758227,0.620374799,0.196073189,15.9122372,0.979000032,0,,,0,1
127798821,0.150000006,0,,,0,0.0241758227,0.620374799,0.196073189,15.9213276,0.980999947,0,,,0,1
127799947,0.150000006,0,,,0,0.0322344303,0.620374799,0.196073189,15.9122372,0.980999947,0,,,0,1
127801077,0.150000006,0,,,0,0.0241758227,0.620374799,0.196073189,15.9167824,0.984000027,0,,,0,1
127802208,0.150000006,0,,,0,0.0322344303,0.620374799,0.196073189,15.9122372,0.984000027,0,,,0,1
127803337,0.150000006,0,,,0,0.0241758227,0.620374799,0.196073189,15.9167824,0.985999942,0,,,0,1
127804463,0.150000006,0,,,0,0.0322344303,0.620374799,0.196073189,15.9122372,0.985999942,0,,,0,1
127805592,0.150000006,0,,,0,0.0322344303,0.620374799,0.196073189,15.9167824,0.988000035,0,,,0,1
127806718,0.150000006,0,,,0,0.0322344303,0.620374799,0.196073189,15.9167824,0.988000035,0,,,0,1
127807848,0.150000006,0,,,0,0.0322344303,0.620374799,0.196073189,15.9122372,0.99000001,0,,,0,1
127808974,0.150000006,0,,,0,0.0241758227,0.620374799,0.196073189,15.9167824,0.99000001,0,,,0,1
127810103,0.150000006,0,,,0,0.0241758227,0.620374799,0.196073189,15.9167824,0.993000031,0,,,0,1
127811229,0.150000006,0,,,0,0.0241758227,0.620374799,0.196073189,15.9167824,0.993000031,0,,,0,1
127812358,0.150000006,0,,,0,0.0402930379,0.620374799,0.196073189,15.9167824,0.995000005,0,,,0,1
127813490,0.150000006,0,,,0,0.0241758227,0.620374799,0.196073189,15.9167824,0.995000005,0,,,0,1
127814823,0.150000006,0,,,0,0.0241758227,0.620374799,0.196073189,15.9167824,0.996999979,0,,,0,1
127815949,0.150000006,0,,,0,0.0322344303,0.620374799,0.196073189,15.9167824,0.996999979,0,,,0,1
127817085,0.150000006,0,,,0,0.0322344303,0.620374799,0.196073189,15.9167824,1,0,,,0,1
127818211,0.150000006,0,,,0,0.0322344303,0.620374799,0.196073189,15.9167824,1,0,,,0,1
127819341,0.150000006,0,,,0,0.0322344303,0.620374799,0.196073189,15.9122372,1.00199997,0,,,0,1
127820468,0.150000006,0,,,0,0.0322344303,0.620374799,0.196073189,15.9122372,1.00199997,0,,,0,1
127821597,0.150000006,0,,,0,0.0322344303,0.620374799,0.196073189,15.9167824,1.00399995,0,,,0,1
127822723,0.150000006,0,,,0,0.0322344303,0.620374799,0.196073189,15.9167824,1.00399995,0,,,0,1
127823858,0.150000006,0,,,0,0.0322344303,0.620374799,0.196073189,15.9167824,1.00600004,0,,,0,1
127824984,0.150000006,0,,,0,0.0483516455,0.620374799,0.196073189,15.9167824,1.00600004,0,,,0,1
127826113,0.150000006,0,,,0,0.0241758227,0.620374799,0.196073189,15.9167824,1.00900006,0,,,0,1
127827239,0.150000006,0,,,0,0.0402930379,0.620374799,0.196073189,15.9213276,1.00900006,0,,,0,1
127828369,0.150000006,0,,,0,0.0241758227,0.620374799,0.196073189,15.9167824,1.01100004,0,,,0,1
127829495,0.150000006,0,,,0,0.0322344303,0.620374799,0.196073189,15.9167824,1.01100004,0,,,0,1
127830624,0.150000006,0,,,0,0.0241758227,0.620374799,0.196073189,15.9167824,1.01300001,0,,,0,1
127831751,0.150000006,0,,,0,0.0322344303,0.620374799,0.196073189,15.9167824,1.01300001,0,,,0,1
127832881,0.150000006,0,,,0,0.0322344303,0.620374799,0.196073189,15.9167824,1.01499999,0,,,0,1
127834008,0.150000006,0,,,0,0.0402930379,0.620374799,0.196073189,15.9167824,1.01499999,0,,,0,1
127835142,0.150000006,0,,,0,0.0322344303,0.620374799,0.196073189,15.9167824,1.01800001,0,,,0,1
127836473,0.150000006,0,,,0,0.0241758227,0.620374799,0.196073189,15.9213276,1.01800001,0,,,0,1
127837602,0.150000006,0,,,0,0.0402930379,0.620374799,0.196073189,15.9167824,1.01999998,0,,,0,1
127838729,0.150000006,0,,,0,0.0322344303,0.620374799,0.196073189,15.9122372,1.01999998,0,,,0,1
127839858,0.150000006,0,,,0,0.0241758227,0.620374799,0.196073189,15.9167824,1.02200007,0,,,0,1
127840985,0.150000006,0,,,0,0.0402930379,0.620374799,0.196073189,15.9167824,1.02200007,0,,,0,1
127842114,0.150000006,0,,,0,0.0322344303,0.620374799,0.196073189,15.9122372,1.02499998,0,,,0,1
127843240,0.150000006,0,,,0,0.0322344303,0.620374799,0.196073189,15.907692,1.02499998,0,,,0,1
127844370,0.150000006,0,,,0,0.0241758227,0.620374799,0.196073189,15.9122372,1.02700007,0,,,0,1
127845496,0.150000006,0,,,0,0.0161172152,0.620374799,0.196073189,15.9167824,1.02700007,0,,,0,1
127846630,0.150000006,0,,,0,0.0241758227,0.620374799,0.196073189,15.9167824,1.02900004,0,,,0,1
127847757,0.150000006,0,,,0,0.0322344303,0.620374799,0.196073189,15.9167824,1.02900004,0,,,0,1
127848887,0.150000006,0,,,0,0.0322344303,0.620374799,0.196073189,15.9167824,1.03100002,0,,,0,1
127850013,0.150000006,0,,,0,0.0322344303,0.620374799,0.196073189,15.9167824,1.03100002,0,,,0,1
127851142,0.150000006,0,,,0,0.0322344303,0.620374799,0.196073189,15.9167824,1.03399992,0,,,0,1
127852269,0.150000006,0,,,0,0.0322344303,0.620374799,0.196073189,15.9122372,1.03399992,0,,,0,1
127853398,0.150000006,0,,,0,0.0241758227,0.620374799,0.196073189,15.9167824,1.03600001,0,,,0,1
127854524,0.150000006,0,,,0,0.0241758227,0.620374799,0.196073189,15.9167824,1.03600001,0,,,0,1
127855654,0.150000006,0,,,0,0.0322344303,0.620374799,0.196073189,15.9167824,1.03799999,0,,,0,1
127856985,0.150000006,0,,,0,0.0241758227,0.620374799,0.196073189,15.9167824,1.03799999,0,,,0,1
127858119,0.150000006,0,,,0,0.0322344303,0.620374799,0.196073189,15.9167824,1.04100001,0,,,0,1
127859245,0.150000006,0,,,0,0.0322344303,0.620374799,0.196073189,15.9167824,1.04100001,0,,,0,1
127860375,0.150000006,0,,,0,0.0322344303,0.620374799,0.196073189,15.9167824,1.04299998,0,,,0,1
127861501,0.150000006,0,,,0,0.0241758227,0.620374799,0.196073189,15.9167824,1.04299998,0,,,0,1
127862630,0.150000006,0,,,0,0.0402930379,0.620374799,0.196073189,15.9167824,1.04499996,0,,,0,1
127863757,0.150000006,0,,,0,0.0322344303,0.620374799,0.196073189,15.9167824,1.04499996,0,,,0,1
127864887,0.150000006,0,,,0,0.0322344303,0.620374799,0.196073189,15.9167824,1.04700005,0,,,0,1
127866013,0.150000006,0,,,0,0.0241758227,0.620374799,0.196073189,15.9167824,1.04700005,0,,,0,1
127867143,0.150000006,0,,,0,0.0241758227,0.620374799,0.196073189,15.9167824,1.04999995,0,,,0,1
127868269,0.150000006,0,,,0,0.0322344303,0.620374799,0.196073189,15.9167824,1.04999995,0,,,0,1
127869403,0.150000006,0,,,0,0.0241758227,0.620374799,0.196073189,15.9122372,1.05200005,0,,,0,1
127870529,0.150000006,0,,,0,0.0241758227,0.620374799,0.196073189,15.9167824,1.05200005,0,,,0,1
127871659,0.150000006,0,,,0,0.0322344303,0.620374799,0.196073189,15.9167824,1.0539999,0,,,0,1
127872785,0.150000006,0,,,0,0.0322344303,0.620374799,0.196073189,15.9122372,1.0539999,0,,,0,1
127873914,0.150000006,0,,,0,0.0241758227,0.620374799,0.196073189,15.9167824,1.05599999,0,,,0,1
127875041,0.150000006,0,,,0,0.0241758227,0.620374799,0.196073189,15.9167824,1.05599999,0,,,0,1
127876171,0.150000006,0,,,0,0.0241758227,0.620374799,0.196073189,15.9167824,1.05900002,0,,,0,1
127877297,0.150000006,0,,,0,0.0241758227,0.620374799,0.196073189,15.9167824,1.05900002,0,,,0,1
127878631,0.150000006,0,,,0,0.0322344303,0.620374799,0.196073189,15.9122372,1.06099999,0,,,0,1
127879758,0.150000006,0,,,0,0.0241758227,0.620374799,0.196073189,15.9167824,1.06099999,0,,,0,1
127880892,0.150000006,0,,,0,0.0322344303,0.620374799,0.196073189,15.9167824,1.06299996,0,,,0,1
127882018,0.150000006,0,,,0,0.0322344303,0.620374799,0.196073189,15.9167824,1.06299996,0,,,0,1
127883148,0.150000006,0,,,0,0.0402930379,0.620374799,0.196073189,15.9167824,1.06599998,0,,,0,1
127884274,0.150000006,0,,,0,0.0322344303,0.620374799,0.196073189,15.9167824,1.06599998,0,,,0,1
127885403,0.150000006,0,,,0,0.0322344303,0.620374799,0.196073189,15.9167824,1.06800008,0,,,0,1
127886530,0.150000006,0,,,0,0.0322344303,0.620374799,0.196073189,15.9122372,1.06800008,0,,,0,1
127887659,0.150000006,0,,,0,0.0322344303,0.620374799,0.196073189,15.9122372,1.06999993,0,,,0,1
127888785,0.150000006,0,,,0,0.0322344303,0.620374799,0.196073189,15.9167824,1.06999993,0,,,0,1
127889915,0.150000006,0,,,0,0.0241758227,0.620374799,0.196073189,15.9167824,1.07200003,0,,,0,1
127891041,0.150000006,0,,,0,0.0322344303,0.620374799,0.196073189,15.9167824,1.07200003,0,,,0,1
127892175,0.150000006,0,,,0,0.0241758227,0.620374799,0.196073189,15.9167824,1.07499993,0,,,0,1
127893302,0.150000006,0,,,0,0.0402930379,0.620374799,0.196073189,15.9167824,1.07499993,0,,,0,1
127894432,0.150000006,0,,,0,0.0322344303,0.620374799,0.196073189,15.9167824,1.07700002,0,,,0,1
127895558,0.150000006,0,,,0,0.0322344303,0.620374799,0.196073189,15.9167824,1.07700002,0,,,0,1
127896687,0.150000006,0,,,0,0.0241758227,0.620374799,0.196073189,15.9167824,1.079,0,,,0,1
127897814,0.150000006,0,,,0,0.0322344303,0.620374799,0.196073189,15.9167824,1.079,0,,,0,1
127899147,0.150000006,0,,,0,0.0241758227,0.620374799,0.196073189,15.9167824,1.08200002,0,,,0,1
127900274,0.150000006,0,,,0,0.0322344303,0.620374799,0.196073189,15.9167824,1.08200002,0,,,0,1
127901403,0.150000006,0,,,0,0.0322344303,0.620374799,0.196073189,15.9167824,1.08399999,0,,,0,1
127902535,0.150000006,0,,,0,0.0322344303,0.620374799,0.196073189,15.9122372,1.08399999,0,,,0,1
127903664,0.150000006,0,,,0,0.0322344303,0.620374799,0.196073189,15.9122372,1.08599997,0,,,0,1
127904790,0.150000006,0,,,0,0.0322344303,0.620374799,0.196073189,15.9167824,1.08599997,0,,,0,1
127905920,0.150000006,0,,,0,0.0322344303,0.620374799,0.196073189,15.9167824,1.08800006,0,,,0,1
127907046,0.150000006,0,,,0,0.0241758227,0.620374799,0.196073189,15.9167824,1.08800006,0,,,0,1
127908176,0.150000006,0,,,0,0.0322344303,0.620374799,0.196073189,15.9122372,1.09099996,0,,,0,1
127909302,0.150000006,0,,,0,0.0241758227,0.620374799,0.196073189,15.9122372,1.09099996,0,,,0,1
127910431,0.150000006,0,,,0,0.0402930379,0.620374799,0.196073189,15.9167824,1.09299994,0,,,0,1
127911558,0.150000006,0,,,0,0.0322344303,0.620374799,0.196073189,15.9122372,1.09299994,0,,,0,1
127912687,0.150000006,0,,,0,0.0322344303,0.620374799,0.196073189,15.9167824,1.09500003,0,,,0,1
127913819,0.150000006,0,,,0,0.0322344303,0.620374799,0.196073189,15.9167824,1.09500003,0,,,0,1
127914948,0.150000006,0,,,0,0.0322344303,0.620374799,0.196073189,15.9167824,1.097,0,,,0,1
127916074,0.150000006,0,,,0,0.0402930379,0.620374799,0.196073189,15.9167824,1.097,0,,,0,1
127917204,0.150000006,0,,,0,0.0241758227,0.620374799,0.196073189,15.9122372,1.10000002,0,,,0,1
127918330,0.150000006,0,,,0,0.0322344303,0.620374799,0.196073189,15.9167824,1.10000002,0,,,0,1
127919460,0.150000006,0,,,0,0.0241758227,0.620374799,0.196073189,15.9167824,1.102,0,,,0,1
127920790,0.150000006,0,,,0,0.0322344303,0.620374799,0.196073189,15.9122372,1.102,0,,,0,1
127921919,0.150000006,0,,,0,0.0322344303,0.620374799,0.196073189,15.9167824,1.10399997,0,,,0,1
127923046,0.150000006,0,,,0,0.0241758227,0.620374799,0.196073189,15.9122372,1.10399997,0,,,0,1
127924176,0.150000006,0,,,0,0.0322344303,0.620374799,0.196073189,15.9122372,1.10699999,0,,,0,1
127925307,0.150000006,0,,,0,0.0322344303,0.620374799,0.196073189,15.9122372,1.10699999,0,,,0,1
127926437,0.150000006,0,,,0,0.0322344303,0.620374799,0.196073189,15.9167824,1.10899997,0,,,0,1
127927563,0.150000006,0,,,0,0.0402930379,0.620374799,0.196073189,15.9167824,1.10899997,0,,,0,1
127928692,0.150000006,0,,,0,0.0402930379,0.620374799,0.196073189,15.9167824,1.11100006,0,,,0,1
127929819,0.150000006,0,,,0,0.0402930379,0.620374799,0.196073189,15.9122372,1.11100006,0,,,0,1
127930948,0.150000006,0,,,0,0.0241758227,0.620374799,0.196073189,15.9167824,1.11299992,0,,,0,1
127932074,0.150000006,0,,,0,0.0322344303,0.620374799,0.196073189,15.9167824,1.11299992,0,,,0,1
127933204,0.150000006,0,,,0,0.0322344303,0.620374799,0.196073189,15.9122372,1.11600006,0,,,0,1
127934331,0.150000006,0,,,0,0.0241758227,0.620374799,0.196073189,15.9122372,1.11600006,0,,,0,1
127935460,0.150000006,0,,,0,0.0322344303,0.620374799,0.196073189,15.9122372,1.11800003,0,,,0,1
127936592,0.150000006,0,,,0,0.0322344303,0.620374799,0.196073189,15.9167824,1.11800003,0,,,0,1
127937721,0.150000006,0,,,0,0.0322344303,0.620374799,0.196073189,15.9167824,1.12,0,,,0,1
127938848,0.150000006,0,,,0,0.0402930379,0.620374799,0.196073189,15.9167824,1.12,0,,,0,1
127939977,0.150000006,0,,,0,0.0322344303,0.620374799,0.196073189,15.9167824,1.12199998,0,,,0,1
127941308,0.150000006,0,,,0,0.0402930379,0.620374799,0.196073189,15.9167824,1.12199998,0,,,0,1
127942437,0.150000006,0,,,0,0.0322344303,0.620374799,0.196073189,15.9167824,1.125,0,,,0,1
127943563,0.150000006,0,,,0,0.0322344303,0.620374799,0.196073189,15.9122372,1.125,0,,,0,1
127944693,0.150000006,0,,,0,0.0322344303,0.620374799,0.196073189,15.9167824,1.12700009,0,,,0,1
127945819,0.150000006,0,,,0,0.0241758227,0.620374799,0.196073189,15.9167824,1.12700009,0,,,0,1
127946948,0.150000006,0,,,0,0.0241758227,0.620374799,0.196073189,15.9122372,1.12899995,0,,,0,1
127948080,0.150000006,0,,,0,0.0322344303,0.620374799,0.196073189,15.9167824,1.12899995,0,,,0,1
127949209,0.150000006,0,,,0,0.0322344303,0.620374799,0.196073189,15.9122372,1.13199997,0,,,0,1
127950336,0.150000006,0,,,0,0.0322344303,0.620374799,0.196073189,15.9167824,1.13199997,0,,,0,1
127951465,0.150000006,0,,,0,0.0402930379,0.620374799,0.196073189,15.9122372,1.13399994,0,,,0,1
127952592,0.150000006,0,,,0,0.0241758227,0.620374799,0.196073189,15.9122372,1.13399994,0,,,0,1
127953721,0.150000006,0,,,0,0.0322344303,0.620374799,0.196073189,15.9122372,1.13600004,0,,,0,1
127954848,0.150000006,0,,,0,0.0322344303,0.620374799,0.196073189,15.9122372,1.13600004,0,,,0,1
127955977,0.150000006,0,,,0,0.0322344303,0.620374799,0.196073189,15.9167824,1.13800001,0,,,0,1
127957103,0.150000006,0,,,0,0.0241758227,0.620374799,0.196073189,15.9122372,1.13800001,0,,,0,1
127958233,0.150000006,0,,,0,0.0322344303,0.620374799,0.196073189,15.9122372,1.14100003,0,,,0,1
127959364,0.150000006,0,,,0,0.0322344303,0.620374799,0.196073189,15.9167824,1.14100003,0,,,0,1
127960494,0.150000006,0,,,0,0.0322344303,0.620374799,0.196073189,15.9122372,1.14300001,0,,,0,1
127961824,0.150000006,0,,,0,0.0322344303,0.620374799,0.196073189,15.9167824,1.14300001,0,,,0,1
127962953,0.150000006,0,,,0,0.0322344303,0.620374799,0.196073189,15.9122372,1.14499998,0,,,0,1
127964080,0.150000006,0,,,0,0.0322344303,0.620374799,0.196073189,15.9167824,1.14499998,0,,,0,1
127965209,0.150000006,0,,,0,0.0322344303,0.620374799,0.196073189,15.9258718,1.148,0,,,0,1
127966336,0.150000006,0,,,0,0.0322344303,0.620374799,0.196073189,15.9167824,1.148,0,,,0,1
127967466,0.150000006,0,,,0,0.0322344303,0.620374799,0.196073189,15.9122372,1.14999998,0,,,0,1
127968592,0.150000006,0,,,0,0.0322344303,0.620374799,0.196073189,15.9167824,1.14999998,0,,,0,1
127969726,0.150000006,0,,,0,0.0241758227,0.620374799,0.196073189,15.9167824,1.15199995,0,,,0,1
127970852,0.150000006,0,,,0,0.0241758227,0.620374799,0.196073189,15.9167824,1.15199995,0,,,0,1
127971982,0.150000006,0,,,0,0.0322344303,0.620374799,0.196073189,15.9167824,1.15400004,0,,,0,1
127973108,0.150000006,0,,,0,0.0483516455,0.620374799,0.196073189,15.9167824,1.15400004,0,,,0,1
127974237,0.150000006,0,,,0,0.0241758227,0.620374799,0.196073189,15.907692,1.15700006,0,,,0,1
127975364,0.150000006,0,,,0,0.0322344303,0.620374799,0.196073189,15.9167824,1.15700006,0,,,0,1
127976493,0.150000006,0,,,0,0.0322344303,0.620374799,0.196073189,15.9167824,1.15900004,0,,,0,1
127977620,0.150000006,0,,,0,0.0322344303,0.620374799,0.196073189,15.9167824,1.15900004,0,,,0,1
127978750,0.150000006,0,,,0,0.0322344303,0.620374799,0.196073189,15.9167824,1.16100001,0,,,0,1
127979876,0.150000006,0,,,0,0.0241758227,0.620374799,0.196073189,15.9167824,1.16100001,0,,,0,1
127981011,0.150000006,0,,,0,0.0241758227,0.620374799,0.196073189,15.9167824,1.16400003,0,,,0,1
127982137,0.150000006,0,,,0,0.0322344303,0.620374799,0.196073189,15.9122372,1.16400003,0,,,0,1
127983471,0.150000006,0,,,0,0.0322344303,0.620374799,0.196073189,15.9167824,1.16600001,0,,,0,1
127984597,0.150000006,0,,,0,0.0402930379,0.620374799,0.196073189,15.9167824,1.16600001,0,,,0,1
127985727,0.150000006,0,,,0,0.0322344303,0.620374799,0.196073189,15.9167824,1.16799998,0,,,0,1
127986853,0.150000006,0,,,0,0.0322344303,0.620374799,0.196073189,15.9167824,1.16799998,0,,,0,1
127987982,0.150000006,0,,,0,0.0241758227,0.620374799,0.196073189,15.9122372,1.16999996,0,,,0,1
127989109,0.150000006,0,,,0,0.0322344303,0.620374799,0.196073189,15.9167824,1.16999996,0,,,0,1
127990238,0.150000006,0,,,0,0.0402930379,0.620374799,0.196073189,15.9122372,1.17299998,0,,,0,1
127991365,0.150000006,0,,,0,0.0322344303,0.620374799,0.196073189,15.9122372,1.17299998,0,,,0,1
127992499,0.150000006,0,,,0,0.0241758227,0.620374799,0.196073189,15.9167824,1.17500007,0,,,0,1
127993625,0.150000006,0,,,0,0.0322344303,0.620374799,0.196073189,15.9167824,1.17500007,0,,,0,1
127994755,0.150000006,0,,,0,0.0322344303,0.620374799,0.196073189,15.9167824,1.17700005,0,,,0,1
127995881,0.150000006,0,,,0,0.0322344303,0.620374799,0.196073189,15.9122372,1.17700005,0,,,0,1
127997010,0.150000006,0,,,0,0.0322344303,0.620374799,0.196073189,15.9122372,1.18000007,0,,,0,1
127998137,0.150000006,0,,,0,0.0241758227,0.620374799,0.196073189,15.9122372,1.18000007,0,,,0,1
127999266,0.150000006,0,,,0,0.0322344303,0.620374799,0.196073189,15.9167824,1.18199992,0,,,0,1
128000392,0.150000006,0,,,0,0.0322344303,0.620374799,0.196073189,15.9122372,1.18199992,0,,,0,1
128001522,0.150000006,0,,,0,0.0322344303,0.620374799,0.196073189,15.9122372,1.18400002,0,,,0,1
128002648,0.150000006,0,,,0,0.0241758227,0.620374799,0.196073189,15.9167824,1.18400002,0,,,0,1
128003987,0.150000006,0,,,0,0.0241758227,0.620374799,0.196073189,15.9167824,1.18599999,0,,,0,1
128005113,0.150000006,0,,,0,0.0322344303,0.620374799,0.196073189,15.9167824,1.18599999,0,,,0,1
128006242,0.150000006,0,,,0,0.0322344303,0.620374799,0.196073189,15.907692,1.18900001,0,,,0,1
128007369,0.150000006,0,,,0,0.0402930379,0.620374799,0.196073189,15.9167824,1.18900001,0,,,0,1
128008498,0.150000006,0,,,0,0.0241758227,0.620374799,0.196073189,15.9167824,1.19099998,0,,,0,1
128009624,0.150000006,0,,,0,0.0322344303,0.620374799,0.196073189,15.9122372,1.19099998,0,,,0,1
128010754,0.150000006,0,,,0,0.0241758227,0.620374799,0.196073189,15.9167824,1.19299996,0,,,0,1
128011881,0.150000006,0,,,0,0.0241758227,0.620374799,0.196073189,15.9122372,1.19299996,0,,,0,1
128013010,0.150000006,0,,,0,0.0241758227,0.620374799,0.196073189,15.9122372,1.1960001,0,,,0,1
128014136,0.150000006,0,,,0,0.0322344303,0.620374799,0.196073189,15.9122372,1.1960001,0,,,0,1
128015271,0.150000006,0,,,0,0.0322344303,0.620374799,0.196073189,15.9167824,1.19799995,0,,,0,1
128016397,0.150000006,0,,,0,0.0322344303,0.620374799,0.196073189,15.9122372,1.19799995,0,,,0,1
128017526,0.150000006,0,,,0,0.0322344303,0.620374799,0.196073189,15.9122372,1.20000005,0,,,0,1
128018653,0.150000006,0,,,0,0.0322344303,0.620374799,0.196073189,15.9167824,1.20000005,0,,,0,1
128019782,0.150000006,0,,,0,0.0322344303,0.620374799,0.196073189,15.9167824,1.2019999,0,,,0,1
128020909,0.150000006,0,,,0,0.0241758227,0.620374799,0.196073189,15.9213276,1.2019999,0,,,0,1
128022038,0.150000006,0,,,0,0.0322344303,0.620374799,0.196073189,15.9167824,1.20500004,0,,,0,1
128023165,0.150000006,0,,,0,0.0322344303,0.620374799,0.196073189,15.9167824,1.20500004,0,,,0,1
128024294,0.150000006,0,,,0,0.0322344303,0.620374799,0.196073189,15.9167824,1.20700002,0,,,0,1
128025624,0.150000006,0,,,0,0.0402930379,0.620374799,0.196073189,15.9167824,1.20700002,0,,,0,1
128026759,0.150000006,0,,,0,0.0241758227,0.620374799,0.196073189,15.9122372,1.20899999,0,,,0,1
128027885,0.150000006,0,,,0,0.0241758227,0.620374799,0.196073189,15.9167824,1.20899999,0,,,0,1
128029015,0.150000006,0,,,0,0.0402930379,0.620374799,0.196073189,15.9122372,1.21200001,0,,,0,1
128030141,0.150000006,0,,,0,0.0322344303,0.620374799,0.196073189,15.9167824,1.21200001,0,,,0,1
128031270,0.150000006,0,,,0,0.0322344303,0.620374799,0.196073189,15.9122372,1.21399999,0,,,0,1
128032397,0.150000006,0,,,0,0.0322344303,0.620374799,0.196073189,15.907692,1.21399999,0,,,0,1
128033526,0.150000006,0,,,0,0.0322344303,0.620374799,0.196073189,15.9167824,1.21600008,0,,,0,1
128034652,0.150000006,0,,,0,0.0402930379,0.620374799,0.196073189,15.9122372,1.21600008,0,,,0,1
128035782,0.150000006,0,,,0,0.0241758227,0.620374799,0.196073189,15.9167824,1.21799994,0,,,0,1
128036908,0.150000006,0,,,0,0.0402930379,0.620374799,0.196073189,15.9167824,1.21799994,0,,,0,1
128038042,0.150000006,0,,,0,0.0241758227,0.620374799,0.196073189,15.9122372,1.22099996,0,,,0,1
128039169,0.150000006,0,,,0,0.0322344303,0.620374799,0.196073189,15.9122372,1.22099996,0,,,0,1
128040298,0.150000006,0,,,0,0.0322344303,0.620374799,0.196073189,15.9167824,1.22299993,0,,,0,1
128041424,0.150000006,0,,,0,0.0322344303,0.620374799,0.196073189,15.9122372,1.22299993,0,,,0,1
128042554,0.150000006,0,,,0,0.0322344303,0.620374799,0.196073189,15.9122372,1.22500002,0,,,0,1
128043680,0.150000006,0,,,0,0.0322344303,0.620374799,0.196073189,15.9167824,1.22500002,0,,,0,1
128044809,0.150000006,0,,,0,0.0402930379,0.620374799,0.196073189,15.9167824,1.227,0,,,0,1
128046140,0.150000006,0,,,0,0.0322344303,0.620374799,0.196073189,15.9167824,1.227,0,,,0,1
128047269,0.150000006,0,,,0,0.0241758227,0.620374799,0.196073189,15.9122372,1.23000002,0,,,0,1
128048401,0.150000006,0,,,0,0.0402930379,0.620374799,0.196073189,15.9167824,1.23000002,0,,,0,1
128049530,0.150000006,0,,,0,0.0322344303,0.620374799,0.196073189,15.9167824,1.23199999,0,,,0,1
128050657,0.150000006,0,,,0,0.0322344303,0.620374799,0.196073189,15.9122372,1.23199999,0,,,0,1
128051786,0.150000006,0,,,0,0.0241758227,0.620374799,0.196073189,15.9167824,1.23399997,0,,,0,1
128052912,0.150000006,0,,,0,0.0402930379,0.620374799,0.196073189,15.9167824,1.23399997,0,,,0,1
128054041,0.150000006,0,,,0,0.0322344303,0.620374799,0.196073189,15.9167824,1.23699999,0,,,0,1
128055168,0.150000006,0,,,0,0.0322344303,0.620374799,0.196073189,15.9167824,1.23699999,0,,,0,1
128056298,0.150000006,0,,,0,0.0241758227,0.620374799,0.196073189,15.9167824,1.23899996,0,,,0,1
128057424,0.150000006,0,,,0,0.0241758227,0.620374799,0.196073189,15.9167824,1.23899996,0,,,0,1
128058553,0.150000006,0,,,0,0.0241758227,0.620374799,0.196073189,15.9122372,1.24099994,0,,,0,1
128059685,0.150000006,0,,,0,0.0402930379,0.620374799,0.196073189,15.9122372,1.24099994,0,,,0,1
128060814,0.150000006,0,,,0,0.0322344303,0.620374799,0.196073189,15.9167824,1.24300003,0,,,0,1
128061941,0.150000006,0,,,0,0.0322344303,0.620374799,0.196073189,15.9122372,1.24300003,0,,,0,1
128063070,0.150000006,0,,,0,0.0322344303,0.620374799,0.196073189,15.9167824,1.24600005,0,,,0,1
128064196,0.150000006,0,,,0,0.0241758227,0.620374799,0.196073189,15.9167824,1.24600005,0,,,0,1
128065326,0.150000006,0,,,0,0.0241758227,0.620374799,0.196073189,15.9167824,1.24800003,0,,,0,1
128066452,0.150000006,0,,,0,0.0322344303,0.620374799,0.196073189,15.9167824,1.24800003,0,,,0,1
128067785,0.150000006,0,,,0,0.0322344303,0.620374799,0.196073189,15.9122372,1.25,0,,,0,1
128068912,0.150000006,0,,,0,0.0322344303,0.620374799,0.196073189,15.9167824,1.25,0,,,0,1
128070041,0.150000006,0,,,0,0.0402930379,0.620374799,0.196073189,15.9167824,1.25300002,0,,,0,1
128071173,0.150000006,0,,,0,0.0402930379,0.620374799,0.196073189,15.9122372,1.25300002,0,,,0,1
128072302,0.150000006,0,,,0,0.0322344303,0.620374799,0.196073189,15.9167824,1.255,0,,,0,1
128073428,0.150000006,0,,,0,0.0322344303,0.620374799,0.196073189,15.9122372,1.255,0,,,0,1
128074558,0.150000006,0,,,0,0.0322344303,0.620374799,0.196073189,15.9167824,1.25699997,0,,,0,1
128075685,0.150000006,0,,,0,0.0322344303,0.620374799,0.196073189,15.9122372,1.25699997,0,,,0,1
128076814,0.150000006,0,,,0,0.0322344303,0.620374799,0.196073189,15.9167824,1.25900006,0,,,0,1
128077940,0.150000006,0,,,0,0.0322344303,0.620374799,0.196073189,15.9167824,1.25900006,0,,,0,1
128079070,0.150000006,0,,,0,0.0322344303,0.620374799,0.196073189,15.9167824,1.26199996,0,,,0,1
128080196,0.150000006,0,,,0,0.0322344303,0.620374799,0.196073189,15.9167824,1.26199996,0,,,0,1
128081325,0.150000006,0,,,0,0.0322344303,0.620374799,0.196073189,15.9167824,1.26400006,0,,,0,1
128082457,0.150000006,0,,,0,0.0322344303,0.620374799,0.196073189,15.9122372,1.26400006,0,,,0,1
128083586,0.150000006,0,,,0,0.0322344303,0.620374799,0.196073189,15.9167824,1.26600003,0,,,0,1
128084713,0.150000006,0,,,0,0.0322344303,0.620374799,0.196073189,15.9122372,1.26600003,0,,,0,1
128085842,0.150000006,0,,,0,0.0322344303,0.620374799,0.196073189,15.9167824,1.26800001,0,,,0,1
128086969,0.150000006,0,,,0,0.0322344303,0.620374799,0.196073189,15.9122372,1.26800001,0,,,0,1
128088302,0.150000006,0,,,0,0.0322344303,0.620374799,0.196073189,15.9167824,1.27099991,0,,,0,1
128089429,0.150000006,0,,,0,0.0402930379,0.620374799,0.196073189,15.9122372,1.27099991,0,,,0,1
128090558,0.150000006,0,,,0,0.0241758227,0.620374799,0.196073189,15.9122372,1.273,0,,,0,1
128091685,0.150000006,0,,,0,0.0322344303,0.620374799,0.196073189,15.9122372,1.273,0,,,0,1
128092814,0.150000006,0,,,0,0.0322344303,0.620374799,0.196073189,15.9213276,1.2750001,0,,,0,1
128093945,0.150000006,0,,,0,0.0322344303,0.620374799,0.196073189,15.9167824,1.2750001,0,,,0,1
128095075,0.150000006,0,,,0,0.0322344303,0.620374799,0.196073189,15.9167824,1.278,0,,,0,1
128096201,0.150000006,0,,,0,0.0322344303,0.620374799,0.196073189,15.9167824,1.278,0,,,0,1
128097330,0.150000006,0,,,0,0.0402930379,0.620374799,0.196073189,15.9122372,1.27999997,0,,,0,1
128098456,0.150000006,0,,,0,0.0402930379,0.620374799,0.196073189,15.9167824,1.27999997,0,,,0,1
128099586,0.150000006,0,,,0,0.0322344303,0.620374799,0.196073189,15.9122372,1.28199995,0,,,0,1
128100712,0.150000006,0,,,0,0.0322344303,0.620374799,0.196073189,15.9167824,1.28199995,0,,,0,1
128101842,0.150000006,0,,,0,0.0241758227,0.620374799,0.196073189,15.9122372,1.28400004,0,,,0,1
128102969,0.150000006,0,,,0,0.0241758227,0.620374799,0.196073189,15.9122372,1.28400004,0,,,0,1
128104098,0.150000006,0,,,0,0.0322344303,0.620374799,0.196073189,15.9167824,1.28699994,0,,,0,1
128105229,0.150000006,0,,,0,0.0322344303,0.620374799,0.196073189,15.9213276,1.28699994,0,,,0,1
128106359,0.150000006,0,,,0,0.0322344303,0.620374799,0.196073189,15.9122372,1.28900003,0,,,0,1
128107485,0.150000006,0,,,0,0.0322344303,0.620374799,0.196073189,15.9167824,1.28900003,0,,,0,1
128108819,0.150000006,0,,,0,0.0241758227,0.620374799,0.196073189,15.9122372,1.29100001,0,,,0,1
128109945,0.150000006,0,,,0,0.0402930379,0.620374799,0.196073189,15.9122372,1.29100001,0,,,0,1
128111075,0.150000006,0,,,0,0.0322344303,0.620374799,0.196073189,15.9213276,1.29400003,0,,,0,1
128112201,0.150000006,0,,,0,0.0322344303,0.620374799,0.196073189,15.9213276,1.29400003,0,,,0,1
128113330,0.150000006,0,,,0,0.0402930379,0.620374799,0.196073189,15.9167824,1.296,0,,,0,1
128114457,0.150000006,0,,,0,0.0322344303,0.620374799,0.196073189,15.9122372,1.296,0,,,0,1
128115591,0.150000006,0,,,0,0.0241758227,0.620374799,0.196073189,15.9167824,1.29799998,0,,,0,1
128116717,0.150000006,0,,,0,0.0402930379,0.620374799,0.196073189,15.9167824,1.29799998,0,,,0,1
128117846,0.150000006,0,,,0,0.0241758227,0.620374799,0.196073189,15.9167824,1.29999995,0,,,0,1
128118973,0.150000006,0,,,0,0.0322344303,0.620374799,0.196073189,15.9167824,1.29999995,0,,,0,1
128120103,0.150000006,0,,,0,0.0322344303,0.620374799,0.196073189,15.9167824,1.30299997,0,,,0,1
128121229,0.150000006,0,,,0,0.0241758227,0.620374799,0.196073189,15.9122372,1.30299997,0,,,0,1
128122359,0.150000006,0,,,0,0.0241758227,0.620374799,0.196073189,15.9167824,1.30500007,0,,,0,1
128123485,0.150000006,0,,,0,0.0241758227,0.620374799,0.196073189,15.9167824,1.30500007,0,,,0,1
128124614,0.150000006,0,,,0,0.0322344303,0.620374799,0.196073189,15.9167824,1.30700004,0,,,0,1
128125741,0.150000006,0,,,0,0.0241758227,0.620374799,0.196073189,15.9122372,1.30700004,0,,,0,1
128126875,0.150000006,0,,,0,0.0322344303,0.620374799,0.196073189,15.9167824,1.30900002,0,,,0,1
128128001,0.150000006,0,,,0,0.0241758227,0.620374799,0.196073189,15.9167824,1.30900002,0,,,0,1
128129130,0.150000006,0,,,0,0.0322344303,0.620374799,0.196073189,15.9167824,1.31200004,0,,,0,1
128130461,0.150000006,0,,,0,0.0241758227,0.620374799,0.196073189,15.9167824,1.31200004,0,,,0,1
128131589,0.150000006,0,,,0,0.0241758227,0.620374799,0.196073189,15.9167824,1.31400001,0,,,0,1
128132715,0.150000006,0,,,0,0.0322344303,0.620374799,0.196073189,15.9122372,1.31400001,0,,,0,1
128133844,0.150000006,0,,,0,0.0241758227,0.620374799,0.196073189,15.9167824,1.31599998,0,,,0,1
128134971,0.150000006,0,,,0,0.0322344303,0.620374799,0.196073189,15.9167824,1.31599998,0,,,0,1
128136100,0.150000006,0,,,0,0.0241758227,0.620374799,0.196073189,15.9167824,1.31900001,0,,,0,1
128137226,0.150000006,0,,,0,0.0322344303,0.620374799,0.196073189,15.9167824,1.31900001,0,,,0,1
128138360,0.150000006,0,,,0,0.0241758227,0.620374799,0.196073189,15.9167824,1.32099998,0,,,0,1
128139486,0.150000006,0,,,0,0.0322344303,0.620374799,0.196073189,15.9167824,1.32099998,0,,,0,1
128140615,0.150000006,0,,,0,0.0241758227,0.620374799,0.196073189,15.9122372,1.32300007,0,,,0,1
128141741,0.150000006,0,,,0,0.0241758227,0.620374799,0.196073189,15.9122372,1.32300007,0,,,0,1
128142870,0.150000006,0,,,0,0.0322344303,0.620374799,0.196073189,15.9122372,1.32500005,0,,,0,1
128143996,0.150000006,0,,,0,0.0402930379,0.620374799,0.196073189,15.9167824,1.32500005,0,,,0,1
128145125,0.150000006,0,,,0,0.0322344303,0.620374799,0.196073189,15.9167824,1.32800007,0,,,0,1
128146251,0.150000006,0,,,0,0.0241758227,0.620374799,0.196073189,15.9122372,1.32800007,0,,,0,1
128147380,0.150000006,0,,,0,0.056410253,0.620374799,0.196073189,15.9167824,1.32999992,0,,,0,1
128148506,0.150000006,0,,,0,0.0322344303,0.620374799,0.196073189,15.9167824,1.32999992,0,,,0,1
128149640,0.150000006,0,,,0,0.0322344303,0.620374799,0.196073189,15.9167824,1.33200002,0,,,0,1
128150970,0.150000006,0,,,0,0.0322344303,0.620374799,0.196073189,15.9167824,1.33200002,0,,,0,1
128152099,0.150000006,0,,,0,0.0322344303,0.620374799,0.196073189,15.9122372,1.33500004,0,,,0,1
128153225,0.150000006,0,,,0,0.0241758227,0.620374799,0.196073189,15.9213276,1.33500004,0,,,0,1
128154354,0.150000006,0,,,0,0.0322344303,0.620374799,0.196073189,15.9122372,1.33700001,0,,,0,1
128155481,0.150000006,0,,,0,0.0241758227,0.620374799,0.196073189,15.9167824,1.33700001,0,,,0,1
128156610,0.150000006,0,,,0,0.0402930379,0.620374799,0.196073189,15.9167824,1.33899999,0,,,0,1
128157736,0.150000006,0,,,0,0.0241758227,0.620374799,0.196073189,15.9167824,1.33899999,0,,,0,1
128158866,0.150000006,0,,,0,0.0322344303,0.620374799,0.196073189,15.9167824,1.34099996,0,,,0,1
128159992,0.150000006,0,,,0,0.0322344303,0.620374799,0.196073189,15.9167824,1.34099996,0,,,0,1
128161126,0.150000006,0,,,0,0.0241758227,0.620374799,0.196073189,15.9122372,1.3440001,0,,,0,1
128162252,0.150000006,0,,,0,0.0322344303,0.620374799,0.196073189,15.907692,1.3440001,0,,,0,1
128163381,0.150000006,0,,,0,0.0241758227,0.620374799,0.196073189,15.9122372,1.34599996,0,,,0,1
128164508,0.150000006,0,,,0,0.0241758227,0.620374799,0.196073189,15.9167824,1.34599996,0,,,0,1
128165637,0.150000006,0,,,0,0.0322344303,0.620374799,0.196073189,15.9167824,1.34800005,0,,,0,1
128166763,0.150000006,0,,,0,0.0483516455,0.620374799,0.196073189,15.9167824,1.34800005,0,,,0,1
128167892,0.150000006,0,,,0,0.0322344303,0.620374799,0.196073189,15.9167824,1.3499999,0,,,0,1
128169018,0.150000006,0,,,0,0.0322344303,0.620374799,0.196073189,15.9167824,1.3499999,0,,,0,1
128170147,0.150000006,0,,,0,0.0322344303,0.620374799,0.196073189,15.9167824,1.35300004,0,,,0,1
128171273,0.150000006,0,,,0,0.0322344303,0.620374799,0.196073189,15.9167824,1.35300004,0,,,0,1
128172611,0.150000006,0,,,0,0.0241758227,0.620374799,0.196073189,15.9167824,1.35500002,0,,,0,1
128173738,0.150000006,0,,,0,0.0322344303,0.620374799,0.196073189,15.9167824,1.35500002,0,,,0,1
128174867,0.150000006,0,,,0,0.0322344303,0.620374799,0.196073189,15.9122372,1.35699999,0,,,0,1
128175993,0.150000006,0,,,0,0.0322344303,0.620374799,0.196073189,15.9122372,1.35699999,0,,,0,1
128177122,0.150000006,0,,,0,0.0322344303,0.620374799,0.196073189,15.9167824,1.36000001,0,,,0,1
128178249,0.150000006,0,,,0,0.0322344303,0.620374799,0.196073189,15.9167824,1.36000001,0,,,0,1
128179378,0.150000006,0,,,0,0.0322344303,0.620374799,0.196073189,15.9122372,1.36199999,0,,,0,1
128180504,0.150000006,0,,,0,0.0241758227,0.620374799,0.196073189,15.9122372,1.36199999,0,,,0,1
128181634,0.150000006,0,,,0,0.0322344303,0.620374799,0.196073189,15.9122372,1.36400008,0,,,0,1
128182760,0.150000006,0,,,0,0.0322344303,0.620374799,0.196073189,15.9167824,1.36400008,0,,,0,1
128183894,0.150000006,0,,,0,0.0241758227,0.620374799,0.196073189,15.9122372,1.36599994,0,,,0,1
128185020,0.150000006,0,,,0,0.0322344303,0.620374799,0.196073189,15.9167824,1.36599994,0,,,0,1
128186149,0.150000006,0,,,0,0.0241758227,0.620374799,0.196073189,15.9122372,1.36899996,0,,,0,1
128187275,0.150000006,0,,,0,0.0322344303,0.620374799,0.196073189,15.9167824,1.36899996,0,,,0,1
128188404,0.150000006,0,,,0,0.0241758227,0.620374799,0.196073189,15.9167824,1.37099993,0,,,0,1
128189531,0.150000006,0,,,0,0.0241758227,0.620374799,0.196073189,15.9167824,1.37099993,0,,,0,1
128190659,0.150000006,0,,,0,0.0322344303,0.620374799,0.196073189,15.9122372,1.37300003,0,,,0,1
128191786,0.150000006,0,,,0,0.0322344303,0.620374799,0.196073189,15.9167824,1.37300003,0,,,0,1
128193119,0.150000006,0,,,0,0.0241758227,0.620374799,0.196073189,15.9167824,1.37599993,0,,,0,1
128194250,0.150000006,0,,,0,0.0322344303,0.620374799,0.196073189,15.9167824,1.37599993,0,,,0,1
128195380,0.150000006,0,,,0,0.0241758227,0.620374799,0.196073189,15.9167824,1.37800002,0,,,0,1
128196506,0.150000006,0,,,0,0.0241758227,0.620374799,0.196073189,15.9167824,1.37800002,0,,,0,1
128197635,0.150000006,0,,,0,0.0322344303,0.620374799,0.196073189,15.9167824,1.38,0,,,0,1
128198761,0.150000006,0,,,0,0.0402930379,0.620374799,0.196073189,15.9167824,1.38,0,,,0,1
128199890,0.150000006,0,,,0,0.0322344303,0.620374799,0.196073189,15.9122372,1.38199997,0,,,0,1
128201016,0.150000006,0,,,0,0.0322344303,0.620374799,0.196073189,15.9167824,1.38199997,0,,,0,1
128202145,0.150000006,0,,,0,0.0241758227,0.620374799,0.196073189,15.907692,1.38499999,0,,,0,1
128203271,0.150000006,0,,,0,0.0322344303,0.620374799,0.196073189,15.9122372,1.38499999,0,,,0,1
128204400,0.150000006,0,,,0,0.0241758227,0.620374799,0.196073189,15.9167824,1.38699996,0,,,0,1
128205531,0.150000006,0,,,0,0.0322344303,0.620374799,0.196073189,15.9122372,1.38699996,0,,,0,1
128206660,0.150000006,0,,,0,0.0322344303,0.620374799,0.196073189,15.9167824,1.38899994,0,,,0,1
128207786,0.150000006,0,,,0,0.0241758227,0.620374799,0.196073189,15.9122372,1.38899994,0,,,0,1
128208915,0.150000006,0,,,0,0.0322344303,0.620374799,0.196073189,15.9122372,1.39100003,0,,,0,1
128210041,0.150000006,0,,,0,0.0402930379,0.620374799,0.196073189,15.9167824,1.39100003,0,,,0,1
128211169,0.150000006,0,,,0,0.0322344303,0.620374799,0.196073189,15.9167824,1.39400005,0,,,0,1
128212296,0.150000006,0,,,0,0.0241758227,0.620374799,0.196073189,15.9122372,1.39400005,0,,,0,1
128213425,0.150000006,0,,,0,0.0322344303,0.620374799,0.196073189,15.9167824,1.39600003,0,,,0,1
128214755,0.150000006,0,,,0,0.0322344303,0.620374799,0.196073189,15.9167824,1.39600003,0,,,0,1
128215884,0.150000006,0,,,0,0.0322344303,0.620374799,0.196073189,15.9167824,1.398,0,,,0,1
128217015,0.150000006,0,,,0,0.0322344303,0.620374799,0.196073189,15.9167824,1.398,0,,,0,1
128218144,0.150000006,0,,,0,0.0322344303,0.620374799,0.196073189,15.9122372,1.40100002,0,,,0,1
128219270,0.150000006,0,,,0,0.0322344303,0.620374799,0.196073189,15.9122372,1.40100002,0,,,0,1
128220399,0.150000006,0,,,0,0.0241758227,0.620374799,0.196073189,15.9167824,1.403,0,,,0,1
128221526,0.150000006,0,,,0,0.0322344303,0.620374799,0.196073189,15.9122372,1.403,0,,,0,1
128222655,0.150000006,0,,,0,0.0322344303,0.620374799,0.196073189,15.9122372,1.40499997,0,,,0,1
128223781,0.150000006,0,,,0,0.0322344303,0.620374799,0.196073189,15.9167824,1.40499997,0,,,0,1
128224910,0.150000006,0,,,0,0.0241758227,0.620374799,0.196073189,15.9167824,1.40700006,0,,,0,1
128226037,0.150000006,0,,,0,0.0241758227,0.620374799,0.196073189,15.9122372,1.40700006,0,,,0,1
128227166,0.150000006,0,,,0,0.0322344303,0.620374799,0.196073189,15.9167824,1.40999997,0,,,0,1
128228297,0.150000006,0,,,0,0.0322344303,0.620374799,0.196073189,15.9122372,1.40999997,0,,,0,1
128229426,0.150000006,0,,,0,0.0241758227,0.620374799,0.196073189,15.9167824,1.41200006,0,,,0,1
128230552,0.150000006,0,,,0,0.0322344303,0.620374799,0.196073189,15.9167824,1.41200006,0,,,0,1
128231681,0.150000006,0,,,0,0.0402930379,0.620374799,0.196073189,15.9213276,1.41400003,0,,,0,1
128232807,0.150000006,0,,,0,0.0322344303,0.620374799,0.196073189,15.9167824,1.41400003,0,,,0,1
128233936,0.150000006,0,,,0,0.0322344303,0.620374799,0.196073189,15.9167824,1.41600001,0,,,0,1
128235266,0.150000006,0,,,0,0.0322344303,0.620374799,0.196073189,15.9122372,1.41600001,0,,,0,1
128236395,0.150000006,0,,,0,0.0322344303,0.620374799,0.196073189,15.9167824,1.41899991,0,,,0,1
128237521,0.150000006,0,,,0,0.0322344303,0.620374799,0.196073189,15.9167824,1.41899991,0,,,0,1
128238650,0.150000006,0,,,0,0.0241758227,0.620374799,0.196073189,15.9167824,1.421,0,,,0,1
128239781,0.150000006,0,,,0,0.0322344303,0.620374799,0.196073189,15.9122372,1.421,0,,,0,1
128240910,0.150000006,0,,,0,0.0322344303,0.620374799,0.196073189,15.9167824,1.4230001,0,,,0,1
128242036,0.150000006,0,,,0,0.0322344303,0.620374799,0.196073189,15.9167824,1.4230001,0,,,0,1
128243165,0.150000006,0,,,0,0.0241758227,0.620374799,0.196073189,15.9167824,1.426,0,,,0,1
128244292,0.150000006,0,,,0,0.0402930379,0.620374799,0.196073189,15.9122372,1.426,0,,,0,1
128245421,0.150000006,0,,,0,0.0241758227,0.620374799,0.196073189,15.9167824,1.42799997,0,,,0,1
128246547,0.150000006,0,,,0,0.0322344303,0.620374799,0.196073189,15.9167824,1.42799997,0,,,0,1
128247676,0.150000006,0,,,0,0.0322344303,0.620374799,0.196073189,15.9167824,1.42999995,0,,,0,1
128248803,0.150000006,0,,,0,0.0322344303,0.620374799,0.196073189,15.9167824,1.42999995,0,,,0,1
128249932,0.150000006,0,,,0,0.0241758227,0.620374799,0.196073189,15.9167824,1.43200004,0,,,0,1
128251063,0.150000006,0,,,0,0.0322344303,0.620374799,0.196073189,15.9167824,1.43200004,0,,,0,1
128252193,0.150000006,0,,,0,0.0322344303,0.620374799,0.196073189,15.9167824,1.43499994,0,,,0,1
128253319,0.150000006,0,,,0,0.0402930379,0.620374799,0.196073189,15.9167824,1.43499994,0,,,0,1
128254448,0.150000006,0,,,0,0.0322344303,0.620374799,0.196073189,15.9122372,1.43700004,0,,,0,1
128255778,0.150000006,0,,,0,0.0322344303,0.620374799,0.196073189,15.9167824,1.43700004,0,,,0,1
128256908,0.150000006,0,,,0,0.0241758227,0.620374799,0.196073189,15.9122372,1.43900001,0,,,0,1
128258034,0.150000006,0,,,0,0.0322344303,0.620374799,0.196073189,15.9167824,1.43900001,0,,,0,1
128259163,0.150000006,0,,,0,0.0322344303,0.620374799,0.196073189,15.9167824,1.44200003,0,,,0,1
128260289,0.150000006,0,,,0,0.0322344303,0.620374799,0.196073189,15.9167824,1.44200003,0,,,0,1
128261423,0.150000006,0,,,0,0.0241758227,0.620374799,0.196073189,15.9122372,1.44400001,0,,,0,1
128262549,0.150000006,0,,,0,0.0322344303,0.620374799,0.196073189,15.9122372,1.44400001,0,,,0,1
128263679,0.150000006,0,,,0,0.0402930379,0.620374799,0.196073189,15.9167824,1.44599998,0,,,0,1
128264805,0.150000006,0,,,0,0.0402930379,0.620374799,0.196073189,15.9122372,1.44599998,0,,,0,1
128265934,0.150000006,0,,,0,0.0322344303,0.620374799,0.196073189,15.9122372,1.44799995,0,,,0,1
128267061,0.150000006,0,,,0,0.0241758227,0.620374799,0.196073189,15.9167824,1.44799995,0,,,0,1
128268190,0.150000006,0,,,0,0.0322344303,0.620374799,0.196073189,15.9122372,1.45099998,0,,,0,1
128269317,0.150000006,0,,,0,0.0322344303,0.620374799,0.196073189,15.9122372,1.45099998,0,,,0,1
128270446,0.150000006,0,,,0,0.0241758227,0.620374799,0.196073189,15.9122372,1.45300007,0,,,0,1
128271572,0.150000006,0,,,0,0.0402930379,0.620374799,0.196073189,15.9122372,1.45300007,0,,,0,1
128272706,0.150000006,0,,,0,0.0322344303,0.620374799,0.196073189,15.9167824,1.45500004,0,,,0,1
128273832,0.150000006,0,,,0,0.0322344303,0.620374799,0.196073189,15.9122372,1.45500004,0,,,0,1
128274962,0.150000006,0,,,0,0.0241758227,0.620374799,0.196073189,15.9167824,1.45700002,0,,,0,1
128276088,0.150000006,0,,,0,0.0322344303,0.620374799,0.196073189,15.9122372,1.45700002,0,,,0,1
128277421,0.150000006,0,,,0,0.0322344303,0.620374799,0.196073189,15.9167824,1.46000004,0,,,0,1
128278547,0.150000006,0,,,0,0.0241758227,0.620374799,0.196073189,15.9122372,1.46000004,0,,,0,1
128279676,0.150000006,0,,,0,0.0402930379,0.620374799,0.196073189,15.9122372,1.46200001,0,,,0,1
128280802,0.150000006,0,,,0,0.0402930379,0.620374799,0.196073189,15.9167824,1.46200001,0,,,0,1
128281932,0.150000006,0,,,0,0.0241758227,0.620374799,0.196073189,15.9167824,1.46399999,0,,,0,1
128283058,0.150000006,0,,,0,0.0241758227,0.620374799,0.196073189,15.9167824,1.46399999,0,,,0,1
128284191,0.150000006,0,,,0,0.0322344303,0.620374799,0.196073189,15.9213276,1.46700001,0,,,0,1
128285317,0.150000006,0,,,0,0.0402930379,0.620374799,0.196073189,15.9167824,1.46700001,0,,,0,1
128286446,0.150000006,0,,,0,0.0241758227,0.620374799,0.196073189,15.9122372,1.46899998,0,,,0,1
128287572,0.150000006,0,,,0,0.0322344303,0.620374799,0.196073189,15.9167824,1.46899998,0,,,0,1
128288701,0.150000006,0,,,0,0.0322344303,0.620374799,0.196073189,15.9122372,1.47099996,0,,,0,1
128289828,0.150000006,0,,,0,0.0322344303,0.620374799,0.196073189,15.9167824,1.47099996,0,,,0,1
128290958,0.150000006,0,,,0,0.0322344303,0.620374799,0.196073189,15.9167824,1.47300005,0,,,0,1
128292084,0.150000006,0,,,0,0.0241758227,0.620374799,0.196073189,15.9167824,1.47300005,0,,,0,1
128293212,0.150000006,0,,,0,0.0241758227,0.620374799,0.196073189,15.9122372,1.47600007,0,,,0,1
128294338,0.150000006,0,,,0,0.0322344303,0.620374799,0.196073189,15.9167824,1.47600007,0,,,0,1
128295473,0.150000006,0,,,0,0.0241758227,0.620374799,0.196073189,15.9122372,1.47799993,0,,,0,1
128296598,0.150000006,0,,,0,0.0402930379,0.620374799,0.196073189,15.9167824,1.47799993,0,,,0,1
128297931,0.150000006,0,,,0,0.0241758227,0.620374799,0.196073189,15.9167824,1.48000002,0,,,0,1
128299058,0.150000006,0,,,0,0.0322344303,0.620374799,0.196073189,15.9122372,1.48000002,0,,,0,1
128300187,0.150000006,0,,,0,0.0322344303,0.620374799,0.196073189,15.9122372,1.48300004,0,,,0,1
128301314,0.150000006,0,,,0,0.0322344303,0.620374799,0.196073189,15.9167824,1.48300004,0,,,0,1
128302443,0.150000006,0,,,0,0.0322344303,0.620374799,0.196073189,15.9167824,1.48500001,0,,,0,1
128303569,0.150000006,0,,,0,0.0322344303,0.620374799,0.196073189,15.9122372,1.48500001,0,,,0,1
128304697,0.150000006,0,,,0,0.0402930379,0.620374799,0.196073189,15.9167824,1.48699999,0,,,0,1
128305823,0.150000006,0,,,0,0.0322344303,0.620374799,0.196073189,15.9122372,1.48699999,0,,,0,1
128306957,0.150000006,0,,,0,0.0322344303,0.620374799,0.196073189,15.9122372,1.48899996,0,,,0,1
128308083,0.150000006,0,,,0,0.0402930379,0.620374799,0.196073189,15.9167824,1.48899996,0,,,0,1
128309212,0.150000006,0,,,0,0.0483516455,0.620374799,0.196073189,15.9122372,1.4920001,0,,,0,1
128310338,0.150000006,0,,,0,0.0402930379,0.620374799,0.196073189,15.9122372,1.4920001,0,,,0,1
128311467,0.150000006,0,,,0,0.0322344303,0.620374799,0.196073189,15.9122372,1.49399996,0,,,0,1
128312593,0.150000006,0,,,0,0.0322344303,0.620374799,0.196073189,15.9122372,1.49399996,0,,,0,1
128313722,0.150000006,0,,,0,0.0322344303,0.620374799,0.196073189,15.9167824,1.49600005,0,,,0,1
128314848,0.150000006,0,,,0,0.0241758227,0.620374799,0.196073189,15.9122372,1.49600005,0,,,0,1
128315978,0.150000006,0,,,0,0.0322344303,0.620374799,0.196073189,15.9122372,1.49799991,0,,,0,1
128317110,0.150000006,0,,,0,0.0322344303,0.620374799,0.196073189,15.9167824,1.49799991,0,,,0,1
128318244,0.150000006,0,,,0,0.0241758227,0.620374799,0.196073189,15.9122372,1.50099993,0,,,0,1
128319574,0.150000006,0,,,0,0.0322344303,0.620374799,0.196073189,15.9167824,1.50099993,0,,,0,1
128320703,0.150000006,0,,,0,0.0322344303,0.620374799,0.196073189,15.9122372,1.50300002,0,,,0,1
128321830,0.150000006,0,,,0,0.0322344303,0.620374799,0.196073189,15.9167824,1.50300002,0,,,0,1
128322959,0.150000006,0,,,0,0.0322344303,0.620374799,0.196073189,15.9167824,1.505,0,,,0,1
128324085,0.150000006,0,,,0,0.0241758227,0.620374799,0.196073189,15.9167824,1.505,0,,,0,1
128325214,0.150000006,0,,,0,0.0402930379,0.620374799,0.196073189,15.9122372,1.5079999,0,,,0,1
128326341,0.150000006,0,,,0,0.0322344303,0.620374799,0.196073189,15.9167824,1.5079999,0,,,0,1
128327470,0.150000006,0,,,0,0.0322344303,0.620374799,0.196073189,15.9122372,1.50999999,0,,,0,1
128328596,0.150000006,0,,,0,0.0241758227,0.620374799,0.196073189,15.9122372,1.50999999,0,,,0,1
128329730,0.150000006,0,,,0,0.0322344303,0.620374799,0.196073189,15.9167824,1.51200008,0,,,0,1
128330856,0.150000006,0,,,0,0.0483516455,0.620374799,0.196073189,15.9167824,1.51200008,0,,,0,1
128331986,0.150000006,0,,,0,0.0322344303,0.620374799,0.196073189,15.9167824,1.51400006,0,,,0,1
128333112,0.150000006,0,,,0,0.0241758227,0.620374799,0.196073189,15.9122372,1.51400006,0,,,0,1
128334241,0.150000006,0,,,0,0.0322344303,0.620374799,0.196073189,15.907692,1.51699996,0,,,0,1
128335367,0.150000006,0,,,0,0.0241758227,0.620374799,0.196073189,15.9122372,1.51699996,0,,,0,1
128336496,0.150000006,0,,,0,0.0322344303,0.620374799,0.196073189,15.9122372,1.51900005,0,,,0,1
128337622,0.150000006,0,,,0,0.0322344303,0.620374799,0.196073189,15.9167824,1.51900005,0,,,0,1
128338751,0.150000006,0,,,0,0.0322344303,0.620374799,0.196073189,15.9167824,1.52100015,0,,,0,1
128340086,0.150000006,0,,,0,0.0402930379,0.620374799,0.196073189,15.9122372,1.52100015,0,,,0,1
128341215,0.150000006,0,,,0,0.0322344303,0.620374799,0.196073189,15.9167824,1.52400005,0,,,0,1
128342342,0.150000006,0,,,0,0.0322344303,0.620374799,0.196073189,15.9122372,1.52400005,0,,,0,1
128343471,0.150000006,0,,,0,0.0402930379,0.620374799,0.196073189,15.9122372,1.52600002,0,,,0,1
128344597,0.150000006,0,,,0,0.0402930379,0.620374799,0.196073189,15.9122372,1.52600002,0,,,0,1
128345726,0.150000006,0,,,0,0.0322344303,0.620374799,0.196073189,15.9167824,1.52799988,0,,,0,1
128346852,0.150000006,0,,,0,0.0483516455,0.620374799,0.196073189,15.9122372,1.52799988,0,,,0,1
128347981,0.150000006,0,,,0,0.0322344303,0.620374799,0.196073189,15.9122372,1.52999997,0,,,0,1
128349107,0.150000006,0,,,0,0.0322344303,0.620374799,0.196073189,15.9122372,1.52999997,0,,,0,1
128350237,0.150000006,0,,,0,0.0322344303,0.620374799,0.196073189,15.907692,1.53299999,0,,,0,1
128351368,0.150000006,0,,,0,0.0322344303,0.620374799,0.196073189,15.9167824,1.53299999,0,,,0,1
128352497,0.150000006,0,,,0,0.0241758227,0.620374799,0.196073189,15.9122372,1.53499997,0,,,0,1
128353623,0.150000006,0,,,0,0.0402930379,0.620374799,0.196073189,15.9122372,1.53499997,0,,,0,1
128354753,0.150000006,0,,,0,0.0322344303,0.620374799,0.196073189,15.9167824,1.53699994,0,,,0,1
128355879,0.150000006,0,,,0,0.0241758227,0.620374799,0.196073189,15.9122372,1.53699994,0,,,0,1
128357008,0.150000006,0,,,0,0.0322344303,0.620374799,0.196073189,15.9122372,1.53999996,0,,,0,1
128358134,0.150000006,0,,,0,0.0322344303,0.620374799,0.196073189,15.9122372,1.53999996,0,,,0,1
128359263,0.150000006,0,,,0,0.0322344303,0.620374799,0.196073189,15.9167824,1.54200006,0,,,0,1
128360389,0.150000006,0,,,0,0.0402930379,0.620374799,0.196073189,15.9122372,1.54200006,0,,,0,1
128361722,0.150000006,0,,,0,0.0322344303,0.620374799,0.196073189,15.9167824,1.54400003,0,,,0,1
128362854,0.150000006,0,,,0,0.0241758227,0.620374799,0.196073189,15.9122372,1.54400003,0,,,0,1
128363983,0.150000006,0,,,0,0.0322344303,0.620374799,0.196073189,15.9167824,1.546,0,,,0,1
128365109,0.150000006,0,,,0,0.0322344303,0.620374799,0.196073189,15.9167824,1.546,0,,,0,1
128366238,0.150000006,0,,,0,0.0402930379,0.620374799,0.196073189,15.9122372,1.54900002,0,,,0,1
128367364,0.150000006,0,,,0,0.0322344303,0.620374799,0.196073189,15.9167824,1.54900002,0,,,0,1
128368493,0.150000006,0,,,0,0.0322344303,0.620374799,0.196073189,15.9167824,1.55100012,0,,,0,1
128369620,0.150000006,0,,,0,0.0322344303,0.620374799,0.196073189,15.9167824,1.55100012,0,,,0,1
128370749,0.150000006,0,,,0,0.0241758227,0.620374799,0.196073189,15.9122372,1.55299997,0,,,0,1
128371876,0.150000006,0,,,0,0.0322344303,0.620374799,0.196073189,15.9122372,1.55299997,0,,,0,1
128373005,0.150000006,0,,,0,0.0322344303,0.620374799,0.196073189,15.9167824,1.55599999,0,,,0,1
128374137,0.150000006,0,,,0,0.0322344303,0.620374799,0.196073189,15.9167824,1.55599999,0,,,0,1
128375266,0.150000006,0,,,0,0.0322344303,0.620374799,0.196073189,15.9167824,1.55800009,0,,,0,1
128376392,0.150000006,0,,,0,0.0322344303,0.620374799,0.196073189,15.9122372,1.55800009,0,,,0,1
128377521,0.150000006,0,,,0,0.0402930379,0.620374799,0.196073189,15.9122372,1.55999994,0,,,0,1
128378647,0.150000006,0,,,0,0.0322344303,0.620374799,0.196073189,15.9122372,1.55999994,0,,,0,1
128379776,0.150000006,0,,,0,0.0402930379,0.620374799,0.196073189,15.9167824,1.56200004,0,,,0,1
128380902,0.150000006,0,,,0,0.0322344303,0.620374799,0.196073189,15.9167824,1.56200004,0,,,0,1
128382235,0.150000006,0,,,0,0.0322344303,0.620374799,0.196073189,15.9213276,1.56499994,0,,,0,1
128383361,0.150000006,0,,,0,0.0402930379,0.620374799,0.196073189,15.9167824,1.56499994,0,,,0,1
128384490,0.150000006,0,,,0,0.0322344303,0.620374799,0.196073189,15.9167824,1.56699991,0,,,0,1
128385621,0.150000006,0,,,0,0.0322344303,0.620374799,0.196073189,15.9122372,1.56699991,0,,,0,1
128386750,0.150000006,0,,,0,0.0322344303,0.620374799,0.196073189,15.9167824,1.56900001,0,,,0,1
128387876,0.150000006,0,,,0,0.0322344303,0.620374799,0.196073189,15.9167824,1.56900001,0,,,0,1
128389005,0.150000006,0,,,0,0.0322344303,0.620374799,0.196073189,15.9167824,1.57200003,0,,,0,1
128390131,0.150000006,0,,,0,0.0322344303,0.620374799,0.196073189,15.9167824,1.57200003,0,,,0,1
128391260,0.150000006,0,,,0,0.0402930379,0.620374799,0.196073189,15.9122372,1.574,0,,,0,1
128392386,0.150000006,0,,,0,0.0322344303,0.620374799,0.196073189,15.9122372,1.574,0,,,0,1
128393515,0.150000006,0,,,0,0.0322344303,0.620374799,0.196073189,15.9167824,1.57599998,0,,,0,1
128394642,0.150000006,0,,,0,0.0322344303,0.620374799,0.196073189,15.9122372,1.57599998,0,,,0,1
128395771,0.150000006,0,,,0,0.0322344303,0.620374799,0.196073189,15.9167824,1.57800007,0,,,0,1
128396902,0.150000006,0,,,0,0.0322344303,0.620374799,0.196073189,15.9167824,1.57800007,0,,,0,1
128398031,0.150000006,0,,,0,0.0241758227,0.620374799,0.196073189,15.9122372,1.58100009,0,,,0,1
128399158,0.150000006,0,,,0,0.0322344303,0.620374799,0.196073189,15.9167824,1.58100009,0,,,0,1
128400288,0.150000006,0,,,0,0.0322344303,0.620374799,0.196073189,15.9122372,1.58300006,0,,,0,1
128401414,0.150000006,0,,,0,0.0402930379,0.620374799,0.196073189,15.9167824,1.58300006,0,,,0,1
128402543,0.150000006,0,,,0,0.0241758227,0.620374799,0.196073189,15.9122372,1.58499992,0,,,0,1
128403873,0.150000006,0,,,0,0.0241758227,0.620374799,0.196073189,15.9167824,1.58499992,0,,,0,1
128405002,0.150000006,0,,,0,0.0241758227,0.620374799,0.196073189,15.9122372,1.58699989,0,,,0,1
128406128,0.150000006,0,,,0,0.0322344303,0.620374799,0.196073189,15.9122372,1.58699989,0,,,0,1
128407263,0.150000006,0,,,0,0.0322344303,0.620374799,0.196073189,15.9167824,1.58999991,0,,,0,1
128408389,0.150000006,0,,,0,0.0241758227,0.620374799,0.196073189,15.9167824,1.58999991,0,,,0,1
128409518,0.150000006,0,,,0,0.0322344303,0.620374799,0.196073189,15.9122372,1.59200001,0,,,0,1
128410645,0.150000006,0,,,0,0.0322344303,0.620374799,0.196073189,15.9167824,1.59200001,0,,,0,1
128411774,0.150000006,0,,,0,0.0241758227,0.620374799,0.196073189,15.9167824,1.59399998,0,,,0,1
128412901,0.150000006,0,,,0,0.0402930379,0.620374799,0.196073189,15.9122372,1.59399998,0,,,0,1
128414030,0.150000006,0,,,0,0.0241758227,0.620374799,0.196073189,15.9122372,1.59699988,0,,,0,1
128415157,0.150000006,0,,,0,0.0322344303,0.620374799,0.196073189,15.9167824,1.59699988,0,,,0,1
128416286,0.150000006,0,,,0,0.0322344303,0.620374799,0.196073189,15.9122372,1.59899998,0,,,0,1
128417413,0.150000006,0,,,0,0.0322344303,0.620374799,0.196073189,15.9167824,1.59899998,0,,,0,1
128418547,0.150000006,0,,,0,0.0322344303,0.620374799,0.196073189,15.9122372,1.60100007,0,,,0,1
128419673,0.150000006,0,,,0,0.0322344303,0.620374799,0.196073189,15.9122372,1.60100007,0,,,0,1
128420803,0.150000006,0,,,0,0.0402930379,0.620374799,0.196073189,15.9122372,1.60300004,0,,,0,1
128421929,0.150000006,0,,,0,0.0322344303,0.620374799,0.196073189,15.9167824,1.60300004,0,,,0,1
128423058,0.150000006,0,,,0,0.0241758227,0.620374799,0.196073189,15.9122372,1.60599995,0,,,0,1
128424388,0.150000006,0,,,0,0.0322344303,0.620374799,0.196073189,15.9213276,1.60599995,0,,,0,1
128425517,0.150000006,0,,,0,0.0322344303,0.620374799,0.196073189,15.9167824,1.60800004,0,,,0,1
128426643,0.150000006,0,,,0,0.0241758227,0.620374799,0.196073189,15.9167824,1.60800004,0,,,0,1
128427772,0.150000006,0,,,0,0.0241758227,0.620374799,0.196073189,15.9167824,1.61000013,0,,,0,1
128428898,0.150000006,0,,,0,0.0241758227,0.620374799,0.196073189,15.9167824,1.61000013,0,,,0,1
128430032,0.150000006,0,,,0,0.0241758227,0.620374799,0.196073189,15.9167824,1.61300004,0,,,0,1
128431158,0.150000006,0,,,0,0.0322344303,0.620374799,0.196073189,15.9167824,1.61300004,0,,,0,1
128432287,0.150000006,0,,,0,0.0322344303,0.620374799,0.196073189,15.9167824,1.61500001,0,,,0,1
128433413,0.150000006,0,,,0,0.0402930379,0.620374799,0.196073189,15.9167824,1.61500001,0,,,0,1
128434541,0.150000006,0,,,0,0.0322344303,0.620374799,0.196073189,15.9167824,1.61699986,0,,,0,1
128435667,0.150000006,0,,,0,0.0322344303,0.620374799,0.196073189,15.9167824,1.61699986,0,,,0,1
128436796,0.150000006,0,,,0,0.0322344303,0.620374799,0.196073189,15.9122372,1.61899996,0,,,0,1
128437922,0.150000006,0,,,0,0.0402930379,0.620374799,0.196073189,15.9122372,1.61899996,0,,,0,1
128439052,0.150000006,0,,,0,0.0241758227,0.620374799,0.196073189,15.9122372,1.62199998,0,,,0,1
128440178,0.150000006,0,,,0,0.0322344303,0.620374799,0.196073189,15.9122372,1.62199998,0,,,0,1
128441312,0.150000006,0,,,0,0.0322344303,0.620374799,0.196073189,15.9122372,1.62399995,0,,,0,1
128442438,0.150000006,0,,,0,0.0322344303,0.620374799,0.196073189,15.9167824,1.62399995,0,,,0,1
128443568,0.150000006,0,,,0,0.0241758227,0.620374799,0.196073189,15.907692,1.62599993,0,,,0,1
128444898,0.150000006,0,,,0,0.0322344303,0.620374799,0.196073189,15.9167824,1.62599993,0,,,0,1
128446027,0.150000006,0,,,0,0.0241758227,0.620374799,0.196073189,15.9122372,1.62899995,0,,,0,1
128447153,0.150000006,0,,,0,0.0322344303,0.620374799,0.196073189,15.9122372,1.62899995,0,,,0,1
128448283,0.150000006,0,,,0,0.0322344303,0.620374799,0.196073189,15.9167824,1.63100004,0,,,0,1
128449410,0.150000006,0,,,0,0.0322344303,0.620374799,0.196073189,15.9167824,1.63100004,0,,,0,1
128450539,0.150000006,0,,,0,0.0322344303,0.620374799,0.196073189,15.9122372,1.63300002,0,,,0,1
128451665,0.150000006,0,,,0,0.0322344303,0.620374799,0.196073189,15.9167824,1.63300002,0,,,0,1
128452799,0.150000006,0,,,0,0.0322344303,0.620374799,0.196073189,15.9122372,1.63499999,0,,,0,1
128453925,0.150000006,0,,,0,0.0322344303,0.620374799,0.196073189,15.9167824,1.63499999,0,,,0,1
128455054,0.150000006,0,,,0,0.0322344303,0.620374799,0.196073189,15.9167824,1.63800001,0,,,0,1
128456180,0.150000006,0,,,0,0.0322344303,0.620374799,0.196073189,15.9167824,1.63800001,0,,,0,1
128457310,0.150000006,0,,,0,0.0241758227,0.620374799,0.196073189,15.9122372,1.6400001,0,,,0,1
128458436,0.150000006,0,,,0,0.0402930379,0.620374799,0.196073189,15.9122372,1.6400001,0,,,0,1
128459565,0.150000006,0,,,0,0.0241758227,0.620374799,0.196073189,15.9122372,1.64200008,0,,,0,1
128460691,0.150000006,0,,,0,0.0402930379,0.620374799,0.196073189,15.9122372,1.64200008,0,,,0,1
128461821,0.150000006,0,,,0,0.0241758227,0.620374799,0.196073189,15.9122372,1.64399993,0,,,0,1
128462947,0.150000006,0,,,0,0.0322344303,0.620374799,0.196073189,15.9167824,1.64399993,0,,,0,1
128464080,0.150000006,0,,,0,0.0322344303,0.620374799,0.196073189,15.9167824,1.64700007,0,,,0,1
128465207,0.150000006,0,,,0,0.0241758227,0.620374799,0.196073189,15.9167824,1.64700007,0,,,0,1
128466540,0.150000006,0,,,0,0.0322344303,0.620374799,0.196073189,15.9167824,1.64899993,0,,,0,1
128467666,0.150000006,0,,,0,0.0322344303,0.620374799,0.196073189,15.9213276,1.64899993,0,,,0,1
128468795,0.150000006,0,,,0,0.0241758227,0.620374799,0.196073189,15.9122372,1.65100002,0,,,0,1
128469921,0.150000006,0,,,0,0.0402930379,0.620374799,0.196073189,15.9167824,1.65100002,0,,,0,1
128471050,0.150000006,0,,,0,0.0402930379,0.620374799,0.196073189,15.9167824,1.65399992,0,,,0,1
128472176,0.150000006,0,,,0,0.0322344303,0.620374799,0.196073189,15.9167824,1.65399992,0,,,0,1
128473305,0.150000006,0,,,0,0.0241758227,0.620374799,0.196073189,15.9167824,1.6559999,0,,,0,1
128474431,0.150000006,0,,,0,0.0322344303,0.620374799,0.196073189,15.9122372,1.6559999,0,,,0,1
128475566,0.150000006,0,,,0,0.0322344303,0.620374799,0.196073189,15.9167824,1.65799999,0,,,0,1
128476692,0.150000006,0,,,0,0.0322344303,0.620374799,0.196073189,15.9122372,1.65799999,0,,,0,1
128477821,0.150000006,0,,,0,0.0241758227,0.620374799,0.196073189,15.9167824,1.66000009,0,,,0,1
128478947,0.150000006,0,,,0,0.0322344303,0.620374799,0.196073189,15.9122372,1.66000009,0,,,0,1
128480076,0.150000006,0,,,0,0.0241758227,0.620374799,0.196073189,15.9167824,1.66299999,0,,,0,1
128481202,0.150000006,0,,,0,0.0322344303,0.620374799,0.196073189,15.9213276,1.66299999,0,,,0,1
128482331,0.150000006,0,,,0,0.0241758227,0.620374799,0.196073189,15.9167824,1.66499996,0,,,0,1
128483458,0.150000006,0,,,0,0.0402930379,0.620374799,0.196073189,15.9167824,1.66499996,0,,,0,1
128484587,0.150000006,0,,,0,0.0322344303,0.620374799,0.196073189,15.9122372,1.66700006,0,,,0,1
128485718,0.150000006,0,,,0,0.0322344303,0.620374799,0.196073189,15.9122372,1.66700006,0,,,0,1
128487051,0.150000006,0,,,0,0.0322344303,0.620374799,0.196073189,15.9122372,1.67000008,0,,,0,1
128488178,0.150000006,0,,,0,0.0322344303,0.620374799,0.196073189,15.9167824,1.67000008,0,,,0,1
128489307,0.150000006,0,,,0,0.0322344303,0.620374799,0.196073189,15.9122372,1.67200005,0,,,0,1
128490433,0.150000006,0,,,0,0.0322344303,0.620374799,0.196073189,15.9167824,1.67200005,0,,,0,1
128491562,0.150000006,0,,,0,0.0322344303,0.620374799,0.196073189,15.9122372,1.67400002,0,,,0,1
128492688,0.150000006,0,,,0,0.0322344303,0.620374799,0.196073189,15.9122372,1.67400002,0,,,0,1
128493817,0.150000006,0,,,0,0.0322344303,0.620374799,0.196073189,15.9167824,1.67599988,0,,,0,1
128494943,0.150000006,0,,,0,0.0322344303,0.620374799,0.196073189,15.9122372,1.67599988,0,,,0,1
128496073,0.150000006,0,,,0,0.0241758227,0.620374799,0.196073189,15.9167824,1.67900014,0,,,0,1
128497204,0.150000006,0,,,0,0.0322344303,0.620374799,0.196073189,15.9167824,1.67900014,0,,,0,1
128498334,0.150000006,0,,,0,0.0241758227,0.620374799,0.196073189,15.9122372,1.68099999,0,,,0,1
128499460,0.150000006,0,,,0,0.0483516455,0.620374799,0.196073189,15.9122372,1.68099999,0,,,0,1
128500589,0.150000006,0,,,0,0.0322344303,0.620374799,0.196073189,15.9122372,1.68299997,0,,,0,1
128501715,0.150000006,0,,,0,0.0402930379,0.620374799,0.196073189,15.9167824,1.68299997,0,,,0,1
128502844,0.150000006,0,,,0,0.0241758227,0.620374799,0.196073189,15.9167824,1.68499994,0,,,0,1
128503970,0.150000006,0,,,0,0.0322344303,0.620374799,0.196073189,15.9122372,1.68499994,0,,,0,1
128505099,0.150000006,0,,,0,0.0322344303,0.620374799,0.196073189,15.9167824,1.68799996,0,,,0,1
128506225,0.150000006,0,,,0,0.0241758227,0.620374799,0.196073189,15.9213276,1.68799996,0,,,0,1
128507355,0.150000006,0,,,0,0.0322344303,0.620374799,0.196073189,15.9167824,1.69000006,0,,,0,1
128508690,0.150000006,0,,,0,0.0322344303,0.620374799,0.196073189,15.9122372,1.69000006,0,,,0,1
128509819,0.150000006,0,,,0,0.0322344303,0.620374799,0.196073189,15.9122372,1.69200003,0,,,0,1
128510945,0.150000006,0,,,0,0.0322344303,0.620374799,0.196073189,15.9167824,1.69200003,0,,,0,1
128512075,0.150000006,0,,,0,0.0322344303,0.620374799,0.196073189,15.9167824,1.69499993,0,,,0,1
128513201,0.150000006,0,,,0,0.0241758227,0.620374799,0.196073189,15.9167824,1.69499993,0,,,0,1
128514331,0.150000006,0,,,0,0.0322344303,0.620374799,0.196073189,15.9167824,1.69700003,0,,,0,1
128515457,0.150000006,0,,,0,0.0322344303,0.620374799,0.196073189,15.9122372,1.69700003,0,,,0,1
128516586,0.150000006,0,,,0,0.0322344303,0.620374799,0.196073189,15.9167824,1.69900012,0,,,0,1
128517713,0.150000006,0,,,0,0.0322344303,0.620374799,0.196073189,15.9122372,1.69900012,0,,,0,1
128518842,0.150000006,0,,,0,0.0322344303,0.620374799,0.196073189,15.9167824,1.70099998,0,,,0,1
128519973,0.150000006,0,,,0,0.0241758227,0.620374799,0.196073189,15.9167824,1.70099998,0,,,0,1
128521102,0.150000006,0,,,0,0.0402930379,0.620374799,0.196073189,15.9167824,1.704,0,,,0,1
128522228,0.150000006,0,,,0,0.0322344303,0.620374799,0.196073189,15.9213276,1.704,0,,,0,1
128523357,0.150000006,0,,,0,0.0322344303,0.620374799,0.196073189,15.9167824,1.70599985,0,,,0,1
128524484,0.150000006,0,,,0,0.0322344303,0.620374799,0.196073189,15.9167824,1.70599985,0,,,0,1
128525613,0.150000006,0,,,0,0.0322344303,0.620374799,0.196073189,15.9167824,1.70799994,0,,,0,1
128526740,0.150000006,0,,,0,0.0241758227,0.620374799,0.196073189,15.9167824,1.70799994,0,,,0,1
128527869,0.150000006,0,,,0,0.0241758227,0.620374799,0.196073189,15.9122372,1.71000004,0,,,0,1
128529200,0.150000006,0,,,0,0.0322344303,0.620374799,0.196073189,15.9167824,1.71000004,0,,,0,1
128530329,0.150000006,0,,,0,0.0322344303,0.620374799,0.196073189,15.9167824,1.71299994,0,,,0,1
128531460,0.150000006,0,,,0,0.0322344303,0.620374799,0.196073189,15.9167824,1.71299994,0,,,0,1
128532588,0.150000006,0,,,0,0.0241758227,0.620374799,0.196073189,15.9122372,1.71499991,0,,,0,1
128533714,0.150000006,0,,,0,0.0322344303,0.620374799,0.196073189,15.9167824,1.71499991,0,,,0,1
128534844,0.150000006,0,,,0,0.0322344303,0.620374799,0.196073189,15.9122372,1.71700001,0,,,0,1
128535970,0.150000006,0,,,0,0.0322344303,0.620374799,0.196073189,15.9167824,1.71700001,0,,,0,1
128537100,0.150000006,0,,,0,0.0241758227,0.620374799,0.196073189,15.9167824,1.72000003,0,,,0,1
128538226,0.150000006,0,,,0,0.0322344303,0.620374799,0.196073189,15.9167824,1.72000003,0,,,0,1
128539355,0.150000006,0,,,0,0.0322344303,0.620374799,0.196073189,15.9122372,1.722,0,,,0,1
128540481,0.150000006,0,,,0,0.0322344303,0.620374799,0.196073189,15.9122372,1.722,0,,,0,1
128541611,0.150000006,0,,,0,0.0322344303,0.620374799,0.196073189,15.9122372,1.72399998,0,,,0,1
128542742,0.150000006,0,,,0,0.0483516455,0.620374799,0.196073189,15.9167824,1.72399998,0,,,0,1
128543871,0.150000006,0,,,0,0.0402930379,0.620374799,0.196073189,15.9167824,1.72600007,0,,,0,1
128544998,0.150000006,0,,,0,0.0402930379,0.620374799,0.196073189,15.9122372,1.72600007,0,,,0,1
128546127,0.150000006,0,,,0,0.0322344303,0.620374799,0.196073189,15.9167824,1.72900009,0,,,0,1
128547253,0.150000006,0,,,0,0.0322344303,0.620374799,0.196073189,15.9122372,1.72900009,0,,,0,1
128548383,0.150000006,0,,,0,0.0322344303,0.620374799,0.196073189,15.9167824,1.73100007,0,,,0,1
128549509,0.150000006,0,,,0,0.0322344303,0.620374799,0.196073189,15.9167824,1.73100007,0,,,0,1
128550842,0.150000006,0,,,0,0.0402930379,0.620374799,0.196073189,15.9167824,1.73299992,0,,,0,1
128551969,0.150000006,0,,,0,0.0322344303,0.620374799,0.196073189,15.9167824,1.73299992,0,,,0,1
128553103,0.150000006,0,,,0,0.0322344303,0.620374799,0.196073189,15.9167824,1.73600006,0,,,0,1
128554229,0.150000006,0,,,0,0.0241758227,0.620374799,0.196073189,15.9167824,1.73600006,0,,,0,1
128555359,0.150000006,0,,,0,0.0241758227,0.620374799,0.196073189,15.9167824,1.73799992,0,,,0,1
128556486,0.150000006,0,,,0,0.0322344303,0.620374799,0.196073189,15.9122372,1.73799992,0,,,0,1
128557615,0.150000006,0,,,0,0.0402930379,0.620374799,0.196073189,15.9122372,1.74000001,0,,,0,1
128558741,0.150000006,0,,,0,0.0322344303,0.620374799,0.196073189,15.9122372,1.74000001,0,,,0,1
128559870,0.150000006,0,,,0,0.0322344303,0.620374799,0.196073189,15.9167824,1.74199998,0,,,0,1
128560997,0.150000006,0,,,0,0.0322344303,0.620374799,0.196073189,15.9167824,1.74199998,0,,,0,1
128562126,0.150000006,0,,,0,0.0322344303,0.620374799,0.196073189,15.9167824,1.74499989,0,,,0,1
128563252,0.150000006,0,,,0,0.0322344303,0.620374799,0.196073189,15.9167824,1.74499989,0,,,0,1
128564386,0.150000006,0,,,0,0.0241758227,0.620374799,0.196073189,15.9167824,1.74699998,0,,,0,1
128565512,0.150000006,0,,,0,0.0322344303,0.620374799,0.196073189,15.9167824,1.74699998,0,,,0,1
128566641,0.150000006,0,,,0,0.0322344303,0.620374799,0.196073189,15.9167824,1.74900007,0,,,0,1
128567768,0.150000006,0,,,0,0.0322344303,0.620374799,0.196073189,15.9167824,1.74900007,0,,,0,1
128568897,0.150000006,0,,,0,0.0322344303,0.620374799,0.196073189,15.9122372,1.75100005,0,,,0,1
128570023,0.150000006,0,,,0,0.0322344303,0.620374799,0.196073189,15.9167824,1.75100005,0,,,0,1
128571356,0.150000006,0,,,0,0.0322344303,0.620374799,0.196073189,15.9122372,1.75399995,0,,,0,1
128572482,0.150000006,0,,,0,0.0241758227,0.620374799,0.196073189,15.9122372,1.75399995,0,,,0,1
128573612,0.150000006,0,,,0,0.0322344303,0.620374799,0.196073189,15.9213276,1.75600004,0,,,0,1
128574738,0.150000006,0,,,0,0.0322344303,0.620374799,0.196073189,15.9213276,1.75600004,0,,,0,1
128575872,0.150000006,0,,,0,0.0241758227,0.620374799,0.196073189,15.9167824,1.75800014,0,,,0,1
128576998,0.150000006,0,,,0,0.0322344303,0.620374799,0.196073189,15.9167824,1.75800014,0,,,0,1
128578128,0.150000006,0,,,0,0.0322344303,0.620374799,0.196073189,15.9167824,1.76100004,0,,,0,1
128579254,0.150000006,0,,,0,0.0322344303,0.620374799,0.196073189,15.9167824,1.76100004,0,,,0,1
128580383,0.150000006,0,,,0,0.0322344303,0.620374799,0.196073189,15.9167824,1.76300001,0,,,0,1
128581509,0.150000006,0,,,0,0.0322344303,0.620374799,0.196073189,15.9167824,1.76300001,0,,,0,1
128582638,0.150000006,0,,,0,0.0402930379,0.620374799,0.196073189,15.9122372,1.76499987,0,,,0,1
128583764,0.150000006,0,,,0,0.0322344303,0.620374799,0.196073189,15.9167824,1.76499987,0,,,0,1
128584893,0.150000006,0,,,0,0.0322344303,0.620374799,0.196073189,15.9167824,1.76699996,0,,,0,1
128586020,0.150000006,0,,,0,0.0322344303,0.620374799,0.196073189,15.9167824,1.76699996,0,,,0,1
128587153,0.150000006,0,,,0,0.0241758227,0.620374799,0.196073189,15.9167824,1.76999998,0,,,0,1
128588279,0.150000006,0,,,0,0.0322344303,0.620374799,0.196073189,15.9167824,1.76999998,0,,,0,1
128589408,0.150000006,0,,,0,0.0322344303,0.620374799,0.196073189,15.9122372,1.77199996,0,,,0,1
128590534,0.150000006,0,,,0,0.0322344303,0.620374799,0.196073189,15.9122372,1.77199996,0,,,0,1
128591867,0.150000006,0,,,0,0.0322344303,0.620374799,0.196073189,15.9167824,1.77399993,0,,,0,1
128592994,0.150000006,0,,,0,0.0241758227,0.620374799,0.196073189,15.9122372,1.77399993,0,,,0,1
128594123,0.150000006,0,,,0,0.0322344303,0.620374799,0.196073189,15.9167824,1.77699995,0,,,0,1
128595249,0.150000006,0,,,0,0.0322344303,0.620374799,0.196073189,15.9122372,1.77699995,0,,,0,1
128596379,0.150000006,0,,,0,0.0322344303,0.620374799,0.196073189,15.9167824,1.77900004,0,,,0,1
128597505,0.150000006,0,,,0,0.0322344303,0.620374799,0.196073189,15.9122372,1.77900004,0,,,0,1
128598639,0.150000006,0,,,0,0.0241758227,0.620374799,0.196073189,15.9122372,1.78100002,0,,,0,1
128599766,0.150000006,0,,,0,0.0322344303,0.620374799,0.196073189,15.9122372,1.78100002,0,,,0,1
128600895,0.150000006,0,,,0,0.0322344303,0.620374799,0.196073189,15.9167824,1.78299999,0,,,0,1
128602021,0.150000006,0,,,0,0.0322344303,0.620374799,0.196073189,15.9167824,1.78299999,0,,,0,1
128603150,0.150000006,0,,,0,0.0241758227,0.620374799,0.196073189,15.9122372,1.78600001,0,,,0,1
128604276,0.150000006,0,,,0,0.0322344303,0.620374799,0.196073189,15.9167824,1.78600001,0,,,0,1
128605405,0.150000006,0,,,0,0.0322344303,0.620374799,0.196073189,15.9167824,1.78800011,0,,,0,1
128606531,0.150000006,0,,,0,0.0241758227,0.620374799,0.196073189,15.9167824,1.78800011,0,,,0,1
128607660,0.150000006,0,,,0,0.0241758227,0.620374799,0.196073189,15.9167824,1.79000008,0,,,0,1
128608787,0.150000006,0,,,0,0.0322344303,0.620374799,0.196073189,15.9167824,1.79000008,0,,,0,1
128609921,0.150000006,0,,,0,0.0402930379,0.620374799,0.196073189,15.9213276,1.79199994,0,,,0,1
128611047,0.150000006,0,,,0,0.0402930379,0.620374799,0.196073189,15.9167824,1.79199994,0,,,0,1
128612176,0.150000006,0,,,0,0.0322344303,0.620374799,0.196073189,15.9167824,1.79500008,0,,,0,1
128613506,0.150000006,0,,,0,0.0322344303,0.620374799,0.196073189,15.9122372,1.79500008,0,,,0,1
128614635,0.150000006,0,,,0,0.0322344303,0.620374799,0.196073189,15.9122372,1.79699993,0,,,0,1
128615762,0.150000006,0,,,0,0.0322344303,0.620374799,0.196073189,15.9167824,1.79699993,0,,,0,1
128616891,0.150000006,0,,,0,0.0322344303,0.620374799,0.196073189,15.9167824,1.79900002,0,,,0,1
128618017,0.150000006,0,,,0,0.0322344303,0.620374799,0.196073189,15.9167824,1.79900002,0,,,0,1
128619147,0.150000006,0,,,0,0.0402930379,0.620374799,0.196073189,15.9167824,1.80199993,0,,,0,1
128620273,0.150000006,0,,,0,0.0322344303,0.620374799,0.196073189,15.9122372,1.80199993,0,,,0,1
128621406,0.150000006,0,,,0,0.0322344303,0.620374799,0.196073189,15.9167824,1.8039999,0,,,0,1
128622533,0.150000006,0,,,0,0.0402930379,0.620374799,0.196073189,15.9167824,1.8039999,0,,,0,1
128623662,0.150000006,0,,,0,0.0322344303,0.620374799,0.196073189,15.9122372,1.80599999,0,,,0,1
128624788,0.150000006,0,,,0,0.0322344303,0.620374799,0.196073189,15.9122372,1.80599999,0,,,0,1
128625917,0.150000006,0,,,0,0.0322344303,0.620374799,0.196073189,15.9122372,1.80800009,0,,,0,1
128627043,0.150000006,0,,,0,0.0322344303,0.620374799,0.196073189,15.9122372,1.80800009,0,,,0,1
128628172,0.150000006,0,,,0,0.0322344303,0.620374799,0.196073189,15.9167824,1.81099999,0,,,0,1
128629298,0.150000006,0,,,0,0.0322344303,0.620374799,0.196073189,15.9122372,1.81099999,0,,,0,1
128630427,0.150000006,0,,,0,0.0322344303,0.620374799,0.196073189,15.9167824,1.81299996,0,,,0,1
128631558,0.150000006,0,,,0,0.0322344303,0.620374799,0.196073189,15.9167824,1.81299996,0,,,0,1
128632687,0.150000006,0,,,0,0.0483516455,0.620374799,0.196073189,15.9167824,1.81500006,0,,,0,1
128634018,0.150000006,0,,,0,0.0402930379,0.620374799,0.196073189,15.9167824,1.81500006,0,,,0,1
128635147,0.150000006,0,,,0,0.0402930379,0.620374799,0.196073189,15.9167824,1.81800008,0,,,0,1
128636273,0.150000006,0,,,0,0.0322344303,0.620374799,0.196073189,15.9122372,1.81800008,0,,,0,1
128637402,0.150000006,0,,,0,0.0322344303,0.620374799,0.196073189,15.9167824,1.82000005,0,,,0,1
128638529,0.150000006,0,,,0,0.0322344303,0.620374799,0.196073189,15.9167824,1.82000005,0,,,0,1
128639658,0.150000006,0,,,0,0.0322344303,0.620374799,0.196073189,15.9122372,1.82200003,0,,,0,1
128640785,0.150000006,0,,,0,0.0322344303,0.620374799,0.196073189,15.9167824,1.82200003,0,,,0,1
128641914,0.150000006,0,,,0,0.0322344303,0.620374799,0.196073189,15.9122372,1.82399988,0,,,0,1
128643045,0.150000006,0,,,0,0.0402930379,0.620374799,0.196073189,15.9167824,1.82399988,0,,,0,1
128644174,0.150000006,0,,,0,0.0241758227,0.620374799,0.196073189,15.9167824,1.82700014,0,,,0,1
128645300,0.150000006,0,,,0,0.0322344303,0.620374799,0.196073189,15.9122372,1.82700014,0,,,0,1
128646430,0.150000006,0,,,0,0.0322344303,0.620374799,0.196073189,15.9122372,1.829,0,,,0,1
128647556,0.150000006,0,,,0,0.0322344303,0.620374799,0.196073189,15.9167824,1.829,0,,,0,1
128648685,0.150000006,0,,,0,0.0322344303,0.620374799,0.196073189,15.9122372,1.83099997,0,,,0,1
128649811,0.150000006,0,,,0,0.0322344303,0.620374799,0.196073189,15.9122372,1.83099997,0,,,0,1
128650940,0.150000006,0,,,0,0.0241758227,0.620374799,0.196073189,15.9122372,1.83299994,0,,,0,1
128652066,0.150000006,0,,,0,0.0322344303,0.620374799,0.196073189,15.9167824,1.83299994,0,,,0,1
128653195,0.150000006,0,,,0,0.0402930379,0.620374799,0.196073189,15.9167824,1.83599997,0,,,0,1
128654327,0.150000006,0,,,0,0.0402930379,0.620374799,0.196073189,15.9167824,1.83599997,0,,,0,1
128655660,0.150000006,0,,,0,0.0241758227,0.620374799,0.196073189,15.9167824,1.83800006,0,,,0,1
128656786,0.150000006,0,,,0,0.0322344303,0.620374799,0.196073189,15.9167824,1.83800006,0,,,0,1
128657916,0.150000006,0,,,0,0.0322344303,0.620374799,0.196073189,15.9167824,1.84000003,0,,,0,1
128659042,0.150000006,0,,,0,0.0322344303,0.620374799,0.196073189,15.9167824,1.84000003,0,,,0,1
128660171,0.150000006,0,,,0,0.0322344303,0.620374799,0.196073189,15.9122372,1.84299994,0,,,0,1
128661297,0.150000006,0,,,0,0.0322344303,0.620374799,0.196073189,15.9122372,1.84299994,0,,,0,1
128662427,0.150000006,0,,,0,0.0322344303,0.620374799,0.196073189,15.9167824,1.84500003,0,,,0,1
128663553,0.150000006,0,,,0,0.0402930379,0.620374799,0.196073189,15.9167824,1.84500003,0,,,0,1
128664682,0.150000006,0,,,0,0.0322344303,0.620374799,0.196073189,15.9167824,1.84700012,0,,,0,1
128665813,0.150000006,0,,,0,0.0322344303,0.620374799,0.196073189,15.9167824,1.84700012,0,,,0,1
128666942,0.150000006,0,,,0,0.0241758227,0.620374799,0.196073189,15.9122372,1.84899998,0,,,0,1
128668069,0.150000006,0,,,0,0.0322344303,0.620374799,0.196073189,15.9167824,1.84899998,0,,,0,1
128669198,0.150000006,0,,,0,0.0402930379,0.620374799,0.196073189,15.9167824,1.852,0,,,0,1
128670324,0.150000006,0,,,0,0.0402930379,0.620374799,0.196073189,15.9167824,1.852,0,,,0,1
128671453,0.150000006,0,,,0,0.0322344303,0.620374799,0.196073189,15.9167824,1.85399985,0,,,0,1
128672580,0.150000006,0,,,0,0.0322344303,0.620374799,0.196073189,15.9122372,1.85399985,0,,,0,1
128673709,0.150000006,0,,,0,0.0322344303,0.620374799,0.196073189,15.9167824,1.85599995,0,,,0,1
128674836,0.150000006,0,,,0,0.0402930379,0.620374799,0.196073189,15.9167824,1.85599995,0,,,0,1
128676168,0.150000006,0,,,0,0.0322344303,0.620374799,0.196073189,15.9167824,1.85900009,0,,,0,1
128677299,0.150000006,0,,,0,0.0322344303,0.620374799,0.196073189,15.9167824,1.85900009,0,,,0,1
128678428,0.150000006,0,,,0,0.0322344303,0.620374799,0.196073189,15.9167824,1.86099994,0,,,0,1
128679554,0.150000006,0,,,0,0.0402930379,0.620374799,0.196073189,15.9122372,1.86099994,0,,,0,1
128680683,0.150000006,0,,,0,0.0322344303,0.620374799,0.196073189,15.9167824,1.86299992,0,,,0,1
128681809,0.150000006,0,,,0,0.0322344303,0.620374799,0.196073189,15.9122372,1.86299992,0,,,0,1
128682939,0.150000006,0,,,0,0.0322344303,0.620374799,0.196073189,15.9167824,1.86500001,0,,,0,1
128684065,0.150000006,0,,,0,0.0241758227,0.620374799,0.196073189,15.9167824,1.86500001,0,,,0,1
128685195,0.150000006,0,,,0,0.0322344303,0.620374799,0.196073189,15.9122372,1.86800003,0,,,0,1
128686321,0.150000006,0,,,0,0.0402930379,0.620374799,0.196073189,15.9167824,1.86800003,0,,,0,1
128687450,0.150000006,0,,,0,0.0402930379,0.620374799,0.196073189,15.9122372,1.87,0,,,0,1
128688582,0.150000006,0,,,0,0.0322344303,0.620374799,0.196073189,15.9167824,1.87,0,,,0,1
128689711,0.150000006,0,,,0,0.0322344303,0.620374799,0.196073189,15.9122372,1.87199998,0,,,0,1
128690837,0.150000006,0,,,0,0.0322344303,0.620374799,0.196073189,15.9167824,1.87199998,0,,,0,1
128691966,0.150000006,0,,,0,0.0322344303,0.620374799,0.196073189,15.9167824,1.87400007,0,,,0,1
128693092,0.150000006,0,,,0,0.0241758227,0.620374799,0.196073189,15.9167824,1.87400007,0,,,0,1
128694221,0.150000006,0,,,0,0.0241758227,0.620374799,0.196073189,15.9122372,1.87700009,0,,,0,1
128695347,0.150000006,0,,,0,0.0322344303,0.620374799,0.196073189,15.9122372,1.87700009,0,,,0,1
128696476,0.150000006,0,,,0,0.0402930379,0.620374799,0.196073189,15.9167824,1.87900007,0,,,0,1
128697807,0.150000006,0,,,0,0.0322344303,0.620374799,0.196073189,15.9122372,1.87900007,0,,,0,1
128698941,0.150000006,0,,,0,0.0322344303,0.620374799,0.196073189,15.9122372,1.88099992,0,,,0,1
128700067,0.150000006,0,,,0,0.0322344303,0.620374799,0.196073189,15.9167824,1.88099992,0,,,0,1
128701196,0.150000006,0,,,0,0.0241758227,0.620374799,0.196073189,15.9167824,1.88400006,0,,,0,1
128702322,0.150000006,0,,,0,0.0322344303,0.620374799,0.196073189,15.9122372,1.88400006,0,,,0,1
128703451,0.150000006,0,,,0,0.0322344303,0.620374799,0.196073189,15.9167824,1.88599992,0,,,0,1
128704577,0.150000006,0,,,0,0.0241758227,0.620374799,0.196073189,15.9122372,1.88599992,0,,,0,1
128705706,0.150000006,0,,,0,0.0402930379,0.620374799,0.196073189,15.9167824,1.88800001,0,,,0,1
128706833,0.150000006,0,,,0,0.0402930379,0.620374799,0.196073189,15.9167824,1.88800001,0,,,0,1
128707962,0.150000006,0,,,0,0.0402930379,0.620374799,0.196073189,15.9122372,1.88999999,0,,,0,1
128709089,0.150000006,0,,,0,0.0322344303,0.620374799,0.196073189,15.9167824,1.88999999,0,,,0,1
128710222,0.150000006,0,,,0,0.0322344303,0.620374799,0.196073189,15.9167824,1.89299989,0,,,0,1
128711349,0.150000006,0,,,0,0.0322344303,0.620374799,0.196073189,15.9122372,1.89299989,0,,,0,1
128712478,0.150000006,0,,,0,0.0322344303,0.620374799,0.196073189,15.9122372,1.89499998,0,,,0,1
128713604,0.150000006,0,,,0,0.0322344303,0.620374799,0.196073189,15.9167824,1.89499998,0,,,0,1
128714733,0.150000006,0,,,0,0.0241758227,0.620374799,0.196073189,15.9122372,1.89700007,0,,,0,1
128715860,0.150000006,0,,,0,0.0322344303,0.620374799,0.196073189,15.9122372,1.89700007,0,,,0,1
128716989,0.150000006,0,,,0,0.0322344303,0.620374799,0.196073189,15.9122372,1.89900005,0,,,0,1
128718319,0.150000006,0,,,0,0.0322344303,0.620374799,0.196073189,15.9122372,1.89900005,0,,,0,1
128719448,0.150000006,0,,,0,0.0402930379,0.620374799,0.196073189,15.9167824,1.90199995,0,,,0,1
128720574,0.150000006,0,,,0,0.0322344303,0.620374799,0.196073189,15.9167824,1.90199995,0,,,0,1
128721708,0.150000006,0,,,0,0.0322344303,0.620374799,0.196073189,15.9122372,1.90400004,0,,,0,1
128722834,0.150000006,0,,,0,0.0322344303,0.620374799,0.196073189,15.9167824,1.90400004,0,,,0,1
128723963,0.150000006,0,,,0,0.0322344303,0.620374799,0.196073189,15.9167824,1.90600014,0,,,0,1
128725089,0.150000006,0,,,0,0.0322344303,0.620374799,0.196073189,15.9122372,1.90600014,0,,,0,1
128726218,0.150000006,0,,,0,0.0241758227,0.620374799,0.196073189,15.907692,1.90900004,0,,,0,1
128727344,0.150000006,0,,,0,0.0241758227,0.620374799,0.196073189,15.9122372,1.90900004,0,,,0,1
128728473,0.150000006,0,,,0,0.0322344303,0.620374799,0.196073189,15.9167824,1.91100001,0,,,0,1
128729599,0.150000006,0,,,0,0.0241758227,0.620374799,0.196073189,15.9167824,1.91100001,0,,,0,1
128730728,0.150000006,0,,,0,0.0241758227,0.620374799,0.196073189,15.9167824,1.91299987,0,,,0,1
128731854,0.150000006,0,,,0,0.0322344303,0.620374799,0.196073189,15.9122372,1.91299987,0,,,0,1
128732988,0.150000006,0,,,0,0.0322344303,0.620374799,0.196073189,15.9167824,1.91499996,0,,,0,1
128734114,0.150000006,0,,,0,0.0322344303,0.620374799,0.196073189,15.9122372,1.91499996,0,,,0,1
128735244,0.150000006,0,,,0,0.0241758227,0.620374799,0.196073189,15.9122372,1.91799998,0,,,0,1
128736370,0.150000006,0,,,0,0.0322344303,0.620374799,0.196073189,15.9167824,1.91799998,0,,,0,1
128737499,0.150000006,0,,,0,0.0402930379,0.620374799,0.196073189,15.9213276,1.91999996,0,,,0,1
128738829,0.150000006,0,,,0,0.0322344303,0.620374799,0.196073189,15.9167824,1.91999996,0,,,0,1
128739959,0.150000006,0,,,0,0.0402930379,0.620374799,0.196073189,15.9167824,1.92199993,0,,,0,1
128741085,0.150000006,0,,,0,0.0322344303,0.620374799,0.196073189,15.9167824,1.92199993,0,,,0,1
128742214,0.150000006,0,,,0,0.0322344303,0.620374799,0.196073189,15.9122372,1.92499995,0,,,0,1
128743340,0.150000006,0,,,0,0.0241758227,0.620374799,0.196073189,15.9167824,1.92499995,0,,,0,1
128744474,0.150000006,0,,,0,0.0322344303,0.620374799,0.196073189,15.9122372,1.92700005,0,,,0,1
128745600,0.150000006,0,,,0,0.0322344303,0.620374799,0.196073189,15.9167824,1.92700005,0,,,0,1
128746729,0.150000006,0,,,0,0.0322344303,0.620374799,0.196073189,15.9167824,1.92900002,0,,,0,1
128747855,0.150000006,0,,,0,0.0483516455,0.620374799,0.196073189,15.9167824,1.92900002,0,,,0,1
128748984,0.150000006,0,,,0,0.0402930379,0.620374799,0.196073189,15.9122372,1.93099999,0,,,0,1
128750110,0.150000006,0,,,0,0.0322344303,0.620374799,0.196073189,15.9122372,1.93099999,0,,,0,1
128751239,0.150000006,0,,,0,0.0402930379,0.620374799,0.196073189,15.9122372,1.93400002,0,,,0,1
128752365,0.150000006,0,,,0,0.0322344303,0.620374799,0.196073189,15.9167824,1.93400002,0,,,0,1
128753494,0.150000006,0,,,0,0.0241758227,0.620374799,0.196073189,15.9167824,1.93600011,0,,,0,1
128754621,0.150000006,0,,,0,0.0402930379,0.620374799,0.196073189,15.9167824,1.93600011,0,,,0,1
128755755,0.150000006,0,,,0,0.0322344303,0.620374799,0.196073189,15.9167824,1.93800008,0,,,0,1
128756881,0.150000006,0,,,0,0.0402930379,0.620374799,0.196073189,15.9167824,1.93800008,0,,,0,1
128758010,0.150000006,0,,,0,0.0322344303,0.620374799,0.196073189,15.9167824,1.94099998,0,,,0,1
128759136,0.150000006,0,,,0,0.0322344303,0.620374799,0.196073189,15.9167824,1.94099998,0,,,0,1
128760469,0.150000006,0,,,0,0.0402930379,0.620374799,0.196073189,15.9167824,1.94300008,0,,,0,1
128761595,0.150000006,0,,,0,0.0402930379,0.620374799,0.196073189,15.9122372,1.94300008,0,,,0,1
128762724,0.150000006,0,,,0,0.0322344303,0.620374799,0.196073189,15.9122372,1.94499993,0,,,0,1
128763850,0.150000006,0,,,0,0.0402930379,0.620374799,0.196073189,15.9122372,1.94499993,0,,,0,1
128764980,0.150000006,0,,,0,0.0322344303,0.620374799,0.196073189,15.9122372,1.94700003,0,,,0,1
128766105,0.150000006,0,,,0,0.0241758227,0.620374799,0.196073189,15.9167824,1.94700003,0,,,0,1
128767239,0.150000006,0,,,0,0.0322344303,0.620374799,0.196073189,15.9213276,1.94999993,0,,,0,1
128768365,0.150000006,0,,,0,0.0322344303,0.620374799,0.196073189,15.9167824,1.94999993,0,,,0,1
128769494,0.150000006,0,,,0,0.0241758227,0.620374799,0.196073189,15.9167824,1.9519999,0,,,0,1
128770620,0.150000006,0,,,0,0.0322344303,0.620374799,0.196073189,15.9122372,1.9519999,0,,,0,1
128771750,0.150000006,0,,,0,0.0322344303,0.620374799,0.196073189,15.9122372,1.954,0,,,0,1
128772876,0.150000006,0,,,0,0.0322344303,0.620374799,0.196073189,15.9167824,1.954,0,,,0,1
128774005,0.150000006,0,,,0,0.0402930379,0.620374799,0.196073189,15.9122372,1.95700002,0,,,0,1
128775131,0.150000006,0,,,0,0.0402930379,0.620374799,0.196073189,15.9167824,1.95700002,0,,,0,1
128776259,0.150000006,0,,,0,0.0322344303,0.620374799,0.196073189,15.9167824,1.95899999,0,,,0,1
128777391,0.150000006,0,,,0,0.0322344303,0.620374799,0.196073189,15.9167824,1.95899999,0,,,0,1
128778520,0.150000006,0,,,0,0.0322344303,0.620374799,0.196073189,15.9167824,1.96099997,0,,,0,1
128779646,0.150000006,0,,,0,0.0322344303,0.620374799,0.196073189,15.9122372,1.96099997,0,,,0,1
128780979,0.150000006,0,,,0,0.0322344303,0.620374799,0.196073189,15.9167824,1.96300006,0,,,0,1
128782105,0.150000006,0,,,0,0.0322344303,0.620374799,0.196073189,15.9122372,1.96300006,0,,,0,1
128783234,0.150000006,0,,,0,0.0322344303,0.620374799,0.196073189,15.9167824,1.96600008,0,,,0,1
128784361,0.150000006,0,,,0,0.0322344303,0.620374799,0.196073189,15.9167824,1.96600008,0,,,0,1
128785489,0.150000006,0,,,0,0.0322344303,0.620374799,0.196073189,15.9167824,1.96800005,0,,,0,1
128786615,0.150000006,0,,,0,0.0322344303,0.620374799,0.196073189,15.9167824,1.96800005,0,,,0,1
128787745,0.150000006,0,,,0,0.0322344303,0.620374799,0.196073189,15.9167824,1.97000003,0,,,0,1
128788876,0.150000006,0,,,0,0.0322344303,0.620374799,0.196073189,15.9167824,1.97000003,0,,,0,1
128790006,0.150000006,0,,,0,0.0402930379,0.620374799,0.196073189,15.9167824,1.97300005,0,,,0,1
128791132,0.150000006,0,,,0,0.0322344303,0.620374799,0.196073189,15.9122372,1.97300005,0,,,0,1
128792262,0.150000006,0,,,0,0.0322344303,0.620374799,0.196073189,15.9122372,1.97500014,0,,,0,1
128793388,0.150000006,0,,,0,0.0322344303,0.620374799,0.196073189,15.9167824,1.97500014,0,,,0,1
128794517,0.150000006,0,,,0,0.0402930379,0.620374799,0.196073189,15.9167824,1.977,0,,,0,1
128795643,0.150000006,0,,,0,0.0402930379,0.620374799,0.196073189,15.9167824,1.977,0,,,0,1
128796773,0.150000006,0,,,0,0.0322344303,0.620374799,0.196073189,15.9122372,1.97899997,0,,,0,1
128797899,0.150000006,0,,,0,0.0402930379,0.620374799,0.196073189,15.9167824,1.97899997,0,,,0,1
128799028,0.150000006,0,,,0,0.0402930379,0.620374799,0.196073189,15.9167824,1.98199987,0,,,0,1
128800159,0.150000006,0,,,0,0.0322344303,0.620374799,0.196073189,15.9167824,1.98199987,0,,,0,1
128801289,0.150000006,0,,,0,0.0402930379,0.620374799,0.196073189,15.9167824,1.98399997,0,,,0,1
128802619,0.150000006,0,,,0,0.0322344303,0.620374799,0.196073189,15.9167824,1.98399997,0,,,0,1
128803748,0.150000006,0,,,0,0.0241758227,0.620374799,0.196073189,15.9122372,1.98600006,0,,,0,1
128804874,0.150000006,0,,,0,0.0402930379,0.620374799,0.196073189,15.9122372,1.98600006,0,,,0,1
128806003,0.150000006,0,,,0,0.0241758227,0.620374799,0.196073189,15.9122372,1.98899996,0,,,0,1
128807129,0.150000006,0,,,0,0.0322344303,0.620374799,0.196073189,15.9122372,1.98899996,0,,,0,1
128808258,0.150000006,0,,,0,0.0241758227,0.620374799,0.196073189,15.9167824,1.99099994,0,,,0,1
128809384,0.150000006,0,,,0,0.0402930379,0.620374799,0.196073189,15.9122372,1.99099994,0,,,0,1
128810514,0.150000006,0,,,0,0.0322344303,0.620374799,0.196073189,15.9122372,1.99300003,0,,,0,1
128811644,0.150000006,0,,,0,0.0322344303,0.620374799,0.196073189,15.9122372,1.99300003,0,,,0,1
128812773,0.150000006,0,,,0,0.0402930379,0.620374799,0.196073189,15.9122372,1.99500012,0,,,0,1
128813900,0.150000006,0,,,0,0.0322344303,0.620374799,0.196073189,15.9167824,1.99500012,0,,,0,1
128815029,0.150000006,0,,,0,0.0402930379,0.620374799,0.196073189,15.9167824,1.99800003,0,,,0,1
128816155,0.150000006,0,,,0,0.0322344303,0.620374799,0.196073189,15.9122372,1.99800003,0,,,0,1
128817291,0.150000006,0,,,0,0.0322344303,0.620374799,0.196073189,15.907692,2,0,,,0,1
128818417,0.150000006,0,,,0,0.0322344303,0.620374799,0.196073189,15.9122372,2,0,,,0,1
128819546,0.150000006,0,,,0,0.0322344303,0.620374799,0.196073189,15.9122372,2.00199986,0,,,0,1
128820672,0.150000006,0,,,0,0.0322344303,0.620374799,0.196073189,15.9122372,2.00199986,0,,,0,1
128821801,0.150000006,0,,,0,0.0322344303,0.620374799,0.196073189,15.9167824,2.00399995,0,,,0,1
128823137,0.150000006,0,,,0,0.0322344303,0.620374799,0.196073189,15.9167824,2.00399995,0,,,0,1
128824266,0.150000006,0,,,0,0.0322344303,0.620374799,0.196073189,15.9167824,2.00699997,0,,,0,1
128825393,0.150000006,0,,,0,0.0402930379,0.620374799,0.196073189,15.9122372,2.00699997,0,,,0,1
128826522,0.150000006,0,,,0,0.0322344303,0.620374799,0.196073189,15.9122372,2.00899982,0,,,0,1
128827648,0.150000006,0,,,0,0.0322344303,0.620374799,0.196073189,15.9167824,2.00899982,0,,,0,1
128828777,0.150000006,0,,,0,0.0322344303,0.620374799,0.196073189,15.9167824,2.01099992,0,,,0,1
128829903,0.150000006,0,,,0,0.0322344303,0.620374799,0.196073189,15.9167824,2.01099992,0,,,0,1
128831032,0.150000006,0,,,0,0.0322344303,0.620374799,0.196073189,15.9167824,2.01399994,0,,,0,1
128832158,0.150000006,0,,,0,0.0402930379,0.620374799,0.196073189,15.9167824,2.01399994,0,,,0,1
128833287,0.150000006,0,,,0,0.0402930379,0.620374799,0.196073189,15.9167824,2.01600003,0,,,0,1
128834418,0.150000006,0,,,0,0.0322344303,0.620374799,0.196073189,15.9167824,2.01600003,0,,,0,1
128835547,0.150000006,0,,,0,0.0322344303,0.620374799,0.196073189,15.9167824,2.01800013,0,,,0,1
128836673,0.150000006,0,,,0,0.056410253,0.620374799,0.196073189,15.9213276,2.01800013,0,,,0,1
128837802,0.150000006,0,,,0,0.0322344303,0.620374799,0.196073189,15.9167824,2.01999998,0,,,0,1
128838928,0.150000006,0,,,0,0.0322344303,0.620374799,0.196073189,15.9122372,2.01999998,0,,,0,1
128840057,0.150000006,0,,,0,0.0241758227,0.620374799,0.196073189,15.9167824,2.023,0,,,0,1
128841183,0.150000006,0,,,0,0.0322344303,0.620374799,0.196073189,15.9167824,2.023,0,,,0,1
128842313,0.150000006,0,,,0,0.0322344303,0.620374799,0.196073189,15.9122372,2.0250001,0,,,0,1
128843439,0.150000006,0,,,0,0.0322344303,0.620374799,0.196073189,15.9122372,2.0250001,0,,,0,1
128844776,0.150000006,0,,,0,0.0322344303,0.620374799,0.196073189,15.9167824,2.02699995,0,,,0,1
128845902,0.150000006,0,,,0,0.0322344303,0.620374799,0.196073189,15.9167824,2.02699995,0,,,0,1
128847031,0.150000006,0,,,0,0.0402930379,0.620374799,0.196073189,15.9167824,2.02999997,0,,,0,1
128848157,0.150000006,0,,,0,0.0322344303,0.620374799,0.196073189,15.9167824,2.02999997,0,,,0,1
128849286,0.150000006,0,,,0,0.0322344303,0.620374799,0.196073189,15.9167824,2.03200006,0,,,0,1
128850412,0.150000006,0,,,0,0.0402930379,0.620374799,0.196073189,15.9167824,2.03200006,0,,,0,1
128851541,0.150000006,0,,,0,0.0402930379,0.620374799,0.196073189,15.9122372,2.03399992,0,,,0,1
128852667,0.150000006,0,,,0,0.0322344303,0.620374799,0.196073189,15.9167824,2.03399992,0,,,0,1
128853797,0.150000006,0,,,0,0.0322344303,0.620374799,0.196073189,15.9167824,2.03600001,0,,,0,1
128854923,0.150000006,0,,,0,0.0322344303,0.620374799,0.196073189,15.9122372,2.03600001,0,,,0,1
128856057,0.150000006,0,,,0,0.0322344303,0.620374799,0.196073189,15.9167824,2.03900003,0,,,0,1
128857183,0.150000006,0,,,0,0.0483516455,0.620374799,0.196073189,15.9167824,2.03900003,0,,,0,1
128858312,0.150000006,0,,,0,0.0483516455,0.620374799,0.196073189,15.907692,2.04099989,0,,,0,1
128859438,0.150000006,0,,,0,0.0322344303,0.620374799,0.196073189,15.9122372,2.04099989,0,,,0,1
128860567,0.150000006,0,,,0,0.0322344303,0.620374799,0.196073189,15.9122372,2.04299998,0,,,0,1
128861693,0.150000006,0,,,0,0.0402930379,0.620374799,0.196073189,15.9167824,2.04299998,0,,,0,1
128862822,0.150000006,0,,,0,0.0402930379,0.620374799,0.196073189,15.9122372,2.04500008,0,,,0,1
128863948,0.150000006,0,,,0,0.0402930379,0.620374799,0.196073189,15.9122372,2.04500008,0,,,0,1
128865282,0.150000006,0,,,0,0.0402930379,0.620374799,0.196073189,15.9167824,2.04799986,0,,,0,1
128866408,0.150000006,0,,,0,0.0322344303,0.620374799,0.196073189,15.9167824,2.04799986,0,,,0,1
128867542,0.150000006,0,,,0,0.0241758227,0.620374799,0.196073189,15.9122372,2.04999995,0,,,0,1
128868668,0.150000006,0,,,0,0.0402930379,0.620374799,0.196073189,15.9122372,2.04999995,0,,,0,1
128869797,0.150000006,0,,,0,0.0402930379,0.620374799,0.196073189,15.9167824,2.05200005,0,,,0,1
128870924,0.150000006,0,,,0,0.0402930379,0.620374799,0.196073189,15.9167824,2.05200005,0,,,0,1
128872053,0.150000006,0,,,0,0.0322344303,0.620374799,0.196073189,15.9167824,2.05500007,0,,,0,1
128873179,0.150000006,0,,,0,0.0322344303,0.620374799,0.196073189,15.9167824,2.05500007,0,,,0,1
128874307,0.150000006,0,,,0,0.0402930379,0.620374799,0.196073189,15.9122372,2.05700016,0,,,0,1
128875434,0.150000006,0,,,0,0.0241758227,0.620374799,0.196073189,15.9167824,2.05700016,0,,,0,1
128876563,0.150000006,0,,,0,0.0322344303,0.620374799,0.196073189,15.9167824,2.05900002,0,,,0,1
128877690,0.150000006,0,,,0,0.0402930379,0.620374799,0.196073189,15.9167824,2.05900002,0,,,0,1
128878824,0.150000006,0,,,0,0.0402930379,0.620374799,0.196073189,15.9122372,2.06099987,0,,,0,1
128879950,0.150000006,0,,,0,0.0322344303,0.620374799,0.196073189,15.9167824,2.06099987,0,,,0,1
128881080,0.150000006,0,,,0,0.0322344303,0.620374799,0.196073189,15.9167824,2.06400013,0,,,0,1
128882206,0.150000006,0,,,0,0.0402930379,0.620374799,0.196073189,15.9122372,2.06400013,0,,,0,1
128883335,0.150000006,0,,,0,0.0322344303,0.620374799,0.196073189,15.9167824,2.06599998,0,,,0,1
128884462,0.150000006,0,,,0,0.0322344303,0.620374799,0.196073189,15.9167824,2.06599998,0,,,0,1
128885795,0.150000006,0,,,0,0.0402930379,0.620374799,0.196073189,15.9167824,2.06799984,0,,,0,1
128886921,0.150000006,0,,,0,0.0322344303,0.620374799,0.196073189,15.9122372,2.06799984,0,,,0,1
128888050,0.150000006,0,,,0,0.0322344303,0.620374799,0.196073189,15.9167824,2.07099986,0,,,0,1
128889176,0.150000006,0,,,0,0.0322344303,0.620374799,0.196073189,15.9167824,2.07099986,0,,,0,1
128890309,0.150000006,0,,,0,0.0322344303,0.620374799,0.196073189,15.9167824,2.07299995,0,,,0,1
128891435,0.150000006,0,,,0,0.0322344303,0.620374799,0.196073189,15.9167824,2.07299995,0,,,0,1
128892565,0.150000006,0,,,0,0.0402930379,0.620374799,0.196073189,15.9122372,2.07500005,0,,,0,1
128893691,0.150000006,0,,,0,0.0322344303,0.620374799,0.196073189,15.9167824,2.07500005,0,,,0,1
128894821,0.150000006,0,,,0,0.0483516455,0.620374799,0.196073189,15.9167824,2.07700014,0,,,0,1
128895947,0.150000006,0,,,0,0.0322344303,0.620374799,0.196073189,15.9122372,2.07700014,0,,,0,1
128897077,0.150000006,0,,,0,0.0322344303,0.620374799,0.196073189,15.9122372,2.07999992,0,,,0,1
128898203,0.150000006,0,,,0,0.0241758227,0.620374799,0.196073189,15.9122372,2.07999992,0,,,0,1
128899332,0.150000006,0,,,0,0.0322344303,0.620374799,0.196073189,15.9167824,2.08200002,0,,,0,1
128900458,0.150000006,0,,,0,0.0402930379,0.620374799,0.196073189,15.9122372,2.08200002,0,,,0,1
128901592,0.150000006,0,,,0,0.0402930379,0.620374799,0.196073189,15.9167824,2.08400011,0,,,0,1
128902718,0.150000006,0,,,0,0.0322344303,0.620374799,0.196073189,15.9122372,2.08400011,0,,,0,1
128903847,0.150000006,0,,,0,0.0322344303,0.620374799,0.196073189,15.9167824,2.08599997,0,,,0,1
128904974,0.150000006,0,,,0,0.0322344303,0.620374799,0.196073189,15.9167824,2.08599997,0,,,0,1
128906103,0.150000006,0,,,0,0.0322344303,0.620374799,0.196073189,15.9122372,2.08899999,0,,,0,1
128907433,0.150000006,0,,,0,0.0322344303,0.620374799,0.196073189,15.9167824,2.08899999,0,,,0,1
128908563,0.150000006,0,,,0,0.0322344303,0.620374799,0.196073189,15.9122372,2.09100008,0,,,0,1
128909689,0.150000006,0,,,0,0.0402930379,0.620374799,0.196073189,15.9167824,2.09100008,0,,,0,1
128910818,0.150000006,0,,,0,0.0402930379,0.620374799,0.196073189,15.9122372,2.09299994,0,,,0,1
128911945,0.150000006,0,,,0,0.0322344303,0.620374799,0.196073189,15.9122372,2.09299994,0,,,0,1
128913078,0.150000006,0,,,0,0.0402930379,0.620374799,0.196073189,15.9167824,2.09600019,0,,,0,1
128914204,0.150000006,0,,,0,0.0322344303,0.620374799,0.196073189,15.9122372,2.09600019,0,,,0,1
128915333,0.150000006,0,,,0,0.0322344303,0.620374799,0.196073189,15.9167824,2.09800005,0,,,0,1
128916459,0.150000006,0,,,0,0.0402930379,0.620374799,0.196073189,15.9122372,2.09800005,0,,,0,1
128917588,0.150000006,0,,,0,0.0402930379,0.620374799,0.196073189,15.9122372,2.0999999,0,,,0,1
128918714,0.150000006,0,,,0,0.0322344303,0.620374799,0.196073189,15.9122372,2.0999999,0,,,0,1
128919844,0.150000006,0,,,0,0.0402930379,0.620374799,0.196073189,15.9122372,2.102,0,,,0,1
128920970,0.150000006,0,,,0,0.0402930379,0.620374799,0.196073189,15.9167824,2.102,0,,,0,1
128922099,0.150000006,0,,,0,0.0322344303,0.620374799,0.196073189,15.9167824,2.10500002,0,,,0,1
128923230,0.150000006,0,,,0,0.0322344303,0.620374799,0.196073189,15.9213276,2.10500002,0,,,0,1
128924359,0.150000006,0,,,0,0.0322344303,0.620374799,0.196073189,15.9122372,2.10699987,0,,,0,1
128925485,0.150000006,0,,,0,0.0402930379,0.620374799,0.196073189,15.9167824,2.10699987,0,,,0,1
128926614,0.150000006,0,,,0,0.0402930379,0.620374799,0.196073189,15.9122372,2.10899997,0,,,0,1
128927945,0.150000006,0,,,0,0.0402930379,0.620374799,0.196073189,15.9167824,2.10899997,0,,,0,1
128929075,0.150000006,0,,,0,0.0322344303,0.620374799,0.196073189,15.9167824,2.11199999,0,,,0,1
128930200,0.150000006,0,,,0,0.0322344303,0.620374799,0.196073189,15.9167824,2.11199999,0,,,0,1
128931329,0.150000006,0,,,0,0.0322344303,0.620374799,0.196073189,15.9122372,2.11400008,0,,,0,1
128932455,0.150000006,0,,,0,0.0402930379,0.620374799,0.196073189,15.9122372,2.11400008,0,,,0,1
128933584,0.150000006,0,,,0,0.0402930379,0.620374799,0.196073189,15.9167824,2.11600018,0,,,0,1
128934716,0.150000006,0,,,0,0.0402930379,0.620374799,0.196073189,15.9122372,2.11600018,0,,,0,1
128935845,0.150000006,0,,,0,0.0402930379,0.620374799,0.196073189,15.9167824,2.11800003,0,,,0,1
128936971,0.150000006,0,,,0,0.0322344303,0.620374799,0.196073189,15.9122372,2.11800003,0,,,0,1
128938100,0.150000006,0,,,0,0.0322344303,0.620374799,0.196073189,15.9167824,2.12100005,0,,,0,1
128939227,0.150000006,0,,,0,0.0402930379,0.620374799,0.196073189,15.9167824,2.12100005,0,,,0,1
128940356,0.150000006,0,,,0,0.0322344303,0.620374799,0.196073189,15.9167824,2.12300014,0,,,0,1
128941483,0.150000006,0,,,0,0.0322344303,0.620374799,0.196073189,15.9122372,2.12300014,0,,,0,1
128942612,0.150000006,0,,,0,0.0322344303,0.620374799,0.196073189,15.9122372,2.125,0,,,0,1
128943739,0.150000006,0,,,0,0.0322344303,0.620374799,0.196073189,15.9122372,2.125,0,,,0,1
128944868,0.150000006,0,,,0,0.0322344303,0.620374799,0.196073189,15.9167824,2.12699986,0,,,0,1
128945999,0.150000006,0,,,0,0.0402930379,0.620374799,0.196073189,15.9167824,2.12699986,0,,,0,1
128947128,0.150000006,0,,,0,0.0402930379,0.620374799,0.196073189,15.9122372,2.12999988,0,,,0,1
128948255,0.150000006,0,,,0,0.0322344303,0.620374799,0.196073189,15.9167824,2.12999988,0,,,0,1
128949588,0.150000006,0,,,0,0.0322344303,0.620374799,0.196073189,15.9167824,2.13199997,0,,,0,1
128950714,0.150000006,0,,,0,0.0241758227,0.620374799,0.196073189,15.9167824,2.13199997,0,,,0,1
128951843,0.150000006,0,,,0,0.0402930379,0.620374799,0.196073189,15.9167824,2.13400006,0,,,0,1
128952970,0.150000006,0,,,0,0.0322344303,0.620374799,0.196073189,15.9167824,2.13400006,0,,,0,1
128954099,0.150000006,0,,,0,0.0322344303,0.620374799,0.196073189,15.9122372,2.13700008,0,,,0,1
128955225,0.150000006,0,,,0,0.0322344303,0.620374799,0.196073189,15.907692,2.13700008,0,,,0,1
128956354,0.150000006,0,,,0,0.0322344303,0.620374799,0.196073189,15.9122372,2.13899994,0,,,0,1
128957485,0.150000006,0,,,0,0.0322344303,0.620374799,0.196073189,15.9167824,2.13899994,0,,,0,1
128958614,0.150000006,0,,,0,0.0322344303,0.620374799,0.196073189,15.9122372,2.14100003,0,,,0,1
128959740,0.150000006,0,,,0,0.0402930379,0.620374799,0.196073189,15.9167824,2.14100003,0,,,0,1
128960869,0.150000006,0,,,0,0.0402930379,0.620374799,0.196073189,15.9167824,2.14300013,0,,,0,1
128961995,0.150000006,0,,,0,0.0322344303,0.620374799,0.196073189,15.9122372,2.14300013,0,,,0,1
128963124,0.150000006,0,,,0,0.0322344303,0.620374799,0.196073189,15.9167824,2.14599991,0,,,0,1
128964250,0.150000006,0,,,0,0.0322344303,0.620374799,0.196073189,15.9122372,2.14599991,0,,,0,1
128965380,0.150000006,0,,,0,0.0402930379,0.620374799,0.196073189,15.9167824,2.148,0,,,0,1
128966506,0.150000006,0,,,0,0.0483516455,0.620374799,0.196073189,15.9167824,2.148,0,,,0,1
128967635,0.150000006,0,,,0,0.0322344303,0.620374799,0.196073189,15.9167824,2.14999986,0,,,0,1
128968767,0.150000006,0,,,0,0.0402930379,0.620374799,0.196073189,15.9122372,2.14999986,0,,,0,1
128970100,0.150000006,0,,,0,0.0322344303,0.620374799,0.196073189,15.9122372,2.15300012,0,,,0,1
128971226,0.150000006,0,,,0,0.0322344303,0.620374799,0.196073189,15.9167824,2.15300012,0,,,0,1
128972356,0.150000006,0,,,0,0.0322344303,0.620374799,0.196073189,15.9167824,2.15499997,0,,,0,1
128973482,0.150000006,0,,,0,0.0322344303,0.620374799,0.196073189,15.9167824,2.15499997,0,,,0,1
128974612,0.150000006,0,,,0,0.0241758227,0.620374799,0.196073189,15.9167824,2.15700006,0,,,0,1
128975738,0.150000006,0,,,0,0.0402930379,0.620374799,0.196073189,15.9122372,2.15700006,0,,,0,1
128976867,0.150000006,0,,,0,0.0241758227,0.620374799,0.196073189,15.9122372,2.15899992,0,,,0,1
128977993,0.150000006,0,,,0,0.0402930379,0.620374799,0.196073189,15.9122372,2.15899992,0,,,0,1
128979122,0.150000006,0,,,0,0.0322344303,0.620374799,0.196073189,15.9167824,2.16199994,0,,,0,1
128980253,0.150000006,0,,,0,0.0402930379,0.620374799,0.196073189,15.9122372,2.16199994,0,,,0,1
128981382,0.150000006,0,,,0,0.0322344303,0.620374799,0.196073189,15.9167824,2.16400003,0,,,0,1
128982508,0.150000006,0,,,0,0.0402930379,0.620374799,0.196073189,15.9167824,2.16400003,0,,,0,1
128983637,0.150000006,0,,,0,0.0322344303,0.620374799,0.196073189,15.9167824,2.16599989,0,,,0,1
128984763,0.150000006,0,,,0,0.0322344303,0.620374799,0.196073189,15.9167824,2.16599989,0,,,0,1
128985892,0.150000006,0,,,0,0.0402930379,0.620374799,0.196073189,15.9122372,2.16799998,0,,,0,1
128987018,0.150000006,0,,,0,0.0483516455,0.620374799,0.196073189,15.9167824,2.16799998,0,,,0,1
128988147,0.150000006,0,,,0,0.0322344303,0.620374799,0.196073189,15.9167824,2.171,0,,,0,1
128989273,0.150000006,0,,,0,0.0402930379,0.620374799,0.196073189,15.9167824,2.171,0,,,0,1
128990407,0.150000006,0,,,0,0.0402930379,0.620374799,0.196073189,15.9122372,2.1730001,0,,,0,1
128991737,0.150000006,0,,,0,0.0322344303,0.620374799,0.196073189,15.9122372,2.1730001,0,,,0,1
128992866,0.150000006,0,,,0,0.0402930379,0.620374799,0.196073189,15.9122372,2.17500019,0,,,0,1
128993993,0.150000006,0,,,0,0.0322344303,0.620374799,0.196073189,15.9122372,2.17500019,0,,,0,1
128995122,0.150000006,0,,,0,0.0322344303,0.620374799,0.196073189,15.9122372,2.17799997,0,,,0,1
128996249,0.150000006,0,,,0,0.0322344303,0.620374799,0.196073189,15.9167824,2.17799997,0,,,0,1
128997378,0.150000006,0,,,0,0.0402930379,0.620374799,0.196073189,15.9167824,2.18000007,0,,,0,1
128998504,0.150000006,0,,,0,0.0322344303,0.620374799,0.196073189,15.9122372,2.18000007,0,,,0,1
128999633,0.150000006,0,,,0,0.0322344303,0.620374799,0.196073189,15.9122372,2.18199992,0,,,0,1
129000760,0.150000006,0,,,0,0.0402930379,0.620374799,0.196073189,15.9122372,2.18199992,0,,,0,1
129001893,0.150000006,0,,,0,0.0402930379,0.620374799,0.196073189,15.9122372,2.18400002,0,,,0,1
129003019,0.150000006,0,,,0,0.0322344303,0.620374799,0.196073189,15.9167824,2.18400002,0,,,0,1
129004148,0.150000006,0,,,0,0.0402930379,0.620374799,0.196073189,15.9122372,2.1869998,0,,,0,1
129005274,0.150000006,0,,,0,0.0402930379,0.620374799,0.196073189,15.9167824,2.1869998,0,,,0,1
129006403,0.150000006,0,,,0,0.0322344303,0.620374799,0.196073189,15.9167824,2.18899989,0,,,0,1
129007529,0.150000006,0,,,0,0.0322344303,0.620374799,0.196073189,15.9167824,2.18899989,0,,,0,1
129008658,0.150000006,0,,,0,0.0402930379,0.620374799,0.196073189,15.9167824,2.19099998,0,,,0,1
129009784,0.150000006,0,,,0,0.0402930379,0.620374799,0.196073189,15.9167824,2.19099998,0,,,0,1
129010914,0.150000006,0,,,0,0.0322344303,0.620374799,0.196073189,15.9213276,2.19300008,0,,,0,1
129012244,0.150000006,0,,,0,0.0402930379,0.620374799,0.196073189,15.9122372,2.19300008,0,,,0,1
129013377,0.150000006,0,,,0,0.0402930379,0.620374799,0.196073189,15.9122372,2.1960001,0,,,0,1
129014503,0.150000006,0,,,0,0.0322344303,0.620374799,0.196073189,15.9167824,2.1960001,0,,,0,1
129015632,0.150000006,0,,,0,0.0402930379,0.620374799,0.196073189,15.9167824,2.19799995,0,,,0,1
129016758,0.150000006,0,,,0,0.0402930379,0.620374799,0.196073189,15.9122372,2.19799995,0,,,0,1
129017887,0.150000006,0,,,0,0.0322344303,0.620374799,0.196073189,15.9167824,2.20000005,0,,,0,1
129019013,0.150000006,0,,,0,0.0322344303,0.620374799,0.196073189,15.9167824,2.20000005,0,,,0,1
129020142,0.150000006,0,,,0,0.0402930379,0.620374799,0.196073189,15.9167824,2.20300007,0,,,0,1
129021269,0.150000006,0,,,0,0.0322344303,0.620374799,0.196073189,15.9122372,2.20300007,0,,,0,1
129022398,0.150000006,0,,,0,0.0322344303,0.620374799,0.196073189,15.9122372,2.20499992,0,,,0,1
129023524,0.150000006,0,,,0,0.0402930379,0.620374799,0.196073189,15.9167824,2.20499992,0,,,0,1
129024658,0.150000006,0,,,0,0.0402930379,0.620374799,0.196073189,15.9122372,2.20700002,0,,,0,1
129025784,0.150000006,0,,,0,0.0402930379,0.620374799,0.196073189,15.9122372,2.20700002,0,,,0,1
129026914,0.150000006,0,,,0,0.0483516455,0.620374799,0.196073189,15.9167824,2.20899987,0,,,0,1
129028040,0.150000006,0,,,0,0.0402930379,0.620374799,0.196073189,15.9122372,2.20899987,0,,,0,1
129029169,0.150000006,0,,,0,0.0402930379,0.620374799,0.196073189,15.9167824,2.21200013,0,,,0,1
129030294,0.150000006,0,,,0,0.0322344303,0.620374799,0.196073189,15.9122372,2.21200013,0,,,0,1
129031423,0.150000006,0,,,0,0.0322344303,0.620374799,0.196073189,15.9167824,2.21399999,0,,,0,1
129032549,0.150000006,0,,,0,0.0241758227,0.620374799,0.196073189,15.9122372,2.21399999,0,,,0,1
129033882,0.150000006,0,,,0,0.0322344303,0.620374799,0.196073189,15.9122372,2.21600008,0,,,0,1
129035008,0.150000006,0,,,0,0.0322344303,0.620374799,0.196073189,15.9167824,2.21600008,0,,,0,1
129036142,0.150000006,0,,,0,0.0322344303,0.620374799,0.196073189,15.9122372,2.21899986,0,,,0,1
129037268,0.150000006,0,,,0,0.0402930379,0.620374799,0.196073189,15.9167824,2.21899986,0,,,0,1
129038397,0.150000006,0,,,0,0.0402930379,0.620374799,0.196073189,15.9167824,2.22099996,0,,,0,1
129039523,0.150000006,0,,,0,0.0402930379,0.620374799,0.196073189,15.9167824,2.22099996,0,,,0,1
129040652,0.150000006,0,,,0,0.0322344303,0.620374799,0.196073189,15.9122372,2.22300005,0,,,0,1
129041778,0.150000006,0,,,0,0.0402930379,0.620374799,0.196073189,15.9122372,2.22300005,0,,,0,1
129042907,0.150000006,0,,,0,0.0322344303,0.620374799,0.196073189,15.9167824,2.2249999,0,,,0,1
129044033,0.150000006,0,,,0,0.0402930379,0.620374799,0.196073189,15.9167824,2.2249999,0,,,0,1
129045162,0.150000006,0,,,0,0.0322344303,0.620374799,0.196073189,15.9167824,2.22799993,0,,,0,1
129046289,0.150000006,0,,,0,0.0322344303,0.620374799,0.196073189,15.9122372,2.22799993,0,,,0,1
129047423,0.150000006,0,,,0,0.0322344303,0.620374799,0.196073189,15.9167824,2.23000002,0,,,0,1
129048549,0.150000006,0,,,0,0.0402930379,0.620374799,0.196073189,15.9167824,2.23000002,0,,,0,1
129049677,0.150000006,0,,,0,0.0322344303,0.620374799,0.196073189,15.9122372,2.23200011,0,,,0,1
129050804,0.150000006,0,,,0,0.0402930379,0.620374799,0.196073189,15.9167824,2.23200011,0,,,0,1
129051933,0.150000006,0,,,0,0.0322344303,0.620374799,0.196073189,15.9122372,2.23400021,0,,,0,1
129053059,0.150000006,0,,,0,0.0322344303,0.620374799,0.196073189,15.9167824,2.23400021,0,,,0,1
129054392,0.150000006,0,,,0,0.0241758227,0.620374799,0.196073189,15.9167824,2.23699999,0,,,0,1
129055519,0.150000006,0,,,0,0.0322344303,0.620374799,0.196073189,15.907692,2.23699999,0,,,0,1
129056648,0.150000006,0,,,0,0.0402930379,0.620374799,0.196073189,15.9122372,2.23900008,0,,,0,1
129057774,0.150000006,0,,,0,0.0402930379,0.620374799,0.196073189,15.9167824,2.23900008,0,,,0,1
129058908,0.150000006,0,,,0,0.0402930379,0.620374799,0.196073189,15.9122372,2.24099994,0,,,0,1
129060034,0.150000006,0,,,0,0.0322344303,0.620374799,0.196073189,15.9167824,2.24099994,0,,,0,1
129061163,0.150000006,0,,,0,0.0241758227,0.620374799,0.196073189,15.9122372,2.24399996,0,,,0,1
129062289,0.150000006,0,,,0,0.0322344303,0.620374799,0.196073189,15.9167824,2.24399996,0,,,0,1
129063418,0.150000006,0,,,0,0.0402930379,0.620374799,0.196073189,15.9167824,2.24599981,0,,,0,1
129064544,0.150000006,0,,,0,0.0322344303,0.620374799,0.196073189,15.9122372,2.24599981,0,,,0,1
129065673,0.150000006,0,,,0,0.0322344303,0.620374799,0.196073189,15.9122372,2.24799991,0,,,0,1
129066800,0.150000006,0,,,0,0.0322344303,0.620374799,0.196073189,15.9122372,2.24799991,0,,,0,1
129067929,0.150000006,0,,,0,0.0402930379,0.620374799,0.196073189,15.9167824,2.25,0,,,0,1
129069061,0.150000006,0,,,0,0.0322344303,0.620374799,0.196073189,15.9167824,2.25,0,,,0,1
129070190,0.150000006,0,,,0,0.0241758227,0.620374799,0.196073189,15.9122372,2.25300002,0,,,0,1
129071316,0.150000006,0,,,0,0.0322344303,0.620374799,0.196073189,15.9122372,2.25300002,0,,,0,1
129072445,0.150000006,0,,,0,0.0402930379,0.620374799,0.196073189,15.9122372,2.25500011,0,,,0,1
129073571,0.150000006,0,,,0,0.0402930379,0.620374799,0.196073189,15.9167824,2.25500011,0,,,0,1
129074904,0.150000006,0,,,0,0.0322344303,0.620374799,0.196073189,15.9122372,2.25699997,0,,,0,1
129076030,0.150000006,0,,,0,0.0402930379,0.620374799,0.196073189,15.9167824,2.25699997,0,,,0,1
129077159,0.150000006,0,,,0,0.0402930379,0.620374799,0.196073189,15.9167824,2.25999999,0,,,0,1
129078286,0.150000006,0,,,0,0.0322344303,0.620374799,0.196073189,15.9167824,2.25999999,0,,,0,1
129079415,0.150000006,0,,,0,0.0322344303,0.620374799,0.196073189,15.9122372,2.26200008,0,,,0,1
129080546,0.150000006,0,,,0,0.0483516455,0.620374799,0.196073189,15.9167824,2.26200008,0,,,0,1
129081675,0.150000006,0,,,0,0.0402930379,0.620374799,0.196073189,15.9167824,2.26399994,0,,,0,1
129082802,0.150000006,0,,,0,0.0322344303,0.620374799,0.196073189,15.9167824,2.26399994,0,,,0,1
129083931,0.150000006,0,,,0,0.0322344303,0.620374799,0.196073189,15.9122372,2.26599979,0,,,0,1
129085057,0.150000006,0,,,0,0.0402930379,0.620374799,0.196073189,15.9167824,2.26599979,0,,,0,1
129086186,0.150000006,0,,,0,0.0402930379,0.620374799,0.196073189,15.9167824,2.26900005,0,,,0,1
129087312,0.150000006,0,,,0,0.0402930379,0.620374799,0.196073189,15.9167824,2.26900005,0,,,0,1
129088441,0.150000006,0,,,0,0.0402930379,0.620374799,0.196073189,15.9122372,2.27100015,0,,,0,1
129089567,0.150000006,0,,,0,0.0483516455,0.620374799,0.196073189,15.9122372,2.27100015,0,,,0,1
129090696,0.150000006,0,,,0,0.0402930379,0.620374799,0.196073189,15.9167824,2.273,0,,,0,1
129091827,0.150000006,0,,,0,0.0402930379,0.620374799,0.196073189,15.9167824,2.273,0,,,0,1
129092956,0.150000006,0.200000003,,,0.00805860758,0.0322344303,0.620374799,0.196073189,15.9167824,2.2750001,0,,,0,1
129094082,0.150000006,0,,,0,0.0402930379,0.620374799,0.196073189,15.9167824,2.2750001,0,,,0,1
129095211,0.150000006,0,,,0,0.0322344303,0.620374799,0.196073189,15.9122372,2.27799988,0,,,0,1
129096541,0.150000006,0,,,0,0.0483516455,0.620374799,0.196073189,15.9122372,2.27799988,0,,,0,1
129097670,0.150000006,0,,,0,0.0322344303,0.620374799,0.196073189,15.9167824,2.27999997,0,,,0,1
129098796,0.150000006,0,,,0,0.0402930379,0.620374799,0.196073189,15.9122372,2.27999997,0,,,0,1
129099925,0.150000006,0,,,0,0.0402930379,0.620374799,0.196073189,15.9167824,2.28200006,0,,,0,1
129101051,0.150000006,0,,,0,0.0402930379,0.620374799,0.196073189,15.9122372,2.28200006,0,,,0,1
129102180,0.150000006,0,,,0,0.0322344303,0.620374799,0.196073189,15.9122372,2.28499985,0,,,0,1
129103312,0.150000006,0,,,0,0.0402930379,0.620374799,0.196073189,15.9167824,2.28499985,0,,,0,1
129104441,0.150000006,0,,,0,0.0402930379,0.620374799,0.196073189,15.9167824,2.28699994,0,,,0,1
129105567,0.150000006,0,,,0,0.0483516455,0.620374799,0.196073189,15.9167824,2.28699994,0,,,0,1
129106696,0.150000006,0,,,0,0.0402930379,0.620374799,0.196073189,15.9167824,2.28900003,0,,,0,1
129107822,0.150000006,0,,,0,0.0322344303,0.620374799,0.196073189,15.9167824,2.28900003,0,,,0,1
129108952,0.150000006,0,,,0,0.0322344303,0.620374799,0.196073189,15.9167824,2.29100013,0,,,0,1
129110078,0.150000006,0,,,0,0.0322344303,0.620374799,0.196073189,15.9122372,2.29100013,0,,,0,1
129111207,0.150000006,0,,,0,0.0483516455,0.620374799,0.196073189,15.9122372,2.29400015,0,,,0,1
129112333,0.150000006,0,,,0,0.0402930379,0.620374799,0.196073189,15.9167824,2.29400015,0,,,0,1
129113462,0.150000006,0,,,0,0.0402930379,0.620374799,0.196073189,15.9122372,2.296,0,,,0,1
129114593,0.150000006,0,,,0,0.0402930379,0.620374799,0.196073189,15.9122372,2.296,0,,,0,1
129115721,0.150000006,0,,,0,0.0322344303,0.620374799,0.196073189,15.9122372,2.29799986,0,,,0,1
129117052,0.150000006,0,,,0,0.0402930379,0.620374799,0.196073189,15.9167824,2.29799986,0,,,0,1
129118181,0.150000006,0,,,0,0.0241758227,0.620374799,0.196073189,15.9167824,2.30100012,0,,,0,1
129119307,0.150000006,0,,,0,0.0322344303,0.620374799,0.196073189,15.9122372,2.30100012,0,,,0,1
129120436,0.150000006,0,,,0,0.0402930379,0.620374799,0.196073189,15.9167824,2.30299997,0,,,0,1
129121562,0.150000006,0,,,0,0.0322344303,0.620374799,0.196073189,15.9122372,2.30299997,0,,,0,1
129122691,0.150000006,0,,,0,0.0322344303,0.620374799,0.196073189,15.9167824,2.30499983,0,,,0,1
129123817,0.150000006,0,,,0,0.0402930379,0.620374799,0.196073189,15.9167824,2.30499983,0,,,0,1
129124946,0.150000006,0,,,0,0.0402930379,0.620374799,0.196073189,15.9167824,2.30699992,0,,,0,1
129126077,0.150000006,0,,,0,0.0322344303,0.620374799,0.196073189,15.9167824,2.30699992,0,,,0,1
129127206,0.150000006,0,,,0,0.0322344303,0.620374799,0.196073189,15.9167824,2.30999994,0,,,0,1
129128332,0.150000006,0,,,0,0.0483516455,0.620374799,0.196073189,15.9167824,2.30999994,0,,,0,1
129129461,0.150000006,0,,,0,0.0402930379,0.620374799,0.196073189,15.9122372,2.31200004,0,,,0,1
129130587,0.150000006,0,,,0,0.0322344303,0.620374799,0.196073189,15.907692,2.31200004,0,,,0,1
129131716,0.150000006,0,,,0,0.0322344303,0.620374799,0.196073189,15.9122372,2.31400013,0,,,0,1
129132842,0.150000006,0,,,0,0.0322344303,0.620374799,0.196073189,15.9167824,2.31400013,0,,,0,1
129133971,0.150000006,0,,,0,0.0241758227,0.620374799,0.196073189,15.9167824,2.31599998,0,,,0,1
129135097,0.150000006,0,,,0,0.0402930379,0.620374799,0.196073189,15.9167824,2.31599998,0,,,0,1
129136230,0.150000006,0,,,0,0.0322344303,0.620374799,0.196073189,15.9122372,2.31900001,0,,,0,1
129137357,0.150000006,0,,,0,0.0402930379,0.620374799,0.196073189,15.9167824,2.31900001,0,,,0,1
129138689,0.150000006,0,,,0,0.0402930379,0.620374799,0.196073189,15.9167824,2.3210001,0,,,0,1
129139816,0.150000006,0,,,0,0.0322344303,0.620374799,0.196073189,15.9167824,2.3210001,0,,,0,1
129140945,0.150000006,0,,,0,0.0483516455,0.620374799,0.196073189,15.9167824,2.32299995,0,,,0,1
129142071,0.150000006,0,,,0,0.0322344303,0.620374799,0.196073189,15.9167824,2.32299995,0,,,0,1
129143200,0.150000006,0,,,0,0.0402930379,0.620374799,0.196073189,15.9122372,2.32599998,0,,,0,1
129144326,0.150000006,0,,,0,0.0322344303,0.620374799,0.196073189,15.9167824,2.32599998,0,,,0,1
129145456,0.150000006,0,,,0,0.0322344303,0.620374799,0.196073189,15.9167824,2.32800007,0,,,0,1
129146582,0.150000006,0,,,0,0.0322344303,0.620374799,0.196073189,15.9167824,2.32800007,0,,,0,1
129147715,0.150000006,0,,,0,0.0402930379,0.620374799,0.196073189,15.9122372,2.32999992,0,,,0,1
129148842,0.150000006,0,,,0,0.0322344303,0.620374799,0.196073189,15.9167824,2.32999992,0,,,0,1
129149971,0.150000006,0,,,0,0.0322344303,0.620374799,0.196073189,15.9122372,2.33200002,0,,,0,1
129151097,0.150000006,0,,,0,0.0322344303,0.620374799,0.196073189,15.9167824,2.33200002,0,,,0,1
129152226,0.150000006,0,,,0,0.0402930379,0.620374799,0.196073189,15.9122372,2.33500004,0,,,0,1
129153352,0.150000006,0,,,0,0.0402930379,0.620374799,0.196073189,15.9122372,2.33500004,0,,,0,1
129154481,0.150000006,0,,,0,0.0322344303,0.620374799,0.196073189,15.9167824,2.33699989,0,,,0,1
129155607,0.150000006,0,,,0,0.0402930379,0.620374799,0.196073189,15.9122372,2.33699989,0,,,0,1
129156736,0.150000006,0,,,0,0.0402930379,0.620374799,0.196073189,15.9122372,2.33899999,0,,,0,1
129157862,0.150000006,0,,,0,0.0402930379,0.620374799,0.196073189,15.9167824,2.33899999,0,,,0,1
129159200,0.150000006,0,,,0,0.0322344303,0.620374799,0.196073189,15.9167824,2.34200001,0,,,0,1
129160326,0.150000006,0,,,0,0.0322344303,0.620374799,0.196073189,15.9167824,2.34200001,0,,,0,1
129161455,0.150000006,0,,,0,0.0322344303,0.620374799,0.196073189,15.9213276,2.34399986,0,,,0,1
129162581,0.150000006,0,,,0,0.0322344303,0.620374799,0.196073189,15.9167824,2.34399986,0,,,0,1
129163710,0.150000006,0,,,0,0.0322344303,0.620374799,0.196073189,15.9167824,2.34599996,0,,,0,1
129164836,0.150000006,0,,,0,0.0322344303,0.620374799,0.196073189,15.9122372,2.34599996,0,,,0,1
129165965,0.150000006,0,,,0,0.0322344303,0.620374799,0.196073189,15.9122372,2.34800005,0,,,0,1
129167091,0.150000006,0,,,0,0.0322344303,0.620374799,0.196073189,15.9122372,2.34800005,0,,,0,1
129168220,0.150000006,0,,,0,0.0402930379,0.620374799,0.196073189,15.9122372,2.35100007,0,,,0,1
129169347,0.150000006,0,,,0,0.0402930379,0.620374799,0.196073189,15.9167824,2.35100007,0,,,0,1
129170480,0.150000006,0,,,0,0.0402930379,0.620374799,0.196073189,15.9167824,2.35300016,0,,,0,1
129171606,0.150000006,0,,,0,0.0402930379,0.620374799,0.196073189,15.9167824,2.35300016,0,,,0,1
129172735,0.150000006,0,,,0,0.0322344303,0.620374799,0.196073189,15.9167824,2.35500002,0,,,0,1
129173862,0.150000006,0,,,0,0.0322344303,0.620374799,0.196073189,15.9167824,2.35500002,0,,,0,1
129174991,0.150000006,0,,,0,0.0322344303,0.620374799,0.196073189,15.9122372,2.35699987,0,,,0,1
129176117,0.150000006,0,,,0,0.0322344303,0.620374799,0.196073189,15.9122372,2.35699987,0,,,0,1
129177246,0.150000006,0,,,0,0.0322344303,0.620374799,0.196073189,15.9122372,2.36000013,0,,,0,1
129178372,0.150000006,0,,,0,0.0402930379,0.620374799,0.196073189,15.9167824,2.36000013,0,,,0,1
129179501,0.150000006,0,,,0,0.0402930379,0.620374799,0.196073189,15.9122372,2.36199999,0,,,0,1
129180831,0.150000006,0,,,0,0.0241758227,0.620374799,0.196073189,15.9167824,2.36199999,0,,,0,1
129181965,0.150000006,0,,,0,0.0322344303,0.620374799,0.196073189,15.9167824,2.36399984,0,,,0,1
129183092,0.150000006,0,,,0,0.0322344303,0.620374799,0.196073189,15.9167824,2.36399984,0,,,0,1
129184221,0.150000006,0,,,0,0.0322344303,0.620374799,0.196073189,15.9122372,2.36699986,0,,,0,1
129185347,0.150000006,0,,,0,0.0402930379,0.620374799,0.196073189,15.9167824,2.36699986,0,,,0,1
129186476,0.150000006,0,,,0,0.0402930379,0.620374799,0.196073189,15.9122372,2.36899996,0,,,0,1
129187602,0.150000006,0,,,0,0.0402930379,0.620374799,0.196073189,15.9167824,2.36899996,0,,,0,1
129188731,0.150000006,0,,,0,0.0402930379,0.620374799,0.196073189,15.9167824,2.37100005,0,,,0,1
129189857,0.150000006,0,,,0,0.0402930379,0.620374799,0.196073189,15.9167824,2.37100005,0,,,0,1
129190986,0.150000006,0,,,0,0.0402930379,0.620374799,0.196073189,15.9167824,2.37300014,0,,,0,1
129192112,0.150000006,0,,,0,0.0402930379,0.620374799,0.196073189,15.9167824,2.37300014,0,,,0,1
129193246,0.150000006,0,,,0,0.0322344303,0.620374799,0.196073189,15.9122372,2.37599993,0,,,0,1
129194372,0.150000006,0,,,0,0.0402930379,0.620374799,0.196073189,15.9167824,2.37599993,0,,,0,1
129195502,0.150000006,0,,,0,0.0322344303,0.620374799,0.196073189,15.9167824,2.37800002,0,,,0,1
129196628,0.150000006,0,,,0,0.0402930379,0.620374799,0.196073189,15.9167824,2.37800002,0,,,0,1
129197757,0.150000006,0,,,0,0.0322344303,0.620374799,0.196073189,15.9167824,2.38000011,0,,,0,1
129198884,0.150000006,0,,,0,0.0402930379,0.620374799,0.196073189,15.9167824,2.38000011,0,,,0,1
129200013,0.150000006,0,,,0,0.0241758227,0.620374799,0.196073189,15.9122372,2.3829999,0,,,0,1
129201343,0.150000006,0,,,0,0.0322344303,0.620374799,0.196073189,15.9167824,2.3829999,0,,,0,1
129202473,0.150000006,0,,,0,0.0322344303,0.620374799,0.196073189,15.9122372,2.38499999,0,,,0,1
129203599,0.150000006,0,,,0,0.0241758227,0.620374799,0.196073189,15.9122372,2.38499999,0,,,0,1
129204732,0.150000006,0,,,0,0.0402930379,0.620374799,0.196073189,15.9167824,2.38700008,0,,,0,1
129205859,0.150000006,0,,,0,0.0402930379,0.620374799,0.196073189,15.9122372,2.38700008,0,,,0,1
129206988,0.150000006,0,,,0,0.0322344303,0.620374799,0.196073189,15.9167824,2.38899994,0,,,0,1
129208114,0.150000006,0,,,0,0.0402930379,0.620374799,0.196073189,15.9122372,2.38899994,0,,,0,1
129209243,0.150000006,0,,,0,0.0322344303,0.620374799,0.196073189,15.9122372,2.3920002,0,,,0,1
129210369,0.150000006,0,,,0,0.0402930379,0.620374799,0.196073189,15.9122372,2.3920002,0,,,0,1
129211498,0.150000006,0,,,0,0.0322344303,0.620374799,0.196073189,15.9167824,2.39400005,0,,,0,1
129212624,0.150000006,0,,,0,0.0402930379,0.620374799,0.196073189,15.9122372,2.39400005,0,,,0,1
129213753,0.150000006,0,,,0,0.0483516455,0.620374799,0.196073189,15.9167824,2.39599991,0,,,0,1
129214884,0.150000006,0,,,0,0.0322344303,0.620374799,0.196073189,15.9167824,2.39599991,0,,,0,1
129216013,0.150000006,0,,,0,0.0483516455,0.620374799,0.196073189,15.9167824,2.39899993,0,,,0,1
129217139,0.150000006,0,,,0,0.0402930379,0.620374799,0.196073189,15.9122372,2.39899993,0,,,0,1
129218268,0.150000006,0,,,0,0.0402930379,0.620374799,0.196073189,15.9122372,2.40100002,0,,,0,1
129219395,0.150000006,0,,,0,0.0322344303,0.620374799,0.196073189,15.9122372,2.40100002,0,,,0,1
129220524,0.150000006,0,,,0,0.0241758227,0.620374799,0.196073189,15.9167824,2.40299988,0,,,0,1
129221855,0.150000006,0,,,0,0.0322344303,0.620374799,0.196073189,15.9167824,2.40299988,0,,,0,1
129222984,0.150000006,0,,,0,0.0402930379,0.620374799,0.196073189,15.9167824,2.40499997,0,,,0,1
129224110,0.150000006,0,,,0,0.0402930379,0.620374799,0.196073189,15.9122372,2.40499997,0,,,0,1
129225240,0.150000006,0,,,0,0.0402930379,0.620374799,0.196073189,15.9122372,2.40799999,0,,,0,1
129226371,0.150000006,0,,,0,0.0402930379,0.620374799,0.196073189,15.9122372,2.40799999,0,,,0,1
129227500,0.150000006,0,,,0,0.0322344303,0.620374799,0.196073189,15.9122372,2.41000009,0,,,0,1
129228627,0.150000006,0,,,0,0.0322344303,0.620374799,0.196073189,15.9167824,2.41000009,0,,,0,1
129229757,0.150000006,0,,,0,0.0402930379,0.620374799,0.196073189,15.9122372,2.41200018,0,,,0,1
129230883,0.150000006,0,,,0,0.0402930379,0.620374799,0.196073189,15.9122372,2.41200018,0,,,0,1
129232012,0.150000006,0,,,0,0.0402930379,0.620374799,0.196073189,15.9167824,2.41499996,0,,,0,1
129233138,0.150000006,0,,,0,0.0402930379,0.620374799,0.196073189,15.9167824,2.41499996,0,,,0,1
129234267,0.150000006,0,,,0,0.0402930379,0.620374799,0.196073189,15.9122372,2.41700006,0,,,0,1
129235393,0.150000006,0,,,0,0.0402930379,0.620374799,0.196073189,15.9122372,2.41700006,0,,,0,1
129236522,0.150000006,0,,,0,0.0402930379,0.620374799,0.196073189,15.9122372,2.41900015,0,,,0,1
129237654,0.150000006,0,,,0,0.0483516455,0.620374799,0.196073189,15.9167824,2.41900015,0,,,0,1
129238783,0.150000006,0,,,0,0.0402930379,0.620374799,0.196073189,15.9167824,2.421,0,,,0,1
129239909,0.150000006,0,,,0,0.0483516455,0.620374799,0.196073189,15.9122372,2.421,0,,,0,1
129241039,0.150000006,0,,,0,0.0483516455,0.620374799,0.196073189,15.9167824,2.42400002,0,,,0,1
129242165,0.150000006,0,,,0,0.0402930379,0.620374799,0.196073189,15.9122372,2.42400002,0,,,0,1
129243499,0.150000006,0,,,0,0.0402930379,0.620374799,0.196073189,15.9167824,2.42599988,0,,,0,1
129244625,0.150000006,0,,,0,0.056410253,0.620374799,0.196073189,15.9122372,2.42599988,0,,,0,1
129245755,0.150000006,0,,,0,0.056410253,0.620374799,0.196073189,15.9122372,2.42799997,0,,,0,1
129246880,0.150000006,0,,,0,0.0402930379,0.620374799,0.196073189,15.9167824,2.42799997,0,,,0,1
129248009,0.150000006,0,,,0,0.056410253,0.620374799,0.196073189,15.9122372,2.43099999,0,,,0,1
129249140,0.150000006,0,,,0,0.0483516455,0.620374799,0.196073189,15.9122372,2.43099999,0,,,0,1
129250270,0.150000006,0,,,0,0.0402930379,0.620374799,0.196073189,15.9122372,2.43300009,0,,,0,1
129251396,0.150000006,0,,,0,0.0483516455,0.620374799,0.196073189,15.9167824,2.43300009,0,,,0,1
129252525,0.150000006,0,,,0,0.0402930379,0.620374799,0.196073189,15.9122372,2.43499994,0,,,0,1
129253651,0.150000006,0,,,0,0.0483516455,0.620374799,0.196073189,15.9167824,2.43499994,0,,,0,1
129254780,0.150000006,0,,,0,0.0483516455,0.620374799,0.196073189,15.9122372,2.43700004,0,,,0,1
129255906,0.150000006,0,,,0,0.0483516455,0.620374799,0.196073189,15.9122372,2.43700004,0,,,0,1
129257035,0.150000006,0,,,0,0.0483516455,0.620374799,0.196073189,15.9167824,2.44000006,0,,,0,1
129258161,0.150000006,0,,,0,0.0402930379,0.620374799,0.196073189,15.9122372,2.44000006,0,,,0,1
129259290,0.150000006,0,,,0,0.0402930379,0.620374799,0.196073189,15.9122372,2.44199991,0,,,0,1
129260422,0.150000006,0,,,0,0.0402930379,0.620374799,0.196073189,15.9167824,2.44199991,0,,,0,1
129261551,0.150000006,0,,,0,0.0402930379,0.620374799,0.196073189,15.9122372,2.44400001,0,,,0,1
129262677,0.150000006,0,,,0,0.0402930379,0.620374799,0.196073189,15.9122372,2.44400001,0,,,0,1
129264010,0.150000006,0,,,0,0.0402930379,0.620374799,0.196073189,15.9122372,2.44700003,0,,,0,1
129265137,0.150000006,0,,,0,0.0322344303,0.620374799,0.196073189,15.9122372,2.44700003,0,,,0,1
129266266,0.150000006,0,,,0,0.0402930379,0.620374799,0.196073189,15.9167824,2.44900012,0,,,0,1
129267393,0.150000006,0,,,0,0.0483516455,0.620374799,0.196073189,15.9122372,2.44900012,0,,,0,1
129268522,0.150000006,0,,,0,0.0725274682,0.620374799,0.196073189,15.9167824,2.45099998,0,,,0,1
129269649,0.150000006,0,,,0,0.0402930379,0.620374799,0.196073189,15.9122372,2.45099998,0,,,0,1
129270778,0.150000006,0,,,0,0.0322344303,0.620374799,0.196073189,15.9122372,2.45300007,0,,,0,1
129271910,0.150000006,0,,,0,0.0483516455,0.620374799,0.196073189,15.9122372,2.45300007,0,,,0,1
129273039,0.150000006,0,,,0,0.0402930379,0.620374799,0.196073189,15.9167824,2.45599985,0,,,0,1
129274165,0.150000006,0,,,0,0.0402930379,0.620374799,0.196073189,15.9122372,2.45599985,0,,,0,1
129275294,0.150000006,0,,,0,0.0402930379,0.620374799,0.196073189,15.9167824,2.45799994,0,,,0,1
129276421,0.150000006,0,,,0,0.0483516455,0.620374799,0.196073189,15.9122372,2.45799994,0,,,0,1
129277550,0.150000006,0,,,0,0.0402930379,0.620374799,0.196073189,15.9122372,2.46000004,0,,,0,1
129278676,0.150000006,0,,,0,0.0322344303,0.620374799,0.196073189,15.9167824,2.46000004,0,,,0,1
129279805,0.150000006,0,,,0,0.0402930379,0.620374799,0.196073189,15.9122372,2.46199989,0,,,0,1
129280931,0.150000006,0,,,0,0.0483516455,0.620374799,0.196073189,15.9122372,2.46199989,0,,,0,1
129282065,0.150000006,0,,,0,0.0483516455,0.620374799,0.196073189,15.9122372,2.46499991,0,,,0,1
129283191,0.150000006,0,,,0,0.0402930379,0.620374799,0.196073189,15.9122372,2.46499991,0,,,0,1
129284320,0.150000006,0,,,0,0.0402930379,0.620374799,0.196073189,15.9167824,2.46700001,0,,,0,1
129285650,0.150000006,0,,,0,0.0322344303,0.620374799,0.196073189,15.9122372,2.46700001,0,,,0,1
129286780,0.150000006,0,,,0,0.0483516455,0.620374799,0.196073189,15.9167824,2.4690001,0,,,0,1
129287906,0.150000006,0,,,0,0.0402930379,0.620374799,0.196073189,15.9122372,2.4690001,0,,,0,1
129289036,0.150000006,0,,,0,0.0402930379,0.620374799,0.196073189,15.9122372,2.47200012,0,,,0,1
129290162,0.150000006,0,,,0,0.0402930379,0.620374799,0.196073189,15.9167824,2.47200012,0,,,0,1
129291291,0.150000006,0,,,0,0.0322344303,0.620374799,0.196073189,15.9167824,2.47399998,0,,,0,1
129292417,0.150000006,0,,,0,0.0402930379,0.620374799,0.196073189,15.9167824,2.47399998,0,,,0,1
129293551,0.150000006,0,,,0,0.0322344303,0.620374799,0.196073189,15.9122372,2.47600007,0,,,0,1
129294678,0.150000006,0,,,0,0.0402930379,0.620374799,0.196073189,15.9122372,2.47600007,0,,,0,1
129295807,0.150000006,0,,,0,0.0402930379,0.620374799,0.196073189,15.9167824,2.47799993,0,,,0,1
129296933,0.150000006,0,,,0,0.0483516455,0.620374799,0.196073189,15.9122372,2.47799993,0,,,0,1
129298062,0.150000006,0,,,0,0.0322344303,0.620374799,0.196073189,15.9122372,2.48099995,0,,,0,1
129299188,0.150000006,0,,,0,0.0402930379,0.620374799,0.196073189,15.9122372,2.48099995,0,,,0,1
129300317,0.150000006,0,,,0,0.0402930379,0.620374799,0.196073189,15.9167824,2.4829998,0,,,0,1
129301443,0.150000006,0,,,0,0.0322344303,0.620374799,0.196073189,15.9167824,2.4829998,0,,,0,1
129302573,0.150000006,0,,,0,0.0402930379,0.620374799,0.196073189,15.9122372,2.4849999,0,,,0,1
129303699,0.150000006,0,,,0,0.0322344303,0.620374799,0.196073189,15.9167824,2.4849999,0,,,0,1
129304833,0.150000006,0,,,0,0.0402930379,0.620374799,0.196073189,15.9167824,2.48699999,0,,,0,1
129306163,0.150000006,0,,,0,0.0402930379,0.620374799,0.196073189,15.9122372,2.48699999,0,,,0,1
129307292,0.150000006,0,,,0,0.0402930379,0.620374799,0.196073189,15.9167824,2.49000001,0,,,0,1
129308418,0.150000006,0,,,0,0.0402930379,0.620374799,0.196073189,15.9122372,2.49000001,0,,,0,1
129309547,0.150000006,0,,,0,0.0402930379,0.620374799,0.196073189,15.9122372,2.4920001,0,,,0,1
129310673,0.150000006,0,,,0,0.0322344303,0.620374799,0.196073189,15.9122372,2.4920001,0,,,0,1
129311803,0.150000006,0,,,0,0.0483516455,0.620374799,0.196073189,15.9122372,2.49399996,0,,,0,1
129312929,0.150000006,0,,,0,0.0402930379,0.620374799,0.196073189,15.9122372,2.49399996,0,,,0,1
129314058,0.150000006,0,,,0,0.0402930379,0.620374799,0.196073189,15.9122372,2.49699998,0,,,0,1
129315184,0.150000006,0,,,0,0.0402930379,0.620374799,0.196073189,15.9122372,2.49699998,0,,,0,1
129316318,0.150000006,0,,,0,0.0322344303,0.620374799,0.196073189,15.9122372,2.49900007,0,,,0,1
129317450,0.150000006,0,,,0,0.0402930379,0.620374799,0.196073189,15.9122372,2.49900007,0,,,0,1
129318580,0.150000006,0,,,0,0.0322344303,0.620374799,0.196073189,15.9122372,2.50099993,0,,,0,1
129319706,0.150000006,0,,,0,0.0483516455,0.620374799,0.196073189,15.9167824,2.50099993,0,,,0,1
129320835,0.150000006,0,,,0,0.0322344303,0.620374799,0.196073189,15.9122372,2.50300002,0,,,0,1
129321961,0.150000006,0,,,0,0.0322344303,0.620374799,0.196073189,15.9122372,2.50300002,0,,,0,1
129323090,0.150000006,0,,,0,0.0402930379,0.620374799,0.196073189,15.9122372,2.50600004,0,,,0,1
129324216,0.150000006,0,,,0,0.0322344303,0.620374799,0.196073189,15.9122372,2.50600004,0,,,0,1
129325345,0.150000006,0,,,0,0.0402930379,0.620374799,0.196073189,15.9167824,2.50800014,0,,,0,1
129326471,0.150000006,0,,,0,0.0402930379,0.620374799,0.196073189,15.9122372,2.50800014,0,,,0,1
129327809,0.150000006,0,,,0,0.0402930379,0.620374799,0.196073189,15.9122372,2.50999999,0,,,0,1
129328935,0.150000006,0,,,0,0.0322344303,0.620374799,0.196073189,15.9122372,2.50999999,0,,,0,1
129330064,0.150000006,0,,,0,0.0402930379,0.620374799,0.196073189,15.9122372,2.51300001,0,,,0,1
129331190,0.150000006,0,,,0,0.0322344303,0.620374799,0.196073189,15.9122372,2.51300001,0,,,0,1
129332319,0.150000006,0,,,0,0.0483516455,0.620374799,0.196073189,15.9122372,2.51499987,0,,,0,1
129333445,0.150000006,0,,,0,0.0402930379,0.620374799,0.196073189,15.9213276,2.51499987,0,,,0,1
129334574,0.150000006,0,,,0,0.0322344303,0.620374799,0.196073189,15.9122372,2.51699996,0,,,0,1
129335700,0.150000006,0,,,0,0.0402930379,0.620374799,0.196073189,15.9167824,2.51699996,0,,,0,1
129336829,0.150000006,0,,,0,0.0402930379,0.620374799,0.196073189,15.9122372,2.51900005,0,,,0,1
129337955,0.150000006,0,,,0,0.0322344303,0.620374799,0.196073189,15.9122372,2.51900005,0,,,0,1
129339089,0.150000006,0,,,0,0.0402930379,0.620374799,0.196073189,15.9167824,2.52199984,0,,,0,1
129340215,0.150000006,0,,,0,0.0402930379,0.620374799,0.196073189,15.9167824,2.52199984,0,,,0,1
129341345,0.150000006,0,,,0,0.0402930379,0.620374799,0.196073189,15.9122372,2.52399993,0,,,0,1
129342471,0.150000006,0,,,0,0.0483516455,0.620374799,0.196073189,15.9167824,2.52399993,0,,,0,1
129343601,0.150000006,0,,,0,0.0322344303,0.620374799,0.196073189,15.9122372,2.52600002,0,,,0,1
129344727,0.150000006,0,,,0,0.0402930379,0.620374799,0.196073189,15.9122372,2.52600002,0,,,0,1
129345855,0.150000006,0,,,0,0.0322344303,0.620374799,0.196073189,15.9122372,2.52800012,0,,,0,1
129346982,0.150000006,0,,,0,0.0322344303,0.620374799,0.196073189,15.9122372,2.52800012,0,,,0,1
129348315,0.150000006,0,,,0,0.0402930379,0.620374799,0.196073189,15.9122372,2.53100014,0,,,0,1
129349441,0.150000006,0,,,0,0.0402930379,0.620374799,0.196073189,15.9167824,2.53100014,0,,,0,1
129350575,0.150000006,0,,,0,0.0322344303,0.620374799,0.196073189,15.9122372,2.53299999,0,,,0,1
129351701,0.150000006,0,,,0,0.0402930379,0.620374799,0.196073189,15.9167824,2.53299999,0,,,0,1
129352830,0.150000006,0,,,0,0.0322344303,0.620374799,0.196073189,15.9122372,2.53500009,0,,,0,1
129353956,0.150000006,0,,,0,0.0402930379,0.620374799,0.196073189,15.9167824,2.53500009,0,,,0,1
129355085,0.150000006,0,,,0,0.0483516455,0.620374799,0.196073189,15.9122372,2.53800011,0,,,0,1
129356211,0.150000006,0,,,0,0.0402930379,0.620374799,0.196073189,15.907692,2.53800011,0,,,0,1
129357340,0.150000006,0,,,0,0.0322344303,0.620374799,0.196073189,15.9167824,2.53999996,0,,,0,1
129358466,0.150000006,0,,,0,0.0402930379,0.620374799,0.196073189,15.9167824,2.53999996,0,,,0,1
129359595,0.150000006,0,,,0,0.0402930379,0.620374799,0.196073189,15.9122372,2.54199982,0,,,0,1
129360727,0.150000006,0,,,0,0.0402930379,0.620374799,0.196073189,15.9122372,2.54199982,0,,,0,1
129361856,0.150000006,0,,,0,0.0402930379,0.620374799,0.196073189,15.9122372,2.54399991,0,,,0,1
129362982,0.150000006,0,,,0,0.0483516455,0.620374799,0.196073189,15.9167824,2.54399991,0,,,0,1
129364111,0.150000006,0,,,0,0.0402930379,0.620374799,0.196073189,15.9167824,2.54699993,0,,,0,1
129365237,0.150000006,0,,,0,0.0322344303,0.620374799,0.196073189,15.907692,2.54699993,0,,,0,1
129366367,0.150000006,0,,,0,0.0402930379,0.620374799,0.196073189,15.9122372,2.54900002,0,,,0,1
129367493,0.150000006,0,,,0,0.0322344303,0.620374799,0.196073189,15.9167824,2.54900002,0,,,0,1
129368827,0.150000006,0,,,0,0.0322344303,0.620374799,0.196073189,15.9167824,2.55100012,0,,,0,1
129369953,0.150000006,0,,,0,0.0483516455,0.620374799,0.196073189,15.9167824,2.55100012,0,,,0,1
129371082,0.150000006,0,,,0,0.0402930379,0.620374799,0.196073189,15.9167824,2.5539999,0,,,0,1
129372213,0.150000006,0,,,0,0.0483516455,0.620374799,0.196073189,15.9122372,2.5539999,0,,,0,1
129373342,0.150000006,0,,,0,0.0402930379,0.620374799,0.196073189,15.9122372,2.55599999,0,,,0,1
129374468,0.150000006,0,,,0,0.0402930379,0.620374799,0.196073189,15.9122372,2.55599999,0,,,0,1
129375598,0.150000006,0,,,0,0.0725274682,0.620374799,0.196073189,15.9167824,2.55800009,0,,,0,1
129376724,0.150000006,0,,,0,0.0483516455,0.620374799,0.196073189,15.9122372,2.55800009,0,,,0,1
129377853,0.150000006,0,,,0,0.0402930379,0.620374799,0.196073189,15.9167824,2.55999994,0,,,0,1
129378979,0.150000006,0,,,0,0.0322344303,0.620374799,0.196073189,15.9122372,2.55999994,0,,,0,1
129380108,0.150000006,0,,,0,0.0402930379,0.620374799,0.196073189,15.9167824,2.56299996,0,,,0,1
129381235,0.150000006,0,,,0,0.0322344303,0.620374799,0.196073189,15.9213276,2.56299996,0,,,0,1
129382364,0.150000006,0,,,0,0.0483516455,0.620374799,0.196073189,15.9122372,2.56500006,0,,,0,1
129383495,0.150000006,0,,,0,0.0402930379,0.620374799,0.196073189,15.9167824,2.56500006,0,,,0,1
129384625,0.150000006,0,,,0,0.0483516455,0.620374799,0.196073189,15.9122372,2.56699991,0,,,0,1
129385751,0.150000006,0,,,0,0.0402930379,0.620374799,0.196073189,15.9167824,2.56699991,0,,,0,1
129386880,0.150000006,0,,,0,0.0402930379,0.620374799,0.196073189,15.9167824,2.56900001,0,,,0,1
129388007,0.150000006,0,,,0,0.0322344303,0.620374799,0.196073189,15.9167824,2.56900001,0,,,0,1
129389136,0.150000006,0,,,0,0.0402930379,0.620374799,0.196073189,15.9122372,2.57200003,0,,,0,1
129390467,0.150000006,0,,,0,0.0322344303,0.620374799,0.196073189,15.9122372,2.57200003,0,,,0,1
129391596,0.150000006,0,,,0,0.0402930379,0.620374799,0.196073189,15.9167824,2.57399988,0,,,0,1
129392723,0.150000006,0,,,0,0.0402930379,0.620374799,0.196073189,15.9167824,2.57399988,0,,,0,1
129393852,0.150000006,0,,,0,0.0402930379,0.620374799,0.196073189,15.9167824,2.57599998,0,,,0,1
129394983,0.150000006,0,,,0,0.0483516455,0.620374799,0.196073189,15.9167824,2.57599998,0,,,0,1
129396112,0.150000006,0,,,0,0.0402930379,0.620374799,0.196073189,15.9122372,2.579,0,,,0,1
129397238,0.150000006,0,,,0,0.0402930379,0.620374799,0.196073189,15.9167824,2.579,0,,,0,1
129398368,0.150000006,0,,,0,0.0402930379,0.620374799,0.196073189,15.9122372,2.58099985,0,,,0,1
129399494,0.150000006,0,,,0,0.056410253,0.620374799,0.196073189,15.9167824,2.58099985,0,,,0,1
129400623,0.150000006,0,,,0,0.0402930379,0.620374799,0.196073189,15.9167824,2.58299994,0,,,0,1
129401749,0.150000006,0,,,0,0.0402930379,0.620374799,0.196073189,15.9167824,2.58299994,0,,,0,1
129402878,0.150000006,0,,,0,0.0402930379,0.620374799,0.196073189,15.9122372,2.58500004,0,,,0,1
129404004,0.150000006,0,,,0,0.0402930379,0.620374799,0.196073189,15.9122372,2.58500004,0,,,0,1
129405134,0.150000006,0,,,0,0.0402930379,0.620374799,0.196073189,15.9122372,2.58800006,0,,,0,1
129406265,0.150000006,0,,,0,0.0483516455,0.620374799,0.196073189,15.9167824,2.58800006,0,,,0,1
129407394,0.150000006,0,,,0,0.0402930379,0.620374799,0.196073189,15.9122372,2.59000015,0,,,0,1
129408521,0.150000006,0,,,0,0.0483516455,0.620374799,0.196073189,15.9122372,2.59000015,0,,,0,1
129409650,0.150000006,0,,,0,0.0402930379,0.620374799,0.196073189,15.9167824,2.59200001,0,,,0,1
129410981,0.150000006,0,,,0,0.0483516455,0.620374799,0.196073189,15.9167824,2.59200001,0,,,0,1
129412110,0.150000006,0,,,0,0.0402930379,0.620374799,0.196073189,15.9167824,2.59500003,0,,,0,1
129413237,0.150000006,0,,,0,0.0402930379,0.620374799,0.196073189,15.9167824,2.59500003,0,,,0,1
129414366,0.150000006,0,,,0,0.0322344303,0.620374799,0.196073189,15.9122372,2.59700012,0,,,0,1
129415492,0.150000006,0,,,0,0.0402930379,0.620374799,0.196073189,15.9122372,2.59700012,0,,,0,1
129416621,0.150000006,0,,,0,0.0483516455,0.620374799,0.196073189,15.9122372,2.59899998,0,,,0,1
129417752,0.150000006,0,,,0,0.0402930379,0.620374799,0.196073189,15.9167824,2.59899998,0,,,0,1
129418881,0.150000006,0,,,0,0.0402930379,0.620374799,0.196073189,15.9122372,2.60099983,0,,,0,1
129420007,0.150000006,0,,,0,0.0402930379,0.620374799,0.196073189,15.9122372,2.60099983,0,,,0,1
129421136,0.150000006,0,,,0,0.0402930379,0.620374799,0.196073189,15.9122372,2.60399985,0,,,0,1
129422262,0.150000006,0,,,0,0.0483516455,0.620374799,0.196073189,15.9122372,2.60399985,0,,,0,1
129423391,0.150000006,0,,,0,0.0402930379,0.620374799,0.196073189,15.9122372,2.60599995,0,,,0,1
129424517,0.150000006,0,,,0,0.056410253,0.620374799,0.196073189,15.9167824,2.60599995,0,,,0,1
129425646,0.150000006,0,,,0,0.0322344303,0.620374799,0.196073189,15.9167824,2.60800004,0,,,0,1
129426773,0.150000006,0,,,0,0.0402930379,0.620374799,0.196073189,15.9122372,2.60800004,0,,,0,1
129427906,0.150000006,0,,,0,0.0483516455,0.620374799,0.196073189,15.9122372,2.61000013,0,,,0,1
129429032,0.150000006,0,,,0,0.0322344303,0.620374799,0.196073189,15.9167824,2.61000013,0,,,0,1
129430161,0.150000006,0,,,0,0.0402930379,0.620374799,0.196073189,15.9167824,2.61299992,0,,,0,1
129431287,0.150000006,0,,,0,0.0322344303,0.620374799,0.196073189,15.9167824,2.61299992,0,,,0,1
129432621,0.150000006,0,,,0,0.0322344303,0.620374799,0.196073189,15.9122372,2.61500001,0,,,0,1
129433747,0.150000006,0,,,0,0.0402930379,0.620374799,0.196073189,15.9122372,2.61500001,0,,,0,1
129434876,0.150000006,0,,,0,0.0402930379,0.620374799,0.196073189,15.9167824,2.6170001,0,,,0,1
129436003,0.150000006,0,,,0,0.0402930379,0.620374799,0.196073189,15.9122372,2.6170001,0,,,0,1
129437132,0.150000006,0,,,0,0.0402930379,0.620374799,0.196073189,15.9122372,2.61999989,0,,,0,1
129438258,0.150000006,0,,,0,0.0483516455,0.620374799,0.196073189,15.9122372,2.61999989,0,,,0,1
129439392,0.150000006,0,,,0,0.0402930379,0.620374799,0.196073189,15.9167824,2.62199998,0,,,0,1
129440518,0.150000006,0,,,0,0.0322344303,0.620374799,0.196073189,15.9167824,2.62199998,0,,,0,1
129441647,0.150000006,0,,,0,0.0322344303,0.620374799,0.196073189,15.9122372,2.62400007,0,,,0,1
129442773,0.150000006,0,,,0,0.0402930379,0.620374799,0.196073189,15.9122372,2.62400007,0,,,0,1
129443902,0.150000006,0,,,0,0.0402930379,0.620374799,0.196073189,15.9167824,2.62599993,0,,,0,1
129445028,0.150000006,0,,,0,0.0402930379,0.620374799,0.196073189,15.9167824,2.62599993,0,,,0,1
129446157,0.150000006,0,,,0,0.0402930379,0.620374799,0.196073189,15.9167824,2.62900019,0,,,0,1
129447283,0.150000006,0,,,0,0.0402930379,0.620374799,0.196073189,15.9122372,2.62900019,0,,,0,1
129448412,0.150000006,0,,,0,0.0322344303,0.620374799,0.196073189,15.9122372,2.63100004,0,,,0,1
129449538,0.150000006,0,,,0,0.0322344303,0.620374799,0.196073189,15.9122372,2.63100004,0,,,0,1
129450671,0.150000006,0,,,0,0.0402930379,0.620374799,0.196073189,15.9167824,2.6329999,0,,,0,1
129451798,0.150000006,0,,,0,0.0402930379,0.620374799,0.196073189,15.9122372,2.6329999,0,,,0,1
129453131,0.150000006,0,,,0,0.0322344303,0.620374799,0.196073189,15.9167824,2.63599992,0,,,0,1
129454257,0.150000006,0,,,0,0.0402930379,0.620374799,0.196073189,15.9167824,2.63599992,0,,,0,1
129455386,0.150000006,0,,,0,0.0402930379,0.620374799,0.196073189,15.9122372,2.63800001,0,,,0,1
129456512,0.150000006,0,,,0,0.0483516455,0.620374799,0.196073189,15.9122372,2.63800001,0,,,0,1
129457641,0.150000006,0,,,0,0.0402930379,0.620374799,0.196073189,15.9167824,2.63999987,0,,,0,1
129458767,0.150000006,0,,,0,0.0402930379,0.620374799,0.196073189,15.9167824,2.63999987,0,,,0,1
129459896,0.150000006,0,,,0,0.0402930379,0.620374799,0.196073189,15.9167824,2.64199996,0,,,0,1
129461022,0.150000006,0,,,0,0.0402930379,0.620374799,0.196073189,15.9122372,2.64199996,0,,,0,1
129462156,0.150000006,0,,,0,0.0402930379,0.620374799,0.196073189,15.9122372,2.64499998,0,,,0,1
129463282,0.150000006,0,,,0,0.0402930379,0.620374799,0.196073189,15.9167824,2.64499998,0,,,0,1
129464411,0.150000006,0,,,0,0.0402930379,0.620374799,0.196073189,15.9122372,2.64700007,0,,,0,1
129465537,0.150000006,0,,,0,0.0402930379,0.620374799,0.196073189,15.9167824,2.64700007,0,,,0,1
129466666,0.150000006,0,,,0,0.0322344303,0.620374799,0.196073189,15.9167824,2.64900017,0,,,0,1
129467792,0.150000006,0,,,0,0.0402930379,0.620374799,0.196073189,15.9167824,2.64900017,0,,,0,1
129468922,0.150000006,0,,,0,0.0483516455,0.620374799,0.196073189,15.9122372,2.65100002,0,,,0,1
129470048,0.150000006,0,,,0,0.0402930379,0.620374799,0.196073189,15.9167824,2.65100002,0,,,0,1
129471177,0.150000006,0,,,0,0.0402930379,0.620374799,0.196073189,15.9122372,2.65400004,0,,,0,1
129472303,0.150000006,0,,,0,0.0483516455,0.620374799,0.196073189,15.9122372,2.65400004,0,,,0,1
129473437,0.150000006,0,,,0,0.0322344303,0.620374799,0.196073189,15.9122372,2.65600014,0,,,0,1
129474768,0.150000006,0,,,0,0.0322344303,0.620374799,0.196073189,15.9167824,2.65600014,0,,,0,1
129475898,0.150000006,0,,,0,0.0402930379,0.620374799,0.196073189,15.9122372,2.65799999,0,,,0,1
129477024,0.150000006,0,,,0,0.0322344303,0.620374799,0.196073189,15.9167824,2.65799999,0,,,0,1
129478153,0.150000006,0,,,0,0.0322344303,0.620374799,0.196073189,15.9167824,2.66100001,0,,,0,1
129479279,0.150000006,0,,,0,0.0322344303,0.620374799,0.196073189,15.9122372,2.66100001,0,,,0,1
129480409,0.150000006,0,,,0,0.0322344303,0.620374799,0.196073189,15.9167824,2.66299987,0,,,0,1
129481535,0.150000006,0,,,0,0.0483516455,0.620374799,0.196073189,15.9122372,2.66299987,0,,,0,1
129482663,0.150000006,0,,,0,0.0402930379,0.620374799,0.196073189,15.9122372,2.66499996,0,,,0,1
129483790,0.150000006,0,,,0,0.0322344303,0.620374799,0.196073189,15.9167824,2.66499996,0,,,0,1
129484923,0.150000006,0,,,0,0.0402930379,0.620374799,0.196073189,15.9122372,2.66700006,0,,,0,1
129486049,0.150000006,0,,,0,0.0402930379,0.620374799,0.196073189,15.9167824,2.66700006,0,,,0,1
129487178,0.150000006,0,,,0,0.0402930379,0.620374799,0.196073189,15.9167824,2.67000008,0,,,0,1
129488305,0.150000006,0,,,0,0.0402930379,0.620374799,0.196073189,15.9167824,2.67000008,0,,,0,1
129489434,0.150000006,0,,,0,0.0322344303,0.620374799,0.196073189,15.9122372,2.67199993,0,,,0,1
129490560,0.150000006,0,,,0,0.0402930379,0.620374799,0.196073189,15.9122372,2.67199993,0,,,0,1
129491690,0.150000006,0,,,0,0.0322344303,0.620374799,0.196073189,15.9167824,2.67400002,0,,,0,1
129492816,0.150000006,0,,,0,0.0322344303,0.620374799,0.196073189,15.9167824,2.67400002,0,,,0,1
129493945,0.150000006,0,,,0,0.0322344303,0.620374799,0.196073189,15.9122372,2.67600012,0,,,0,1
129495275,0.150000006,0,,,0,0.0402930379,0.620374799,0.196073189,15.9167824,2.67600012,0,,,0,1
129496409,0.150000006,0,,,0,0.0402930379,0.620374799,0.196073189,15.9167824,2.6789999,0,,,0,1
129497536,0.150000006,0,,,0,0.0402930379,0.620374799,0.196073189,15.9122372,2.6789999,0,,,0,1
129498666,0.150000006,0,,,0,0.0402930379,0.620374799,0.196073189,15.9122372,2.68099999,0,,,0,1
129499792,0.150000006,0,,,0,0.0402930379,0.620374799,0.196073189,15.9122372,2.68099999,0,,,0,1
129500921,0.150000006,0,,,0,0.0402930379,0.620374799,0.196073189,15.9122372,2.68300009,0,,,0,1
129502048,0.150000006,0,,,0,0.0402930379,0.620374799,0.196073189,15.9167824,2.68300009,0,,,0,1
129503177,0.150000006,0,,,0,0.0483516455,0.620374799,0.196073189,15.9122372,2.68600011,0,,,0,1
129504304,0.150000006,0,,,0,0.0402930379,0.620374799,0.196073189,15.9167824,2.68600011,0,,,0,1
129505433,0.150000006,0,,,0,0.0322344303,0.620374799,0.196073189,15.9122372,2.6880002,0,,,0,1
129506564,0.150000006,0,,,0,0.0322344303,0.620374799,0.196073189,15.907692,2.6880002,0,,,0,1
129507693,0.150000006,0,,,0,0.0402930379,0.620374799,0.196073189,15.9167824,2.69000006,0,,,0,1
129508820,0.150000006,0,,,0,0.0402930379,0.620374799,0.196073189,15.9167824,2.69000006,0,,,0,1
129509950,0.150000006,0,,,0,0.0322344303,0.620374799,0.196073189,15.9167824,2.69199991,0,,,0,1
129511076,0.150000006,0,,,0,0.0402930379,0.620374799,0.196073189,15.9122372,2.69199991,0,,,0,1
129512206,0.150000006,0,,,0,0.0402930379,0.620374799,0.196073189,15.9122372,2.69499993,0,,,0,1
129513332,0.150000006,0,,,0,0.0483516455,0.620374799,0.196073189,15.9167824,2.69499993,0,,,0,1
129514461,0.150000006,0,,,0,0.0402930379,0.620374799,0.196073189,15.9122372,2.69700003,0,,,0,1
129515791,0.150000006,0,,,0,0.0402930379,0.620374799,0.196073189,15.9167824,2.69700003,0,,,0,1
129516920,0.150000006,0,,,0,0.0322344303,0.620374799,0.196073189,15.9122372,2.69899988,0,,,0,1
129518051,0.150000006,0,,,0,0.0402930379,0.620374799,0.196073189,15.9167824,2.69899988,0,,,0,1
129519180,0.150000006,0,,,0,0.0322344303,0.620374799,0.196073189,15.9122372,2.7019999,0,,,0,1
129520306,0.150000006,0,,,0,0.0483516455,0.620374799,0.196073189,15.9167824,2.7019999,0,,,0,1
129521435,0.150000006,0,,,0,0.0402930379,0.620374799,0.196073189,15.9167824,2.704,0,,,0,1
129522561,0.150000006,0,,,0,0.056410253,0.620374799,0.196073189,15.9167824,2.704,0,,,0,1
129523690,0.150000006,0,,,0,0.0402930379,0.620374799,0.196073189,15.9122372,2.70600009,0,,,0,1
129524816,0.150000006,0,,,0,0.0483516455,0.620374799,0.196073189,15.9167824,2.70600009,0,,,0,1
129525946,0.150000006,0,,,0,0.0322344303,0.620374799,0.196073189,15.9122372,2.70800018,0,,,0,1
129527072,0.150000006,0,,,0,0.0402930379,0.620374799,0.196073189,15.9122372,2.70800018,0,,,0,1
129528202,0.150000006,0,,,0,0.0402930379,0.620374799,0.196073189,15.9122372,2.71099997,0,,,0,1
129529333,0.150000006,0,,,0,0.0322344303,0.620374799,0.196073189,15.9167824,2.71099997,0,,,0,1
129530461,0.150000006,0,,,0,0.0402930379,0.620374799,0.196073189,15.9167824,2.71300006,0,,,0,1
129531588,0.150000006,0,,,0,0.0322344303,0.620374799,0.196073189,15.9122372,2.71300006,0,,,0,1
129532717,0.150000006,0,,,0,0.0402930379,0.620374799,0.196073189,15.9122372,2.71499991,0,,,0,1
129533843,0.150000006,0,,,0,0.0402930379,0.620374799,0.196073189,15.9167824,2.71499991,0,,,0,1
129534972,0.150000006,0,,,0,0.0402930379,0.620374799,0.196073189,15.9167824,2.71700001,0,,,0,1
129536098,0.150000006,0,,,0,0.0483516455,0.620374799,0.196073189,15.9167824,2.71700001,0,,,0,1
129537431,0.150000006,0,,,0,0.0322344303,0.620374799,0.196073189,15.9122372,2.72000003,0,,,0,1
129538557,0.150000006,0,,,0,0.0483516455,0.620374799,0.196073189,15.9167824,2.72000003,0,,,0,1
129539686,0.150000006,0,,,0,0.0402930379,0.620374799,0.196073189,15.9122372,2.72199988,0,,,0,1
129540818,0.150000006,0,,,0,0.0402930379,0.620374799,0.196073189,15.9122372,2.72199988,0,,,0,1
129541947,0.150000006,0,,,0,0.0483516455,0.620374799,0.196073189,15.9167824,2.72399998,0,,,0,1
129543073,0.150000006,0,,,0,0.0402930379,0.620374799,0.196073189,15.9167824,2.72399998,0,,,0,1
129544202,0.150000006,0,,,0,0.0483516455,0.620374799,0.196073189,15.9122372,2.727,0,,,0,1
129545328,0.150000006,0,,,0,0.0402930379,0.620374799,0.196073189,15.9167824,2.727,0,,,0,1
129546457,0.150000006,0,,,0,0.0402930379,0.620374799,0.196073189,15.9122372,2.72900009,0,,,0,1
129547583,0.150000006,0,,,0,0.0322344303,0.620374799,0.196073189,15.9122372,2.72900009,0,,,0,1
129548712,0.150000006,0,,,0,0.0483516455,0.620374799,0.196073189,15.9167824,2.73099995,0,,,0,1
129549838,0.150000006,0,,,0,0.0402930379,0.620374799,0.196073189,15.9122372,2.73099995,0,,,0,1
129550967,0.150000006,0,,,0,0.0402930379,0.620374799,0.196073189,15.9167824,2.73300004,0,,,0,1
129552098,0.150000006,0,,,0,0.0483516455,0.620374799,0.196073189,15.9167824,2.73300004,0,,,0,1
129553227,0.150000006,0,,,0,0.056410253,0.620374799,0.196073189,15.907692,2.73600006,0,,,0,1
129554354,0.150000006,0,,,0,0.0402930379,0.620374799,0.196073189,15.9122372,2.73600006,0,,,0,1
129555483,0.150000006,0,,,0,0.0402930379,0.620374799,0.196073189,15.9167824,2.73799992,0,,,0,1
129556609,0.150000006,0,,,0,0.0483516455,0.620374799,0.196073189,15.9167824,2.73799992,0,,,0,1
129557943,0.150000006,0,,,0,0.0483516455,0.620374799,0.196073189,15.9167824,2.74000001,0,,,0,1
129559069,0.150000006,0,,,0,0.0402930379,0.620374799,0.196073189,15.9167824,2.74000001,0,,,0,1
129560199,0.150000006,0,,,0,0.0483516455,0.620374799,0.196073189,15.9167824,2.74300003,0,,,0,1
129561326,0.150000006,0,,,0,0.0402930379,0.620374799,0.196073189,15.9167824,2.74300003,0,,,0,1
129562455,0.150000006,0,,,0,0.0402930379,0.620374799,0.196073189,15.9122372,2.74500012,0,,,0,1
129563586,0.150000006,0,,,0,0.0402930379,0.620374799,0.196073189,15.9167824,2.74500012,0,,,0,1
129564716,0.150000006,0,,,0,0.0402930379,0.620374799,0.196073189,15.9122372,2.74699998,0,,,0,1
129565842,0.150000006,0,,,0,0.0322344303,0.620374799,0.196073189,15.9167824,2.74699998,0,,,0,1
129566971,0.150000006,0,,,0,0.0402930379,0.620374799,0.196073189,15.9167824,2.74900007,0,,,0,1
129568097,0.150000006,0,,,0,0.0483516455,0.620374799,0.196073189,15.9122372,2.74900007,0,,,0,1
129569226,0.150000006,0,,,0,0.056410253,0.620374799,0.196073189,15.9122372,2.75199986,0,,,0,1
129570352,0.150000006,0,,,0,0.0483516455,0.620374799,0.196073189,15.9167824,2.75199986,0,,,0,1
129571482,0.150000006,0,,,0,0.0402930379,0.620374799,0.196073189,15.9122372,2.75399995,0,,,0,1
129572608,0.150000006,0,,,0,0.0322344303,0.620374799,0.196073189,15.9167824,2.75399995,0,,,0,1
129573742,0.150000006,0,,,0,0.0483516455,0.620374799,0.196073189,15.9122372,2.75600004,0,,,0,1
129574869,0.150000006,0,,,0,0.0483516455,0.620374799,0.196073189,15.9167824,2.75600004,0,,,0,1
129575998,0.150000006,0,,,0,0.0483516455,0.620374799,0.196073189,15.9122372,2.7579999,0,,,0,1
129577124,0.150000006,0,,,0,0.0402930379,0.620374799,0.196073189,15.9167824,2.7579999,0,,,0,1
129578254,0.150000006,0,,,0,0.0402930379,0.620374799,0.196073189,15.9167824,2.76099992,0,,,0,1
129579584,0.150000006,0,,,0,0.0402930379,0.620374799,0.196073189,15.9167824,2.76099992,0,,,0,1
129580713,0.150000006,0,,,0,0.0402930379,0.620374799,0.196073189,15.9167824,2.76300001,0,,,0,1
129581839,0.150000006,0,,,0,0.0402930379,0.620374799,0.196073189,15.9167824,2.76300001,0,,,0,1
129582969,0.150000006,0,,,0,0.0402930379,0.620374799,0.196073189,15.9167824,2.7650001,0,,,0,1
129584095,0.150000006,0,,,0,0.0483516455,0.620374799,0.196073189,15.9122372,2.7650001,0,,,0,1
129585229,0.150000006,0,,,0,0.0483516455,0.620374799,0.196073189,15.9122372,2.76800013,0,,,0,1
129586355,0.150000006,0,,,0,0.0483516455,0.620374799,0.196073189,15.9122372,2.76800013,0,,,0,1
129587485,0.150000006,0,,,0,0.0402930379,0.620374799,0.196073189,15.9167824,2.76999998,0,,,0,1
129588611,0.150000006,0,,,0,0.0402930379,0.620374799,0.196073189,15.9122372,2.76999998,0,,,0,1
129589741,0.150000006,0,,,0,0.0402930379,0.620374799,0.196073189,15.9167824,2.77200007,0,,,0,1
129590867,0.150000006,0,,,0,0.0322344303,0.620374799,0.196073189,15.9167824,2.77200007,0,,,0,1
129591997,0.150000006,0,,,0,0.0483516455,0.620374799,0.196073189,15.9122372,2.77399993,0,,,0,1
129593158,0.150000006,0,,,0,0.0805860758,0.572681904,0.201373562,15.9167824,2.77399993,0,,,0,1
129594287,0.150000006,0,,,0,0.0483516455,0.572681904,0.201373562,15.9122372,2.77699995,0,,,0,1
129595413,0.150000006,0,,,0,0.0402930379,0.572681904,0.201373562,15.9167824,2.77699995,0,,,0,1
129596547,0.150000006,0,,,0,0.0322344303,0.572681904,0.201373562,15.9122372,2.77899981,0,,,0,1
129597674,0.150000006,0,,,0,0.0402930379,0.572681904,0.201373562,15.9167824,2.77899981,0,,,0,1
129598803,0.150000006,0,,,0,0.056410253,0.572681904,0.201373562,15.9167824,2.7809999,0,,,0,1
129600133,0.150000006,0,,,0,0.0483516455,0.572681904,0.201373562,15.9122372,2.7809999,0,,,0,1
129601262,0.150000006,0,,,0,0.0402930379,0.572681904,0.201373562,15.9213276,2.78399992,0,,,0,1
129602389,0.150000006,0,,,0,0.0483516455,0.572681904,0.201373562,15.9122372,2.78399992,0,,,0,1
129603518,0.150000006,0,,,0,0.0402930379,0.572681904,0.201373562,15.9122372,2.78600001,0,,,0,1
129604644,0.150000006,0,,,0,0.0402930379,0.572681904,0.201373562,15.9167824,2.78600001,0,,,0,1
129605772,0.150000006,0,,,0,0.0483516455,0.572681904,0.201373562,15.9167824,2.78800011,0,,,0,1
129606898,0.150000006,0,,,0,0.0483516455,0.572681904,0.201373562,15.9167824,2.78800011,0,,,0,1
129608032,0.150000006,0,,,0,0.0483516455,0.572681904,0.201373562,15.907692,2.79099989,0,,,0,1
129609158,0.150000006,0,,,0,0.0402930379,0.572681904,0.201373562,15.9167824,2.79099989,0,,,0,1
129610287,0.150000006,0,,,0,0.0402930379,0.572681904,0.201373562,15.9122372,2.79299998,0,,,0,1
129611414,0.150000006,0,,,0,0.056410253,0.572681904,0.201373562,15.9122372,2.79299998,0,,,0,1
129612543,0.150000006,0,,,0,0.0402930379,0.572681904,0.201373562,15.9122372,2.79500008,0,,,0,1
129613669,0.150000006,0,,,0,0.0402930379,0.572681904,0.201373562,15.9122372,2.79500008,0,,,0,1
129614799,0.150000006,0,,,0,0.0402930379,0.572681904,0.201373562,15.9167824,2.79699993,0,,,0,1
129615925,0.150000006,0,,,0,0.0483516455,0.572681904,0.201373562,15.9122372,2.79699993,0,,,0,1
129617054,0.150000006,0,,,0,0.0402930379,0.572681904,0.201373562,15.9213276,2.79999995,0,,,0,1
129618180,0.150000006,0,,,0,0.0483516455,0.572681904,0.201373562,15.9122372,2.79999995,0,,,0,1
129619314,0.150000006,0,,,0,0.0322344303,0.572681904,0.201373562,15.9167824,2.80200005,0,,,0,1
129620440,0.150000006,0,,,0,0.0483516455,0.572681904,0.201373562,15.9167824,2.80200005,0,,,0,1
129621773,0.150000006,0,,,0,0.0483516455,0.572681904,0.201373562,15.9167824,2.80400014,0,,,0,1
129622900,0.150000006,0,,,0,0.0402930379,0.572681904,0.201373562,15.9167824,2.80400014,0,,,0,1
129624029,0.150000006,0,,,0,0.0322344303,0.572681904,0.201373562,15.9167824,2.80700016,0,,,0,1
129625155,0.150000006,1,,,0.0725274682,0,0.572681904,0.201373562,15.9485979,2.80700016,0,,,0,1
129626284,0.150000006,1,,,0.0402930379,0,0.572681904,0.201373562,15.9440527,2.80900002,0,,,0,1
129627410,0.150000006,1,,,0.056410253,0,0.572681904,0.201373562,15.9485979,2.80900002,0,,,0,1
129628539,0.150000006,1,,,0.0483516455,0,0.572681904,0.201373562,15.9485979,2.81099987,0,,,0,1
129629665,0.150000006,1,,,0.056410253,0,0.572681904,0.201373562,15.9485979,2.81099987,0,,,0,1
129630799,0.150000006,1,,,0.0322344303,0,0.572681904,0.201373562,15.9485979,2.81299996,0,,,0,1
129631925,0.150000006,1,,,0.0241758227,0,0.572681904,0.201373562,15.9485979,2.81299996,0,,,0,1
129633055,0.150000006,0,,,0,0,0.572681904,0.201373562,15.8986015,2.81599998,0,,,0,1
129634181,0.150000006,0.75,,,0.0241758227,0.00805860758,0.572681904,0.201373562,15.9213276,2.81599998,0,,,0,1
129635310,0.150000006,0.666666687,,,0.0161172152,0.00805860758,0.572681904,0.201373562,15.9167824,2.81799984,0,,,0,1
129636437,0.150000006,1,,,0.0241758227,0,0.572681904,0.201373562,15.9167824,2.81799984,0,,,0,1
129637566,0.150000006,0.666666687,,,0.0161172152,0.00805860758,0.572681904,0.201373562,15.9167824,2.81999993,0,,,0,1
129638692,0.150000006,0.75,,,0.0241758227,0.00805860758,0.572681904,0.201373562,15.9167824,2.81999993,0,,,0,1
129639821,0.150000006,0.666666687,,,0.0161172152,0.00805860758,0.572681904,0.201373562,15.9167824,2.82200003,0,,,0,1
129640947,0.150000006,0.666666687,,,0.0161172152,0.00805860758,0.572681904,0.201373562,15.9167824,2.82200003,0,,,0,1
129642285,0.150000006,0.75,,,0.0241758227,0.00805860758,0.572681904,0.201373562,15.9167824,2.82500005,0,,,0,1
129643412,0.150000006,0.5,,,0.0161172152,0.0161172152,0.572681904,0.201373562,15.9167824,2.82500005,0,,,0,1
129644541,0.150000006,0.5,,,0.0161172152,0.0161172152,0.572681904,0.201373562,15.9167824,2.82700014,0,,,0,1
129645668,0.150000006,0.5,,,0.0161172152,0.0161172152,0.572681904,0.201373562,15.9167824,2.82700014,0,,,0,1
129646797,0.150000006,0.5,,,0.00805860758,0.00805860758,0.572681904,0.201373562,15.9167824,2.829,0,,,0,1
129647924,0.150000006,0,,,0,0.0161172152,0.572681904,0.201373562,15.9167824,2.829,0,,,0,1
129649053,0.150000006,0.666666687,,,0.0161172152,0.00805860758,0.572681904,0.201373562,15.9167824,2.83200002,0,,,0,1
129650179,0.150000006,0.5,,,0.0161172152,0.0161172152,0.572681904,0.201373562,15.9167824,2.83200002,0,,,0,1
129651308,0.150000006,0.333333343,,,0.00805860758,0.0161172152,0.572681904,0.201373562,15.9167824,2.83400011,0,,,0,1
129652439,0.150000006,0.5,,,0.00805860758,0.00805860758,0.572681904,0.201373562,15.9122372,2.83400011,0,,,0,1
129653569,0.150000006,0.333333343,,,0.00805860758,0.0161172152,0.572681904,0.201373562,15.9167824,2.83599997,0,,,0,1
129654695,0.150000006,0.5,,,0.00805860758,0.00805860758,0.572681904,0.201373562,15.9213276,2.83599997,0,,,0,1
129655824,0.150000006,0.333333343,,,0.00805860758,0.0161172152,0.572681904,0.201373562,15.9167824,2.83799982,0,,,0,1
129656951,0.150000006,0.333333343,,,0.00805860758,0.0161172152,0.572681904,0.201373562,15.9167824,2.83799982,0,,,0,1
129658081,0.150000006,0.75,,,0.0241758227,0.00805860758,0.572681904,0.201373562,15.9167824,2.84100008,0,,,0,1
129659207,0.150000006,0.333333343,,,0.00805860758,0.0161172152,0.572681904,0.201373562,15.9122372,2.84100008,0,,,0,1
129660336,0.150000006,0.333333343,,,0.00805860758,0.0161172152,0.572681904,0.201373562,15.9167824,2.84299994,0,,,0,1
129661463,0.150000006,0.5,,,0.0161172152,0.0161172152,0.572681904,0.201373562,15.9167824,2.84299994,0,,,0,1
129662796,0.150000006,0.666666687,,,0.0161172152,0.00805860758,0.572681904,0.201373562,15.9167824,2.84500003,0,,,0,1
129663927,0.150000006,0.5,,,0.0161172152,0.0161172152,0.572681904,0.201373562,15.9167824,2.84500003,0,,,0,1
129665057,0.150000006,0.5,,,0.00805860758,0.00805860758,0.572681904,0.201373562,15.9167824,2.84800005,0,,,0,1
129666183,0.150000006,0.666666687,,,0.0161172152,0.00805860758,0.572681904,0.201373562,15.9167824,2.84800005,0,,,0,1
129667313,0.150000006,0.5,,,0.00805860758,0.00805860758,0.572681904,0.201373562,15.9167824,2.8499999,0,,,0,1
129668439,0.150000006,0.5,,,0.00805860758,0.00805860758,0.572681904,0.201373562,15.9167824,2.8499999,0,,,0,1
129669568,0.150000006,0.666666687,,,0.0161172152,0.00805860758,0.572681904,0.201373562,15.9167824,2.852,0,,,0,1
129670694,0.150000006,0.600000024,,,0.0241758227,0.0161172152,0.572681904,0.201373562,15.9167824,2.852,0,,,0,1
129671823,0.150000006,0.5,,,0.0161172152,0.0161172152,0.572681904,0.201373562,15.9167824,2.85400009,0,,,0,1
129672949,0.150000006,0.25,,,0.00805860758,0.0241758227,0.572681904,0.201373562,15.9167824,2.85400009,0,,,0,1
129674079,0.150000006,0.5,,,0.0161172152,0.0161172152,0.572681904,0.201373562,15.9167824,2.85699987,0,,,0,1
129675210,0.150000006,0.666666687,,,0.0161172152,0.00805860758,0.572681904,0.201373562,15.9167824,2.85699987,0,,,0,1
129676340,0.150000006,0.666666687,,,0.0161172152,0.00805860758,0.572681904,0.201373562,15.9213276,2.85899997,0,,,0,1
129677466,0.150000006,0.666666687,,,0.0161172152,0.00805860758,0.572681904,0.201373562,15.9213276,2.85899997,0,,,0,1
129678595,0.150000006,0.333333343,,,0.00805860758,0.0161172152,0.572681904,0.201373562,15.9167824,2.86100006,0,,,0,1
129679722,0.150000006,0.666666687,,,0.0161172152,0.00805860758,0.572681904,0.201373562,15.9122372,2.86100006,0,,,0,1
129680851,0.150000006,0.5,,,0.00805860758,0.00805860758,0.572681904,0.201373562,15.9167824,2.86299992,0,,,0,1
129681977,0.150000006,0.333333343,,,0.00805860758,0.0161172152,0.572681904,0.201373562,15.9167824,2.86299992,0,,,0,1
129683106,0.150000006,0,,,0,0.00805860758,0.572681904,0.201373562,15.9167824,2.86600018,0,,,0,1
129684436,0.150000006,0.333333343,,,0.00805860758,0.0161172152,0.572681904,0.201373562,15.9167824,2.86600018,0,,,0,1
129685566,0.150000006,0.333333343,,,0.00805860758,0.0161172152,0.572681904,0.201373562,15.9167824,2.86800003,0,,,0,1
129686697,0.150000006,0.333333343,,,0.00805860758,0.0161172152,0.572681904,0.201373562,15.9167824,2.86800003,0,,,0,1
129687826,0.150000006,0.5,,,0.00805860758,0.00805860758,0.572681904,0.201373562,15.9167824,2.86999989,0,,,0,1
129688953,0.150000006,0.666666687,,,0.0161172152,0.00805860758,0.572681904,0.201373562,15.9213276,2.86999989,0,,,0,1
129690082,0.150000006,0.5,,,0.00805860758,0.00805860758,0.572681904,0.201373562,15.9167824,2.87300014,0,,,0,1
129691208,0.150000006,0.666666687,,,0.0161172152,0.00805860758,0.572681904,0.201373562,15.9213276,2.87300014,0,,,0,1
129692337,0.150000006,0.666666687,,,0.0161172152,0.00805860758,0.572681904,0.201373562,15.9167824,2.875,0,,,0,1
129693463,0.150000006,0.666666687,,,0.0161172152,0.00805860758,0.572681904,0.201373562,15.9167824,2.875,0,,,0,1
129694593,0.150000006,0.5,,,0.00805860758,0.00805860758,0.572681904,0.201373562,15.9167824,2.87699986,0,,,0,1
129695719,0.150000006,0.25,,,0.00805860758,0.0241758227,0.572681904,0.201373562,15.9167824,2.87699986,0,,,0,1
129696848,0.150000006,0.666666687,,,0.0161172152,0.00805860758,0.572681904,0.201373562,15.9167824,2.87899995,0,,,0,1
129697979,0.150000006,0.25,,,0.00805860758,0.0241758227,0.572681904,0.201373562,15.9167824,2.87899995,0,,,0,1
129699109,0.150000006,0.333333343,,,0.00805860758,0.0161172152,0.572681904,0.201373562,15.9167824,2.88199997,0,,,0,1
129700235,0.150000006,0,,,0,0.0161172152,0.572681904,0.201373562,15.9213276,2.88199997,0,,,0,1
129701364,0.150000006,0.333333343,,,0.00805860758,0.0161172152,0.572681904,0.201373562,15.9167824,2.88400006,0,,,0,1
129702490,0.150000006,0.333333343,,,0.00805860758,0.0161172152,0.572681904,0.201373562,15.9167824,2.88400006,0,,,0,1
129703619,0.150000006,0.333333343,,,0.00805860758,0.0161172152,0.572681904,0.201373562,15.9167824,2.88600016,0,,,0,1
129704949,0.150000006,0.333333343,,,0.00805860758,0.0161172152,0.572681904,0.201373562,15.9213276,2.88600016,0,,,0,1
129706078,0.150000006,0.333333343,,,0.00805860758,0.0161172152,0.572681904,0.201373562,15.9167824,2.88899994,0,,,0,1
129707204,0.150000006,0.5,,,0.0161172152,0.0161172152,0.572681904,0.201373562,15.9167824,2.88899994,0,,,0,1
129708333,0.150000006,0.333333343,,,0.00805860758,0.0161172152,0.572681904,0.201373562,15.9213276,2.89100003,0,,,0,1
129709464,0.150000006,0.666666687,,,0.0161172152,0.00805860758,0.572681904,0.201373562,15.9167824,2.89100003,0,,,0,1
129710593,0.150000006,0.333333343,,,0.00805860758,0.0161172152,0.572681904,0.201373562,15.9167824,2.89300013,0,,,0,1
129711719,0.150000006,0.5,,,0.00805860758,0.00805860758,0.572681904,0.201373562,15.9167824,2.89300013,0,,,0,1
129712848,0.150000006,0.333333343,,,0.00805860758,0.0161172152,0.572681904,0.201373562,15.9167824,2.89499998,0,,,0,1
129713974,0.150000006,0.333333343,,,0.00805860758,0.0161172152,0.572681904,0.201373562,15.9167824,2.89499998,0,,,0,1
129715103,0.150000006,0.666666687,,,0.0161172152,0.00805860758,0.572681904,0.201373562,15.9167824,2.898,0,,,0,1
129716229,0.150000006,0.5,,,0.00805860758,0.00805860758,0.572681904,0.201373562,15.9213276,2.898,0,,,0,1
129717358,0.150000006,0.5,,,0.0161172152,0.0161172152,0.572681904,0.201373562,15.9213276,2.89999986,0,,,0,1
129718485,0.150000006,0.333333343,,,0.00805860758,0.0161172152,0.572681904,0.201373562,15.9167824,2.89999986,0,,,0,1
129719618,0.150000006,0.333333343,,,0.00805860758,0.0161172152,0.572681904,0.201373562,15.9167824,2.90199995,0,,,0,1
129720744,0.150000006,0.666666687,,,0.0161172152,0.00805860758,0.572681904,0.201373562,15.9213276,2.90199995,0,,,0,1
129721873,0.150000006,0.333333343,,,0.00805860758,0.0161172152,0.572681904,0.201373562,15.9167824,2.90400004,0,,,0,1
129723000,0.150000006,0.333333343,,,0.00805860758,0.0161172152,0.572681904,0.201373562,15.9167824,2.90400004,0,,,0,1
129724129,0.150000006,0.333333343,,,0.00805860758,0.0161172152,0.572681904,0.201373562,15.9167824,2.90700006,0,,,0,1
129725255,0.150000006,0.333333343,,,0.00805860758,0.0161172152,0.572681904,0.201373562,15.9213276,2.90700006,0,,,0,1
129726588,0.150000006,0,,,0,0.0161172152,0.572681904,0.201373562,15.9167824,2.90899992,0,,,0,1
129727714,0.150000006,0.25,,,0.00805860758,0.0241758227,0.572681904,0.201373562,15.9213276,2.90899992,0,,,0,1
129728844,0.150000006,0.333333343,,,0.00805860758,0.0161172152,0.572681904,0.201373562,15.9213276,2.91100001,0,,,0,1
129729970,0.150000006,0.333333343,,,0.00805860758,0.0161172152,0.572681904,0.201373562,15.9167824,2.91100001,0,,,0,1
129731103,0.150000006,0.25,,,0.00805860758,0.0241758227,0.572681904,0.201373562,15.9167824,2.91400003,0,,,0,1
129732230,0.150000006,0.333333343,,,0.00805860758,0.0161172152,0.572681904,0.201373562,15.9213276,2.91400003,0,,,0,1
129733359,0.150000006,0.666666687,,,0.0161172152,0.00805860758,0.572681904,0.201373562,15.9167824,2.91599989,0,,,0,1
129734485,0.150000006,0.5,,,0.00805860758,0.00805860758,0.572681904,0.201373562,15.9213276,2.91599989,0,,,0,1
129735614,0.150000006,0.333333343,,,0.00805860758,0.0161172152,0.572681904,0.201373562,15.9122372,2.91799998,0,,,0,1
129736740,0.150000006,0.25,,,0.00805860758,0.0241758227,0.572681904,0.201373562,15.9167824,2.91799998,0,,,0,1
129737869,0.150000006,0.5,,,0.00805860758,0.00805860758,0.572681904,0.201373562,15.9167824,2.92000008,0,,,0,1
129738995,0.150000006,0.333333343,,,0.00805860758,0.0161172152,0.572681904,0.201373562,15.9167824,2.92000008,0,,,0,1
129740124,0.150000006,0.25,,,0.00805860758,0.0241758227,0.572681904,0.201373562,15.9167824,2.9230001,0,,,0,1
129741250,0.150000006,0.25,,,0.00805860758,0.0241758227,0.572681904,0.201373562,15.9167824,2.9230001,0,,,0,1
129742384,0.150000006,0,,,0,0.0161172152,0.572681904,0.201373562,15.9167824,2.92500019,0,,,0,1
129743510,0.150000006,0,,,0,0.0241758227,0.572681904,0.201373562,15.9167824,2.92500019,0,,,0,1
129744640,0.150000006,0,,,0,0.0241758227,0.572681904,0.201373562,15.9167824,2.92700005,0,,,0,1
129745766,0.150000006,0.25,,,0.00805860758,0.0241758227,0.572681904,0.201373562,15.9167824,2.92700005,0,,,0,1
129747099,0.150000006,0,,,0,0.0241758227,0.572681904,0.201373562,15.9213276,2.93000007,0,,,0,1
129748225,0.150000006,0,,,0,0.0161172152,0.572681904,0.201373562,15.9213276,2.93000007,0,,,0,1
129749354,0.150000006,0,,,0,0.0241758227,0.572681904,0.201373562,15.9167824,2.93199992,0,,,0,1
129750480,0.150000006,0.400000006,,,0.0161172152,0.0241758227,0.572681904,0.201373562,15.9213276,2.93199992,0,,,0,1
129751610,0.150000006,0.5,,,0.00805860758,0.00805860758,0.572681904,0.201373562,15.9167824,2.93400002,0,,,0,1
129752736,0.150000006,0.400000006,,,0.0161172152,0.0241758227,0.572681904,0.201373562,15.9167824,2.93400002,0,,,0,1
129753870,0.150000006,0.333333343,,,0.00805860758,0.0161172152,0.572681904,0.201373562,15.9167824,2.93599987,0,,,0,1
129754996,0.150000006,0.400000006,,,0.0161172152,0.0241758227,0.572681904,0.201373562,15.9167824,2.93599987,0,,,0,1
129756125,0.150000006,0.333333343,,,0.00805860758,0.0161172152,0.572681904,0.201373562,15.9213276,2.93899989,0,,,0,1
129757251,0.150000006,0.333333343,,,0.00805860758,0.0161172152,0.572681904,0.201373562,15.9213276,2.93899989,0,,,0,1
129758380,0.150000006,0.666666687,,,0.0161172152,0.00805860758,0.572681904,0.201373562,15.9167824,2.94099998,0,,,0,1
129759506,0.150000006,0.333333343,,,0.00805860758,0.0161172152,0.572681904,0.201373562,15.9167824,2.94099998,0,,,0,1
129760635,0.150000006,0.333333343,,,0.00805860758,0.0161172152,0.572681904,0.201373562,15.9167824,2.94300008,0,,,0,1
129761761,0.150000006,0,,,0,0.0241758227,0.572681904,0.201373562,15.9167824,2.94300008,0,,,0,1
129762890,0.150000006,0.333333343,,,0.00805860758,0.0161172152,0.572681904,0.201373562,15.9167824,2.94500017,0,,,0,1
129764016,0.150000006,0.25,,,0.00805860758,0.0241758227,0.572681904,0.201373562,15.9167824,2.94500017,0,,,0,1
129765150,0.150000006,0.333333343,,,0.00805860758,0.0161172152,0.572681904,0.201373562,15.9167824,2.94799995,0,,,0,1
129766277,0.150000006,0.666666687,,,0.0161172152,0.00805860758,0.572681904,0.201373562,15.9213276,2.94799995,0,,,0,1
129767406,0.150000006,0.666666687,,,0.0161172152,0.00805860758,0.572681904,0.201373562,15.9167824,2.95000005,0,,,0,1
129768736,0.150000006,0.5,,,0.0161172152,0.0161172152,0.572681904,0.201373562,15.9213276,2.95000005,0,,,0,1
129769865,0.150000006,0.333333343,,,0.00805860758,0.0161172152,0.572681904,0.201373562,15.9167824,2.95200014,0,,,0,1
129770992,0.150000006,0.666666687,,,0.0161172152,0.00805860758,0.572681904,0.201373562,15.9167824,2.95200014,0,,,0,1
129772121,0.150000006,0.333333343,,,0.00805860758,0.0161172152,0.572681904,0.201373562,15.9167824,2.95499992,0,,,0,1
129773247,0.150000006,0,,,0,0.0161172152,0.572681904,0.201373562,15.9167824,2.95499992,0,,,0,1
129774376,0.150000006,0.333333343,,,0.00805860758,0.0161172152,0.572681904,0.201373562,15.9167824,2.95700002,0,,,0,1
129775502,0.150000006,0.333333343,,,0.00805860758,0.0161172152,0.572681904,0.201373562,15.9167824,2.95700002,0,,,0,1
129776636,0.150000006,0.5,,,0.00805860758,0.00805860758,0.572681904,0.201373562,15.9122372,2.95899987,0,,,0,1
129777762,0.150000006,0.5,,,0.0161172152,0.0161172152,0.572681904,0.201373562,15.9167824,2.95899987,0,,,0,1
129778891,0.150000006,0.333333343,,,0.00805860758,0.0161172152,0.572681904,0.201373562,15.9167824,2.96099997,0,,,0,1
129780018,0.150000006,0.333333343,,,0.00805860758,0.0161172152,0.572681904,0.201373562,15.9122372,2.96099997,0,,,0,1
129781147,0.150000006,0.333333343,,,0.00805860758,0.0161172152,0.572681904,0.201373562,15.9122372,2.96399999,0,,,0,1
129782273,0.150000006,0.333333343,,,0.00805860758,0.0161172152,0.572681904,0.201373562,15.9122372,2.96399999,0,,,0,1
129783402,0.150000006,0,,,0,0.0161172152,0.572681904,0.201373562,15.9167824,2.96600008,0,,,0,1
129784528,0.150000006,0,,,0,0.0241758227,0.572681904,0.201373562,15.9122372,2.96600008,0,,,0,1
129785657,0.150000006,0.333333343,,,0.00805860758,0.0161172152,0.572681904,0.201373562,15.9167824,2.96799994,0,,,0,1
129786783,0.150000006,0.333333343,,,0.00805860758,0.0161172152,0.572681904,0.201373562,15.9167824,2.96799994,0,,,0,1
129787917,0.150000006,0.5,,,0.00805860758,0.00805860758,0.572681904,0.201373562,15.9167824,2.97000003,0,,,0,1
129789247,0.150000006,0.333333343,,,0.00805860758,0.0161172152,0.572681904,0.201373562,15.9167824,2.97000003,0,,,0,1
129790377,0.150000006,0.333333343,,,0.00805860758,0.0161172152,0.572681904,0.201373562,15.9213276,2.97300005,0,,,0,1
129791503,0.150000006,0.5,,,0.0161172152,0.0161172152,0.572681904,0.201373562,15.9167824,2.97300005,0,,,0,1
129792632,0.150000006,0.666666687,,,0.0161172152,0.00805860758,0.572681904,0.201373562,15.9167824,2.9749999,0,,,0,1
129793758,0.150000006,0.333333343,,,0.00805860758,0.0161172152,0.572681904,0.201373562,15.9167824,2.9749999,0,,,0,1
129794887,0.150000006,0.400000006,,,0.0161172152,0.0241758227,0.572681904,0.201373562,15.9167824,2.977,0,,,0,1
129796013,0.150000006,0.666666687,,,0.0161172152,0.00805860758,0.572681904,0.201373562,15.9167824,2.977,0,,,0,1
129797142,0.150000006,0.333333343,,,0.00805860758,0.0161172152,0.572681904,0.201373562,15.9167824,2.98000002,0,,,0,1
129798273,0.150000006,0.5,,,0.0161172152,0.0161172152,0.572681904,0.201373562,15.9167824,2.98000002,0,,,0,1
129799402,0.150000006,0.5,,,0.0161172152,0.0161172152,0.572681904,0.201373562,15.9213276,2.98200011,0,,,0,1
129800528,0.150000006,0.333333343,,,0.00805860758,0.0161172152,0.572681904,0.201373562,15.9167824,2.98200011,0,,,0,1
129801657,0.150000006,0.333333343,,,0.00805860758,0.0161172152,0.572681904,0.201373562,15.9167824,2.98400021,0,,,0,1
129802783,0.150000006,0.5,,,0.00805860758,0.00805860758,0.572681904,0.201373562,15.9122372,2.98400021,0,,,0,1
129803912,0.150000006,0.5,,,0.0161172152,0.0161172152,0.572681904,0.201373562,15.9167824,2.98600006,0,,,0,1
129805038,0.150000006,0.5,,,0.00805860758,0.00805860758,0.572681904,0.201373562,15.9167824,2.98600006,0,,,0,1
129806168,0.150000006,0.666666687,,,0.0161172152,0.00805860758,0.572681904,0.201373562,15.9167824,2.98900008,0,,,0,1
129807294,0.150000006,0.666666687,,,0.0161172152,0.00805860758,0.572681904,0.201373562,15.9213276,2.98900008,0,,,0,1
129808423,0.150000006,0.666666687,,,0.0161172152,0.00805860758,0.572681904,0.201373562,15.9167824,2.99099994,0,,,0,1
129809554,0.150000006,0.666666687,,,0.0161172152,0.00805860758,0.572681904,0.201373562,15.9167824,2.99099994,0,,,0,1
129810887,0.150000006,0.5,,,0.00805860758,0.00805860758,0.572681904,0.201373562,15.9167824,2.99300003,0,,,0,1
129812013,0.150000006,0.666666687,,,0.0161172152,0.00805860758,0.572681904,0.201373562,15.9167824,2.99300003,0,,,0,1
129813143,0.150000006,0.333333343,,,0.00805860758,0.0161172152,0.572681904,0.201373562,15.9213276,2.99599981,0,,,0,1
129814269,0.150000006,0.333333343,,,0.00805860758,0.0161172152,0.572681904,0.201373562,15.9167824,2.99599981,0,,,0,1
129815398,0.150000006,0.333333343,,,0.00805860758,0.0161172152,0.572681904,0.201373562,15.9167824,2.99799991,0,,,0,1
129816524,0.150000006,0.333333343,,,0.00805860758,0.0161172152,0.572681904,0.201373562,15.9167824,2.99799991,0,,,0,1
129817660,0.150000006,0.5,,,0.00805860758,0.00805860758,0.572681904,0.201373562,15.9167824,3,0,,,0,1
129818786,0.150000006,0.5,,,0.00805860758,0.00805860758,0.572681904,0.201373562,15.9167824,3,0,,,0,1
129819915,0.150000006,0.5,,,0.00805860758,0.00805860758,0.572681904,0.201373562,15.9167824,3.00199986,0,,,0,1
129821047,0.150000006,0.5,,,0.0161172152,0.0161172152,0.572681904,0.201373562,15.9167824,3.00199986,0,,,0,1
129822176,0.150000006,0.333333343,,,0.00805860758,0.0161172152,0.572681904,0.201373562,15.9167824,3.00500011,0,,,0,1
129823302,0.150000006,0.333333343,,,0.00805860758,0.0161172152,0.572681904,0.201373562,15.9167824,3.00500011,0,,,0,1
129824431,0.150000006,0.666666687,,,0.0161172152,0.00805860758,0.572681904,0.201373562,15.9167824,3.00699997,0,,,0,1
129825557,0.150000006,0.333333343,,,0.00805860758,0.0161172152,0.572681904,0.201373562,15.9213276,3.00699997,0,,,0,1
129826686,0.150000006,0.333333343,,,0.00805860758,0.0161172152,0.572681904,0.201373562,15.9213276,3.00900006,0,,,0,1
129827812,0.150000006,0.5,,,0.0161172152,0.0161172152,0.572681904,0.201373562,15.9122372,3.00900006,0,,,0,1
129828941,0.150000006,0.5,,,0.0161172152,0.0161172152,0.572681904,0.201373562,15.9167824,3.01099992,0,,,0,1
129830068,0.150000006,0.5,,,0.00805860758,0.00805860758,0.572681904,0.201373562,15.9167824,3.01099992,0,,,0,1
129831401,0.150000006,0.666666687,,,0.0161172152,0.00805860758,0.572681904,0.201373562,15.9167824,3.01399994,0,,,0,1
129832532,0.150000006,0.666666687,,,0.0161172152,0.00805860758,0.572681904,0.201373562,15.9167824,3.01399994,0,,,0,1
129833661,0.150000006,0.5,,,0.0161172152,0.0161172152,0.572681904,0.201373562,15.9167824,3.01599979,0,,,0,1
129834787,0.150000006,0.75,,,0.0241758227,0.00805860758,0.572681904,0.201373562,15.9122372,3.01599979,0,,,0,1
129835916,0.150000006,0.666666687,,,0.0161172152,0.00805860758,0.572681904,0.201373562,15.9167824,3.01800013,0,,,0,1
129837043,0.150000006,1,,,0.0161172152,0,0.572681904,0.201373562,15.9167824,3.01800013,0,,,0,1
129838171,0.150000006,0.5,,,0.0161172152,0.0161172152,0.572681904,0.201373562,15.9167824,3.02099991,0,,,0,1
129839298,0.150000006,0.75,,,0.0241758227,0.00805860758,0.572681904,0.201373562,15.9167824,3.02099991,0,,,0,1
129840428,0.150000006,0.5,,,0.0161172152,0.0161172152,0.572681904,0.201373562,15.9167824,3.02300024,0,,,0,1
129841554,0.150000006,0.666666687,,,0.0161172152,0.00805860758,0.572681904,0.201373562,15.9167824,3.02300024,0,,,0,1
129842683,0.150000006,1,,,0.0161172152,0,0.572681904,0.201373562,15.9167824,3.0250001,0,,,0,1
129843814,0.150000006,0.5,,,0.0161172152,0.0161172152,0.572681904,0.201373562,15.9167824,3.0250001,0,,,0,1
129844944,0.150000006,0.666666687,,,0.0161172152,0.00805860758,0.572681904,0.201373562,15.9167824,3.02699995,0,,,0,1
129846070,0.150000006,0.75,,,0.0241758227,0.00805860758,0.572681904,0.201373562,15.9167824,3.02699995,0,,,0,1
129847199,0.150000006,0.666666687,,,0.0161172152,0.00805860758,0.572681904,0.201373562,15.9122372,3.02999997,0,,,0,1
129848326,0.150000006,0.5,,,0.0241758227,0.0241758227,0.572681904,0.201373562,15.9167824,3.02999997,0,,,0,1
129849455,0.150000006,0.666666687,,,0.0161172152,0.00805860758,0.572681904,0.201373562,15.9167824,3.03199983,0,,,0,1
129850581,0.150000006,0.666666687,,,0.0161172152,0.00805860758,0.572681904,0.201373562,15.9167824,3.03199983,0,,,0,1
129851914,0.150000006,0.333333343,,,0.00805860758,0.0161172152,0.572681904,0.201373562,15.9167824,3.03399992,0,,,0,1
129853040,0.150000006,0.333333343,,,0.00805860758,0.0161172152,0.572681904,0.201373562,15.9213276,3.03399992,0,,,0,1
129854169,0.150000006,0.333333343,,,0.00805860758,0.0161172152,0.572681904,0.201373562,15.9167824,3.0369997,0,,,0,1
129855300,0.150000006,0.25,,,0.00805860758,0.0241758227,0.572681904,0.201373562,15.9167824,3.0369997,0,,,0,1
129856429,0.150000006,0.333333343,,,0.00805860758,0.0161172152,0.572681904,0.201373562,15.9213276,3.03900003,0,,,0,1
129857555,0.150000006,0.5,,,0.0161172152,0.0161172152,0.572681904,0.201373562,15.9167824,3.03900003,0,,,0,1
129858684,0.150000006,0.333333343,,,0.00805860758,0.0161172152,0.572681904,0.201373562,15.9167824,3.04099989,0,,,0,1
129859810,0.150000006,0.5,,,0.00805860758,0.00805860758,0.572681904,0.201373562,15.9167824,3.04099989,0,,,0,1
129860940,0.150000006,0.333333343,,,0.00805860758,0.0161172152,0.572681904,0.201373562,15.9167824,3.04300022,0,,,0,1
129862066,0.150000006,0.333333343,,,0.00805860758,0.0161172152,0.572681904,0.201373562,15.9167824,3.04300022,0,,,0,1
129863195,0.150000006,0.333333343,,,0.00805860758,0.0161172152,0.572681904,0.201373562,15.9167824,3.046,0,,,0,1
129864322,0.150000006,0.5,,,0.0161172152,0.0161172152,0.572681904,0.201373562,15.9167824,3.046,0,,,0,1
129865456,0.150000006,0.666666687,,,0.0161172152,0.00805860758,0.572681904,0.201373562,15.9167824,3.0480001,0,,,0,1
129866582,0.150000006,0.333333343,,,0.00805860758,0.0161172152,0.572681904,0.201373562,15.9122372,3.0480001,0,,,0,1
129867711,0.150000006,0.333333343,,,0.00805860758,0.0161172152,0.572681904,0.201373562,15.9167824,3.04999995,0,,,0,1
129868838,0.150000006,0.5,,,0.0161172152,0.0161172152,0.572681904,0.201373562,15.9167824,3.04999995,0,,,0,1
129869967,0.150000006,0.333333343,,,0.00805860758,0.0161172152,0.572681904,0.201373562,15.9167824,3.05200005,0,,,0,1
129871093,0.150000006,0.5,,,0.0161172152,0.0161172152,0.572681904,0.201373562,15.9167824,3.05200005,0,,,0,1
129872223,0.150000006,0.5,,,0.0161172152,0.0161172152,0.572681904,0.201373562,15.9167824,3.05499983,0,,,0,1
129873554,0.150000006,0.5,,,0.0161172152,0.0161172152,0.572681904,0.201373562,15.9167824,3.05499983,0,,,0,1
129874683,0.150000006,0.5,,,0.0161172152,0.0161172152,0.572681904,0.201373562,15.9167824,3.05700016,0,,,0,1
129875809,0.150000006,0.5,,,0.0161172152,0.0161172152,0.572681904,0.201373562,15.9167824,3.05700016,0,,,0,1
129876942,0.150000006,0.5,,,0.0161172152,0.0161172152,0.572681904,0.201373562,15.9167824,3.05900002,0,,,0,1
129878069,0.150000006,0.333333343,,,0.00805860758,0.0161172152,0.572681904,0.201373562,15.9213276,3.05900002,0,,,0,1
129879198,0.150000006,0.5,,,0.0161172152,0.0161172152,0.572681904,0.201373562,15.9167824,3.06200027,0,,,0,1
129880324,0.150000006,0.75,,,0.0241758227,0.00805860758,0.572681904,0.201373562,15.9167824,3.06200027,0,,,0,1
129881453,0.150000006,0.333333343,,,0.00805860758,0.0161172152,0.572681904,0.201373562,15.9167824,3.06400013,0,,,0,1
129882579,0.150000006,0.333333343,,,0.00805860758,0.0161172152,0.572681904,0.201373562,15.9167824,3.06400013,0,,,0,1
129883708,0.150000006,0.666666687,,,0.0161172152,0.00805860758,0.572681904,0.201373562,15.9167824,3.06599998,0,,,0,1
129884835,0.150000006,0.666666687,,,0.0161172152,0.00805860758,0.572681904,0.201373562,15.9167824,3.06599998,0,,,0,1
129885964,0.150000006,0.666666687,,,0.0161172152,0.00805860758,0.572681904,0.201373562,15.9167824,3.06800008,0,,,0,1
129887090,0.150000006,0.5,,,0.0161172152,0.0161172152,0.572681904,0.201373562,15.9167824,3.06800008,0,,,0,1
129888224,0.150000006,0.333333343,,,0.00805860758,0.0161172152,0.572681904,0.201373562,15.9122372,3.07099986,0,,,0,1
129889350,0.150000006,0.333333343,,,0.00805860758,0.0161172152,0.572681904,0.201373562,15.9167824,3.07099986,0,,,0,1
129890479,0.150000006,0.333333343,,,0.00805860758,0.0161172152,0.572681904,0.201373562,15.9122372,3.07299995,0,,,0,1
129891605,0.150000006,0,,,0,0.0161172152,0.572681904,0.201373562,15.9167824,3.07299995,0,,,0,1
129892734,0.150000006,0.333333343,,,0.00805860758,0.0161172152,0.572681904,0.201373562,15.9167824,3.07499981,0,,,0,1
129894064,0.150000006,0.400000006,,,0.0161172152,0.0241758227,0.572681904,0.201373562,15.9167824,3.07499981,0,,,0,1
129895193,0.150000006,0.333333343,,,0.00805860758,0.0161172152,0.572681904,0.201373562,15.9167824,3.07800007,0,,,0,1
129896319,0.150000006,0.333333343,,,0.00805860758,0.0161172152,0.572681904,0.201373562,15.9213276,3.07800007,0,,,0,1
129897448,0.150000006,0,,,0,0.0161172152,0.572681904,0.201373562,15.9213276,3.07999992,0,,,0,1
129898574,0.150000006,0.333333343,,,0.00805860758,0.0161172152,0.572681904,0.201373562,15.9122372,3.07999992,0,,,0,1
129899708,0.150000006,0.333333343,,,0.00805860758,0.0161172152,0.572681904,0.201373562,15.9213276,3.08200026,0,,,0,1
129900834,0.150000006,0.666666687,,,0.0161172152,0.00805860758,0.572681904,0.201373562,15.9122372,3.08200026,0,,,0,1
129901963,0.150000006,0.25,,,0.00805860758,0.0241758227,0.572681904,0.201373562,15.9167824,3.08400011,0,,,0,1
129903089,0.150000006,0.5,,,0.0161172152,0.0161172152,0.572681904,0.201373562,15.9167824,3.08400011,0,,,0,1
129904218,0.150000006,0.5,,,0.0161172152,0.0161172152,0.572681904,0.201373562,15.9122372,3.08700013,0,,,0,1
129905344,0.150000006,0.600000024,,,0.0241758227,0.0161172152,0.572681904,0.201373562,15.9167824,3.08700013,0,,,0,1
129906473,0.150000006,0.400000006,,,0.0161172152,0.0241758227,0.572681904,0.201373562,15.9167824,3.08899999,0,,,0,1
129907600,0.150000006,0.600000024,,,0.0241758227,0.0161172152,0.572681904,0.201373562,15.9167824,3.08899999,0,,,0,1
129908730,0.150000006,0.400000006,,,0.0161172152,0.0241758227,0.572681904,0.201373562,15.9167824,3.09099984,0,,,0,1
129909856,0.150000006,0.400000006,,,0.0161172152,0.0241758227,0.572681904,0.201373562,15.9167824,3.09099984,0,,,0,1
129910991,0.150000006,0.5,,,0.0161172152,0.0161172152,0.572681904,0.201373562,15.9167824,3.09299994,0,,,0,1
129912117,0.150000006,0.5,,,0.0161172152,0.0161172152,0.572681904,0.201373562,15.9213276,3.09299994,0,,,0,1
129913246,0.150000006,0.400000006,,,0.0161172152,0.0241758227,0.572681904,0.201373562,15.9167824,3.09599972,0,,,0,1
129914372,0.150000006,0.400000006,,,0.0161172152,0.0241758227,0.572681904,0.201373562,15.9167824,3.09599972,0,,,0,1
129915706,0.150000006,0.400000006,,,0.0161172152,0.0241758227,0.572681904,0.201373562,15.9167824,3.09800005,0,,,0,1
129916832,0.150000006,0.25,,,0.00805860758,0.0241758227,0.572681904,0.201373562,15.9167824,3.09800005,0,,,0,1
129917961,0.150000006,0.400000006,,,0.0161172152,0.0241758227,0.572681904,0.201373562,15.9167824,3.0999999,0,,,0,1
129919087,0.150000006,0.333333343,,,0.00805860758,0.0161172152,0.572681904,0.201373562,15.9167824,3.0999999,0,,,0,1
129920217,0.150000006,0.5,,,0.0161172152,0.0161172152,0.572681904,0.201373562,15.9122372,3.10300016,0,,,0,1
129921343,0.150000006,0.75,,,0.0241758227,0.00805860758,0.572681904,0.201373562,15.9167824,3.10300016,0,,,0,1
129922476,0.150000006,0.200000003,,,0.00805860758,0.0322344303,0.572681904,0.201373562,15.9122372,3.10500002,0,,,0,1
129923603,0.150000006,0.666666687,,,0.0161172152,0.00805860758,0.572681904,0.201373562,15.9213276,3.10500002,0,,,0,1
129924732,0.150000006,0.5,,,0.0161172152,0.0161172152,0.572681904,0.201373562,15.9167824,3.10700011,0,,,0,1
129925858,0.150000006,0.333333343,,,0.00805860758,0.0161172152,0.572681904,0.201373562,15.9167824,3.10700011,0,,,0,1
129926988,0.150000006,0.400000006,,,0.0161172152,0.0241758227,0.572681904,0.201373562,15.9167824,3.10899997,0,,,0,1
129928114,0.150000006,0.5,,,0.00805860758,0.00805860758,0.572681904,0.201373562,15.9167824,3.10899997,0,,,0,1
129929244,0.150000006,0.333333343,,,0.00805860758,0.0161172152,0.572681904,0.201373562,15.9213276,3.11199999,0,,,0,1
129930370,0.150000006,0.5,,,0.0161172152,0.0161172152,0.572681904,0.201373562,15.9167824,3.11199999,0,,,0,1
129931499,0.150000006,0.666666687,,,0.0161172152,0.00805860758,0.572681904,0.201373562,15.9213276,3.11399984,0,,,0,1
129932626,0.150000006,0.5,,,0.00805860758,0.00805860758,0.572681904,0.201373562,15.9167824,3.11399984,0,,,0,1
129933760,0.150000006,0.333333343,,,0.00805860758,0.0161172152,0.572681904,0.201373562,15.9167824,3.11600018,0,,,0,1
129934886,0.150000006,0.5,,,0.0161172152,0.0161172152,0.572681904,0.201373562,15.9167824,3.11600018,0,,,0,1
129936220,0.150000006,0.333333343,,,0.00805860758,0.0161172152,0.572681904,0.201373562,15.9122372,3.11899996,0,,,0,1
129937346,0.150000006,0.333333343,,,0.00805860758,0.0161172152,0.572681904,0.201373562,15.9167824,3.11899996,0,,,0,1
129938475,0.150000006,0.666666687,,,0.0161172152,0.00805860758,0.572681904,0.201373562,15.9167824,3.12100029,0,,,0,1
129939601,0.150000006,0.333333343,,,0.00805860758,0.0161172152,0.572681904,0.201373562,15.9167824,3.12100029,0,,,0,1
129940730,0.150000006,0,,,0,0.0161172152,0.572681904,0.201373562,15.9167824,3.12300014,0,,,0,1
129941856,0.150000006,0.333333343,,,0.00805860758,0.0161172152,0.572681904,0.201373562,15.9167824,3.12300014,0,,,0,1
129942985,0.150000006,0.333333343,,,0.00805860758,0.0161172152,0.572681904,0.201373562,15.9167824,3.125,0,,,0,1
129944117,0.150000006,0.333333343,,,0.00805860758,0.0161172152,0.572681904,0.201373562,15.9167824,3.125,0,,,0,1
129945246,0.150000006,0.333333343,,,0.00805860758,0.0161172152,0.572681904,0.201373562,15.9167824,3.12800002,0,,,0,1
129946372,0.150000006,0.5,,,0.00805860758,0.00805860758,0.572681904,0.201373562,15.9167824,3.12800002,0,,,0,1
129947501,0.150000006,0.5,,,0.0161172152,0.0161172152,0.572681904,0.201373562,15.9167824,3.12999988,0,,,0,1
129948628,0.150000006,0.666666687,,,0.0161172152,0.00805860758,0.572681904,0.201373562,15.9167824,3.12999988,0,,,0,1
129949757,0.150000006,0.333333343,,,0.00805860758,0.0161172152,0.572681904,0.201373562,15.9167824,3.13199997,0,,,0,1
129950884,0.150000006,0.75,,,0.0241758227,0.00805860758,0.572681904,0.201373562,15.9167824,3.13199997,0,,,0,1
129952013,0.150000006,0.666666687,,,0.0161172152,0.00805860758,0.572681904,0.201373562,15.9122372,3.13499975,0,,,0,1
129953139,0.150000006,0.75,,,0.0241758227,0.00805860758,0.572681904,0.201373562,15.9167824,3.13499975,0,,,0,1
129954268,0.150000006,0.5,,,0.00805860758,0.00805860758,0.572681904,0.201373562,15.9167824,3.13700008,0,,,0,1
129955399,0.150000006,0.666666687,,,0.0161172152,0.00805860758,0.572681904,0.201373562,15.9167824,3.13700008,0,,,0,1
129956528,0.150000006,0.25,,,0.00805860758,0.0241758227,0.572681904,0.201373562,15.9213276,3.13899994,0,,,0,1
129957858,0.150000006,0.333333343,,,0.00805860758,0.0161172152,0.572681904,0.201373562,15.9167824,3.13899994,0,,,0,1
129958988,0.150000006,0,,,0,0.0241758227,0.572681904,0.201373562,15.9167824,3.14100027,0,,,0,1
129960114,0.150000006,0,,,0,0.0161172152,0.572681904,0.201373562,15.9167824,3.14100027,0,,,0,1
129961243,0.150000006,0.333333343,,,0.00805860758,0.0161172152,0.572681904,0.201373562,15.9122372,3.14400005,0,,,0,1
129962369,0.150000006,0.5,,,0.00805860758,0.00805860758,0.572681904,0.201373562,15.9167824,3.14400005,0,,,0,1
129963498,0.150000006,0.333333343,,,0.00805860758,0.0161172152,0.572681904,0.201373562,15.9167824,3.14600015,0,,,0,1
129964624,0.150000006,0.5,,,0.0161172152,0.0161172152,0.572681904,0.201373562,15.9167824,3.14600015,0,,,0,1
129965753,0.150000006,0.333333343,,,0.00805860758,0.0161172152,0.572681904,0.201373562,15.9167824,3.148,0,,,0,1
129966884,0.150000006,0.400000006,,,0.0161172152,0.0241758227,0.572681904,0.201373562,15.9213276,3.148,0,,,0,1
129968013,0.150000006,0.333333343,,,0.00805860758,0.0161172152,0.572681904,0.201373562,15.9167824,3.15100002,0,,,0,1
129969140,0.150000006,0.333333343,,,0.00805860758,0.0161172152,0.572681904,0.201373562,15.9167824,3.15100002,0,,,0,1
129970269,0.150000006,0.5,,,0.0161172152,0.0161172152,0.572681904,0.201373562,15.9167824,3.15299988,0,,,0,1
129971395,0.150000006,0.25,,,0.00805860758,0.0241758227,0.572681904,0.201373562,15.9167824,3.15299988,0,,,0,1
129972525,0.150000006,0.666666687,,,0.0161172152,0.00805860758,0.572681904,0.201373562,15.9167824,3.15499973,0,,,0,1
129973652,0.150000006,0.333333343,,,0.00805860758,0.0161172152,0.572681904,0.201373562,15.9167824,3.15499973,0,,,0,1
129974781,0.150000006,0.333333343,,,0.00805860758,0.0161172152,0.572681904,0.201373562,15.9167824,3.15700006,0,,,0,1
129975907,0.150000006,0.25,,,0.00805860758,0.0241758227,0.572681904,0.201373562,15.9167824,3.15700006,0,,,0,1
129977036,0.150000006,0.5,,,0.0161172152,0.0161172152,0.572681904,0.201373562,15.9167824,3.15999985,0,,,0,1
129978372,0.150000006,0.5,,,0.0161172152,0.0161172152,0.572681904,0.201373562,15.9213276,3.15999985,0,,,0,1
129979501,0.150000006,0.5,,,0.00805860758,0.00805860758,0.572681904,0.201373562,15.9167824,3.16200018,0,,,0,1
129980627,0.150000006,0.5,,,0.0161172152,0.0161172152,0.572681904,0.201373562,15.9167824,3.16200018,0,,,0,1
129981756,0.150000006,0.5,,,0.0161172152,0.0161172152,0.572681904,0.201373562,15.9213276,3.16400003,0,,,0,1
129982882,0.150000006,0.5,,,0.0161172152,0.0161172152,0.572681904,0.201373562,15.9167824,3.16400003,0,,,0,1
129984011,0.150000006,0.333333343,,,0.00805860758,0.0161172152,0.572681904,0.201373562,15.9167824,3.16700006,0,,,0,1
129985137,0.150000006,0.5,,,0.0161172152,0.0161172152,0.572681904,0.201373562,15.9167824,3.16700006,0,,,0,1
129986266,0.150000006,0.5,,,0.00805860758,0.00805860758,0.572681904,0.201373562,15.9213276,3.16899991,0,,,0,1
129987393,0.150000006,0.75,,,0.0241758227,0.00805860758,0.572681904,0.201373562,15.9213276,3.16899991,0,,,0,1
129988523,0.150000006,0.5,,,0.0161172152,0.0161172152,0.572681904,0.201373562,15.9167824,3.171,0,,,0,1
129989653,0.150000006,0.75,,,0.0241758227,0.00805860758,0.572681904,0.201373562,15.9167824,3.171,0,,,0,1
129990782,0.150000006,1,,,0.0161172152,0,0.572681904,0.201373562,15.9167824,3.17299986,0,,,0,1
129991909,0.150000006,0.666666687,,,0.0161172152,0.00805860758,0.572681904,0.201373562,15.9167824,3.17299986,0,,,0,1
129993038,0.150000006,0.666666687,,,0.0161172152,0.00805860758,0.572681904,0.201373562,15.9167824,3.17600012,0,,,0,1
129994164,0.150000006,1,,,0.0241758227,0,0.572681904,0.201373562,15.9167824,3.17600012,0,,,0,1
129995293,0.150000006,0.5,,,0.0161172152,0.0161172152,0.572681904,0.201373562,15.9167824,3.17799997,0,,,0,1
129996419,0.150000006,0.666666687,,,0.0161172152,0.00805860758,0.572681904,0.201373562,15.9167824,3.17799997,0,,,0,1
129997548,0.150000006,0.333333343,,,0.00805860758,0.0161172152,0.572681904,0.201373562,15.9167824,3.17999983,0,,,0,1
129998878,0.150000006,0.666666687,,,0.0161172152,0.00805860758,0.572681904,0.201373562,15.9167824,3.17999983,0,,,0,1
130000007,0.150000006,0.666666687,,,0.0161172152,0.00805860758,0.572681904,0.201373562,15.9122372,3.18300009,0,,,0,1
130001139,0.150000006,0.666666687,,,0.0161172152,0.00805860758,0.572681904,0.201373562,15.9167824,3.18300009,0,,,0,1
130002268,0.150000006,0.5,,,0.0161172152,0.0161172152,0.572681904,0.201373562,15.9167824,3.18499994,0,,,0,1
130003394,0.150000006,0.666666687,,,0.0161172152,0.00805860758,0.572681904,0.201373562,15.9122372,3.18499994,0,,,0,1
130004523,0.150000006,0.666666687,,,0.0161172152,0.00805860758,0.572681904,0.201373562,15.9167824,3.18700004,0,,,0,1
130005649,0.150000006,0.666666687,,,0.0161172152,0.00805860758,0.572681904,0.201373562,15.9167824,3.18700004,0,,,0,1
130006778,0.150000006,0.666666687,,,0.0161172152,0.00805860758,0.572681904,0.201373562,15.9167824,3.18899989,0,,,0,1
130007904,0.150000006,0.5,,,0.0161172152,0.0161172152,0.572681904,0.201373562,15.9167824,3.18899989,0,,,0,1
130009033,0.150000006,0.333333343,,,0.00805860758,0.0161172152,0.572681904,0.201373562,15.9213276,3.19199991,0,,,0,1
130010159,0.150000006,0.666666687,,,0.0161172152,0.00805860758,0.572681904,0.201373562,15.9167824,3.19199991,0,,,0,1
130011293,0.150000006,0.333333343,,,0.00805860758,0.0161172152,0.572681904,0.201373562,15.9167824,3.19399977,0,,,0,1
130012419,0.150000006,0.333333343,,,0.00805860758,0.0161172152,0.572681904,0.201373562,15.9167824,3.19399977,0,,,0,1
130013548,0.150000006,0.5,,,0.0161172152,0.0161172152,0.572681904,0.201373562,15.9167824,3.1960001,0,,,0,1
130014674,0.150000006,0.25,,,0.00805860758,0.0241758227,0.572681904,0.201373562,15.9167824,3.1960001,0,,,0,1
130015803,0.150000006,0.5,,,0.0161172152,0.0161172152,0.572681904,0.201373562,15.9167824,3.19799995,0,,,0,1
130016929,0.150000006,0.333333343,,,0.00805860758,0.0161172152,0.572681904,0.201373562,15.9167824,3.19799995,0,,,0,1
130018059,0.150000006,0,,,0,0.0241758227,0.572681904,0.201373562,15.9167824,3.20100021,0,,,0,1
130019185,0.150000006,0.333333343,,,0.00805860758,0.0161172152,0.572681904,0.201373562,15.9167824,3.20100021,0,,,0,1
130020518,0.150000006,0,,,0,0.0241758227,0.572681904,0.201373562,15.9167824,3.20300007,0,,,0,1
130021644,0.150000006,0.25,,,0.00805860758,0.0241758227,0.572681904,0.201373562,15.9167824,3.20300007,0,,,0,1
130022778,0.150000006,0.25,,,0.00805860758,0.0241758227,0.572681904,0.201373562,15.9167824,3.20500016,0,,,0,1
130023905,0.150000006,0.166666672,,,0.00805860758,0.0402930379,0.572681904,0.201373562,15.9213276,3.20500016,0,,,0,1
130025034,0.150000006,0.333333343,,,0.00805860758,0.0161172152,0.572681904,0.201373562,15.9167824,3.20799994,0,,,0,1
130026161,0.150000006,0.5,,,0.0161172152,0.0161172152,0.572681904,0.201373562,15.9167824,3.20799994,0,,,0,1
130027289,0.150000006,0.5,,,0.0161172152,0.0161172152,0.572681904,0.201373562,15.9213276,3.21000004,0,,,0,1
130028416,0.150000006,0.5,,,0.0161172152,0.0161172152,0.572681904,0.201373562,15.9167824,3.21000004,0,,,0,1
130029544,0.150000006,1,,,0.0161172152,0,0.572681904,0.201373562,15.9167824,3.21199989,0,,,0,1
130030671,0.150000006,0.666666687,,,0.0161172152,0.00805860758,0.572681904,0.201373562,15.9167824,3.21199989,0,,,0,1
130031799,0.150000006,0.666666687,,,0.0161172152,0.00805860758,0.572681904,0.201373562,15.9213276,3.21399975,0,,,0,1
130032925,0.150000006,0.666666687,,,0.0161172152,0.00805860758,0.572681904,0.201373562,15.9167824,3.21399975,0,,,0,1
130034059,0.150000006,0.5,,,0.0161172152,0.0161172152,0.572681904,0.201373562,15.9167824,3.21700001,0,,,0,1
130035185,0.150000006,0.666666687,,,0.0161172152,0.00805860758,0.572681904,0.201373562,15.9167824,3.21700001,0,,,0,1
130036314,0.150000006,0.666666687,,,0.0161172152,0.00805860758,0.572681904,0.201373562,15.9167824,3.21899986,0,,,0,1
130037440,0.150000006,0.333333343,,,0.00805860758,0.0161172152,0.572681904,0.201373562,15.9167824,3.21899986,0,,,0,1
130038569,0.150000006,0.333333343,,,0.00805860758,0.0161172152,0.572681904,0.201373562,15.9167824,3.22100019,0,,,0,1
130039695,0.150000006,0.333333343,,,0.00805860758,0.0161172152,0.572681904,0.201373562,15.9167824,3.22100019,0,,,0,1
130041028,0.150000006,0.25,,,0.00805860758,0.0241758227,0.572681904,0.201373562,15.9167824,3.22399998,0,,,0,1
130042154,0.150000006,0.5,,,0.0161172152,0.0161172152,0.572681904,0.201373562,15.9167824,3.22399998,0,,,0,1
130043283,0.150000006,0.5,,,0.0161172152,0.0161172152,0.572681904,0.201373562,15.9167824,3.22600007,0,,,0,1
130044409,0.150000006,0.666666687,,,0.0161172152,0.00805860758,0.572681904,0.201373562,15.9167824,3.22600007,0,,,0,1
130045543,0.150000006,0.5,,,0.0161172152,0.0161172152,0.572681904,0.201373562,15.9167824,3.22799993,0,,,0,1
130046669,0.150000006,0.75,,,0.0241758227,0.00805860758,0.572681904,0.201373562,15.9213276,3.22799993,0,,,0,1
130047798,0.150000006,0.75,,,0.0241758227,0.00805860758,0.572681904,0.201373562,15.9167824,3.23000002,0,,,0,1
130048924,0.150000006,0.5,,,0.0241758227,0.0241758227,0.572681904,0.201373562,15.9167824,3.23000002,0,,,0,1
130050053,0.150000006,0.5,,,0.0161172152,0.0161172152,0.572681904,0.201373562,15.9167824,3.2329998,0,,,0,1
130051180,0.150000006,0.25,,,0.00805860758,0.0241758227,0.572681904,0.201373562,15.9167824,3.2329998,0,,,0,1
130052310,0.150000006,0.5,,,0.0161172152,0.0161172152,0.572681904,0.201373562,15.9167824,3.23500013,0,,,0,1
130053436,0.150000006,0.666666687,,,0.0161172152,0.00805860758,0.572681904,0.201373562,15.9167824,3.23500013,0,,,0,1
130054566,0.150000006,0.600000024,,,0.0241758227,0.0161172152,0.572681904,0.201373562,15.9167824,3.23699999,0,,,0,1
130055692,0.150000006,0.600000024,,,0.0241758227,0.0161172152,0.572681904,0.201373562,15.9167824,3.23699999,0,,,0,1
130056826,0.150000006,0.666666687,,,0.0161172152,0.00805860758,0.572681904,0.201373562,15.9213276,3.23899984,0,,,0,1
130057952,0.150000006,0.75,,,0.0241758227,0.00805860758,0.572681904,0.201373562,15.9122372,3.23899984,0,,,0,1
130059081,0.150000006,0.600000024,,,0.0241758227,0.0161172152,0.572681904,0.201373562,15.9167824,3.2420001,0,,,0,1
130060208,0.150000006,0.5,,,0.0161172152,0.0161172152,0.572681904,0.201373562,15.9167824,3.2420001,0,,,0,1
130061337,0.150000006,0.5,,,0.0161172152,0.0161172152,0.572681904,0.201373562,15.9167824,3.24399996,0,,,0,1
130062667,0.150000006,0.5,,,0.0161172152,0.0161172152,0.572681904,0.201373562,15.9167824,3.24399996,0,,,0,1
130063796,0.150000006,0.5,,,0.0161172152,0.0161172152,0.572681904,0.201373562,15.9167824,3.24600005,0,,,0,1
130064922,0.150000006,0.400000006,,,0.0161172152,0.0241758227,0.572681904,0.201373562,15.9167824,3.24600005,0,,,0,1
130066051,0.150000006,0.5,,,0.0161172152,0.0161172152,0.572681904,0.201373562,15.9167824,3.24899983,0,,,0,1
130067177,0.150000006,0.333333343,,,0.00805860758,0.0161172152,0.572681904,0.201373562,15.9213276,3.24899983,0,,,0,1
130068311,0.150000006,0.5,,,0.0161172152,0.0161172152,0.572681904,0.201373562,15.9122372,3.25099993,0,,,0,1
130069437,0.150000006,0.333333343,,,0.00805860758,0.0161172152,0.572681904,0.201373562,15.9167824,3.25099993,0,,,0,1
130070566,0.150000006,0.333333343,,,0.00805860758,0.0161172152,0.572681904,0.201373562,15.9167824,3.25299978,0,,,0,1
130071693,0.150000006,0.333333343,,,0.00805860758,0.0161172152,0.572681904,0.201373562,15.9167824,3.25299978,0,,,0,1
130072822,0.150000006,0.333333343,,,0.00805860758,0.0161172152,0.572681904,0.201373562,15.9213276,3.25500011,0,,,0,1
130073948,0.150000006,0.5,,,0.0161172152,0.0161172152,0.572681904,0.201373562,15.9167824,3.25500011,0,,,0,1
130075078,0.150000006,0.333333343,,,0.00805860758,0.0161172152,0.572681904,0.201373562,15.9167824,3.2579999,0,,,0,1
130076204,0.150000006,0.400000006,,,0.0161172152,0.0241758227,0.572681904,0.201373562,15.9213276,3.2579999,0,,,0,1
130077333,0.150000006,0.333333343,,,0.00805860758,0.0161172152,0.572681904,0.201373562,15.9167824,3.26000023,0,,,0,1
130078459,0.150000006,0.333333343,,,0.00805860758,0.0161172152,0.572681904,0.201373562,15.9167824,3.26000023,0,,,0,1
130079593,0.150000006,0.333333343,,,0.00805860758,0.0161172152,0.572681904,0.201373562,15.9122372,3.26200008,0,,,0,1
130080719,0.150000006,0,,,0,0.0161172152,0.572681904,0.201373562,15.9167824,3.26200008,0,,,0,1
130081848,0.150000006,0.333333343,,,0.00805860758,0.0161172152,0.572681904,0.201373562,15.9167824,3.26400018,0,,,0,1
130083178,0.150000006,0.25,,,0.00805860758,0.0241758227,0.572681904,0.201373562,15.9122372,3.26400018,0,,,0,1
130084308,0.150000006,0,,,0,0.0241758227,0.572681904,0.201373562,15.9167824,3.26699996,0,,,0,1
130085434,0.150000006,0.25,,,0.00805860758,0.0241758227,0.572681904,0.201373562,15.9167824,3.26699996,0,,,0,1
130086564,0.150000006,0.25,,,0.00805860758,0.0241758227,0.572681904,0.201373562,15.9213276,3.26900005,0,,,0,1
130087690,0.150000006,0,,,0,0.0241758227,0.572681904,0.201373562,15.9167824,3.26900005,0,,,0,1
130088819,0.150000006,0.25,,,0.00805860758,0.0241758227,0.572681904,0.201373562,15.9167824,3.27099991,0,,,0,1
130089951,0.150000006,0.25,,,0.00805860758,0.0241758227,0.572681904,0.201373562,15.9213276,3.27099991,0,,,0,1
130091080,0.150000006,0.600000024,,,0.0241758227,0.0161172152,0.572681904,0.201373562,15.9167824,3.27400017,0,,,0,1
130092206,0.150000006,0.25,,,0.00805860758,0.0241758227,0.572681904,0.201373562,15.9167824,3.27400017,0,,,0,1
130093336,0.150000006,0.333333343,,,0.00805860758,0.0161172152,0.572681904,0.201373562,15.9167824,3.27600002,0,,,0,1
130094462,0.150000006,0.333333343,,,0.00805860758,0.0161172152,0.572681904,0.201373562,15.9167824,3.27600002,0,,,0,1
130095591,0.150000006,0.333333343,,,0.00805860758,0.0161172152,0.572681904,0.201373562,15.9167824,3.27799988,0,,,0,1
130096718,0.150000006,0.25,,,0.00805860758,0.0241758227,0.572681904,0.201373562,15.9167824,3.27799988,0,,,0,1
130097847,0.150000006,0.5,,,0.00805860758,0.00805860758,0.572681904,0.201373562,15.9167824,3.28000021,0,,,0,1
130098974,0.150000006,0.333333343,,,0.00805860758,0.0161172152,0.572681904,0.201373562,15.9167824,3.28000021,0,,,0,1
130100103,0.150000006,0.25,,,0.00805860758,0.0241758227,0.572681904,0.201373562,15.9167824,3.28299999,0,,,0,1
130101234,0.150000006,0.25,,,0.00805860758,0.0241758227,0.572681904,0.201373562,15.9213276,3.28299999,0,,,0,1
130102363,0.150000006,0.333333343,,,0.00805860758,0.0161172152,0.572681904,0.201373562,15.9167824,3.28500009,0,,,0,1
130103489,0.150000006,0.333333343,,,0.00805860758,0.0161172152,0.572681904,0.201373562,15.9167824,3.28500009,0,,,0,1
130104822,0.150000006,0.333333343,,,0.00805860758,0.0161172152,0.572681904,0.201373562,15.9167824,3.28699994,0,,,0,1
130105948,0.150000006,0,,,0,0.0241758227,0.572681904,0.201373562,15.9167824,3.28699994,0,,,0,1
130107077,0.150000006,0.5,,,0.0161172152,0.0161172152,0.572681904,0.201373562,15.9167824,3.28999996,0,,,0,1
130108203,0.150000006,0.333333343,,,0.00805860758,0.0161172152,0.572681904,0.201373562,15.9213276,3.28999996,0,,,0,1
130109332,0.150000006,0.333333343,,,0.00805860758,0.0161172152,0.572681904,0.201373562,15.9167824,3.29199982,0,,,0,1
130110458,0.150000006,0.5,,,0.0161172152,0.0161172152,0.572681904,0.201373562,15.9167824,3.29199982,0,,,0,1
130111587,0.150000006,0.5,,,0.0161172152,0.0161172152,0.572681904,0.201373562,15.9167824,3.29400015,0,,,0,1
130112718,0.150000006,0.400000006,,,0.0161172152,0.0241758227,0.572681904,0.201373562,15.9167824,3.29400015,0,,,0,1
130113847,0.150000006,0.333333343,,,0.00805860758,0.0161172152,0.572681904,0.201373562,15.9167824,3.296,0,,,0,1
130114973,0.150000006,0.400000006,,,0.0161172152,0.0241758227,0.572681904,0.201373562,15.9167824,3.296,0,,,0,1
130116102,0.150000006,0.333333343,,,0.00805860758,0.0161172152,0.572681904,0.201373562,15.9167824,3.29900026,0,,,0,1
130117229,0.150000006,0.333333343,,,0.00805860758,0.0161172152,0.572681904,0.201373562,15.9122372,3.29900026,0,,,0,1
130118358,0.150000006,0.333333343,,,0.00805860758,0.0161172152,0.572681904,0.201373562,15.9167824,3.30100012,0,,,0,1
130119484,0.150000006,0.5,,,0.00805860758,0.00805860758,0.572681904,0.201373562,15.9213276,3.30100012,0,,,0,1
130120613,0.150000006,0.333333343,,,0.00805860758,0.0161172152,0.572681904,0.201373562,15.9122372,3.30299997,0,,,0,1
130121739,0.150000006,0.5,,,0.00805860758,0.00805860758,0.572681904,0.201373562,15.9167824,3.30299997,0,,,0,1
130122868,0.150000006,0.333333343,,,0.00805860758,0.0161172152,0.572681904,0.201373562,15.9167824,3.30500007,0,,,0,1
130124000,0.150000006,0.666666687,,,0.0161172152,0.00805860758,0.572681904,0.201373562,15.9213276,3.30500007,0,,,0,1
130125333,0.150000006,0.5,,,0.0161172152,0.0161172152,0.572681904,0.201373562,15.9167824,3.30799985,0,,,0,1
130126459,0.150000006,0.5,,,0.0161172152,0.0161172152,0.572681904,0.201373562,15.9167824,3.30799985,0,,,0,1
130127589,0.150000006,0.5,,,0.0161172152,0.0161172152,0.572681904,0.201373562,15.9167824,3.30999994,0,,,0,1
130128716,0.150000006,0.5,,,0.0161172152,0.0161172152,0.572681904,0.201373562,15.9167824,3.30999994,0,,,0,1
130129845,0.150000006,0.333333343,,,0.00805860758,0.0161172152,0.572681904,0.201373562,15.9167824,3.3119998,0,,,0,1
130130971,0.150000006,0.333333343,,,0.00805860758,0.0161172152,0.572681904,0.201373562,15.9167824,3.3119998,0,,,0,1
130132101,0.150000006,0.333333343,,,0.00805860758,0.0161172152,0.572681904,0.201373562,15.9167824,3.31500006,0,,,0,1
130133227,0.150000006,0.25,,,0.00805860758,0.0241758227,0.572681904,0.201373562,15.9258718,3.31500006,0,,,0,1
130134357,0.150000006,0.400000006,,,0.0161172152,0.0241758227,0.572681904,0.201373562,15.9167824,3.31699991,0,,,0,1
130135488,0.150000006,0.5,,,0.00805860758,0.00805860758,0.572681904,0.201373562,15.9167824,3.31699991,0,,,0,1
130136616,0.150000006,0.5,,,0.0161172152,0.0161172152,0.572681904,0.201373562,15.9167824,3.31900024,0,,,0,1
130137743,0.150000006,0.333333343,,,0.00805860758,0.0161172152,0.572681904,0.201373562,15.9167824,3.31900024,0,,,0,1
130138872,0.150000006,0.666666687,,,0.0161172152,0.00805860758,0.572681904,0.201373562,15.9167824,3.3210001,0,,,0,1
130139999,0.150000006,0.5,,,0.0161172152,0.0161172152,0.572681904,0.201373562,15.9167824,3.3210001,0,,,0,1
130141128,0.150000006,0.333333343,,,0.00805860758,0.0161172152,0.572681904,0.201373562,15.9213276,3.32400012,0,,,0,1
130142254,0.150000006,0.5,,,0.0161172152,0.0161172152,0.572681904,0.201373562,15.9167824,3.32400012,0,,,0,1
130143383,0.150000006,0.333333343,,,0.00805860758,0.0161172152,0.572681904,0.201373562,15.9167824,3.32599998,0,,,0,1
130144510,0.150000006,0.5,,,0.0161172152,0.0161172152,0.572681904,0.201373562,15.9213276,3.32599998,0,,,0,1
130145843,0.150000006,0.5,,,0.00805860758,0.00805860758,0.572681904,0.201373562,15.9167824,3.32799983,0,,,0,1
130146974,0.150000006,0.5,,,0.0161172152,0.0161172152,0.572681904,0.201373562,15.9167824,3.32799983,0,,,0,1
130148104,0.150000006,0.25,,,0.00805860758,0.0241758227,0.572681904,0.201373562,15.9167824,3.33099985,0,,,0,1
130149230,0.150000006,0.400000006,,,0.0161172152,0.0241758227,0.572681904,0.201373562,15.9258718,3.33099985,0,,,0,1
130150359,0.150000006,0.333333343,,,0.00805860758,0.0161172152,0.572681904,0.201373562,15.9213276,3.33299971,0,,,0,1
130151485,0.150000006,0.333333343,,,0.00805860758,0.0161172152,0.572681904,0.201373562,15.9167824,3.33299971,0,,,0,1
130152614,0.150000006,0,,,0,0.0161172152,0.572681904,0.201373562,15.9167824,3.33500004,0,,,0,1
130153740,0.150000006,0.400000006,,,0.0161172152,0.0241758227,0.572681904,0.201373562,15.9167824,3.33500004,0,,,0,1
130154870,0.150000006,0.5,,,0.0161172152,0.0161172152,0.572681904,0.201373562,15.9167824,3.33699989,0,,,0,1
130155996,0.150000006,0.333333343,,,0.00805860758,0.0161172152,0.572681904,0.201373562,15.9167824,3.33699989,0,,,0,1
130157129,0.150000006,0.333333343,,,0.00805860758,0.0161172152,0.572681904,0.201373562,15.9167824,3.34000015,0,,,0,1
130158255,0.150000006,0.25,,,0.00805860758,0.0241758227,0.572681904,0.201373562,15.9167824,3.34000015,0,,,0,1
130159385,0.150000006,0.666666687,,,0.0161172152,0.00805860758,0.572681904,0.201373562,15.9167824,3.34200001,0,,,0,1
130160511,0.150000006,0.666666687,,,0.0161172152,0.00805860758,0.572681904,0.201373562,15.9167824,3.34200001,0,,,0,1
130161640,0.150000006,0.666666687,,,0.0161172152,0.00805860758,0.572681904,0.201373562,15.9167824,3.3440001,0,,,0,1
130162767,0.150000006,0.5,,,0.00805860758,0.00805860758,0.572681904,0.201373562,15.9167824,3.3440001,0,,,0,1
130163896,0.150000006,0.5,,,0.00805860758,0.00805860758,0.572681904,0.201373562,15.9213276,3.34599996,0,,,0,1
130165022,0.150000006,0.666666687,,,0.0161172152,0.00805860758,0.572681904,0.201373562,15.9213276,3.34599996,0,,,0,1
130166151,0.150000006,0.5,,,0.0161172152,0.0161172152,0.572681904,0.201373562,15.9167824,3.34899998,0,,,0,1
130167481,0.150000006,0.666666687,,,0.0161172152,0.00805860758,0.572681904,0.201373562,15.9167824,3.34899998,0,,,0,1
130168615,0.150000006,0.5,,,0.0161172152,0.0161172152,0.572681904,0.201373562,15.9167824,3.35099983,0,,,0,1
130169741,0.150000006,0.5,,,0.0161172152,0.0161172152,0.572681904,0.201373562,15.9122372,3.35099983,0,,,0,1
130170870,0.150000006,0.400000006,,,0.0161172152,0.0241758227,0.572681904,0.201373562,15.9167824,3.35300016,0,,,0,1
130171996,0.150000006,0.333333343,,,0.00805860758,0.0161172152,0.572681904,0.201373562,15.9167824,3.35300016,0,,,0,1
130173125,0.150000006,0.5,,,0.0161172152,0.0161172152,0.572681904,0.201373562,15.9167824,3.35599995,0,,,0,1
130174251,0.150000006,0.333333343,,,0.00805860758,0.0161172152,0.572681904,0.201373562,15.9167824,3.35599995,0,,,0,1
130175380,0.150000006,0.333333343,,,0.00805860758,0.0161172152,0.572681904,0.201373562,15.9122372,3.35800028,0,,,0,1
130176506,0.150000006,0.5,,,0.0161172152,0.0161172152,0.572681904,0.201373562,15.9167824,3.35800028,0,,,0,1
130177635,0.150000006,0.25,,,0.00805860758,0.0241758227,0.572681904,0.201373562,15.9167824,3.36000013,0,,,0,1
130178762,0.150000006,0.600000024,,,0.0241758227,0.0161172152,0.572681904,0.201373562,15.9167824,3.36000013,0,,,0,1
130179895,0.150000006,0.400000006,,,0.0161172152,0.0241758227,0.572681904,0.201373562,15.9167824,3.36199999,0,,,0,1
130181022,0.150000006,0.400000006,,,0.0161172152,0.0241758227,0.572681904,0.201373562,15.9167824,3.36199999,0,,,0,1
130182151,0.150000006,0.333333343,,,0.00805860758,0.0161172152,0.572681904,0.201373562,15.9167824,3.36500001,0,,,0,1
130183277,0.150000006,0.5,,,0.0161172152,0.0161172152,0.572681904,0.201373562,15.9167824,3.36500001,0,,,0,1
130184407,0.150000006,0.5,,,0.0161172152,0.0161172152,0.572681904,0.201373562,15.9167824,3.36699986,0,,,0,1
130185533,0.150000006,0.333333343,,,0.00805860758,0.0161172152,0.572681904,0.201373562,15.9167824,3.36699986,0,,,0,1
130186662,0.150000006,0.5,,,0.0161172152,0.0161172152,0.572681904,0.201373562,15.9167824,3.36899996,0,,,0,1
130187992,0.150000006,0,,,0,0.0241758227,0.572681904,0.201373562,15.9167824,3.36899996,0,,,0,1
130189122,0.150000006,0.5,,,0.0161172152,0.0161172152,0.572681904,0.201373562,15.9122372,3.37199974,0,,,0,1
130190248,0.150000006,0.333333343,,,0.00805860758,0.0161172152,0.572681904,0.201373562,15.9167824,3.37199974,0,,,0,1
130191382,0.150000006,0.333333343,,,0.00805860758,0.0161172152,0.572681904,0.201373562,15.9167824,3.37400007,0,,,0,1
130192508,0.150000006,0.5,,,0.0161172152,0.0161172152,0.572681904,0.201373562,15.9167824,3.37400007,0,,,0,1
130193637,0.150000006,0.5,,,0.0161172152,0.0161172152,0.572681904,0.201373562,15.9167824,3.37599993,0,,,0,1
130194764,0.150000006,0.5,,,0.0161172152,0.0161172152,0.572681904,0.201373562,15.9213276,3.37599993,0,,,0,1
130195893,0.150000006,0.666666687,,,0.0161172152,0.00805860758,0.572681904,0.201373562,15.9167824,3.37800026,0,,,0,1
130197019,0.150000006,0.5,,,0.0161172152,0.0161172152,0.572681904,0.201373562,15.9167824,3.37800026,0,,,0,1
130198148,0.150000006,0.666666687,,,0.0161172152,0.00805860758,0.572681904,0.201373562,15.9167824,3.38100004,0,,,0,1
130199274,0.150000006,0.5,,,0.0161172152,0.0161172152,0.572681904,0.201373562,15.9167824,3.38100004,0,,,0,1
130200403,0.150000006,0.600000024,,,0.0241758227,0.0161172152,0.572681904,0.201373562,15.9167824,3.38300014,0,,,0,1
130201530,0.150000006,0.5,,,0.0161172152,0.0161172152,0.572681904,0.201373562,15.9167824,3.38300014,0,,,0,1
130202663,0.150000006,0.400000006,,,0.0161172152,0.0241758227,0.572681904,0.201373562,15.9122372,3.38499999,0,,,0,1
130203789,0.150000006,0.600000024,,,0.0241758227,0.0161172152,0.572681904,0.201373562,15.9122372,3.38499999,0,,,0,1
130204919,0.150000006,0.666666687,,,0.0161172152,0.00805860758,0.572681904,0.201373562,15.9167824,3.38699985,0,,,0,1
130206045,0.150000006,0.333333343,,,0.0161172152,0.0322344303,0.572681904,0.201373562,15.9167824,3.38699985,0,,,0,1
130207174,0.150000006,0.400000006,,,0.0161172152,0.0241758227,0.572681904,0.201373562,15.9122372,3.38999987,0,,,0,1
130208300,0.150000006,0.25,,,0.00805860758,0.0241758227,0.572681904,0.201373562,15.9167824,3.38999987,0,,,0,1
130209634,0.150000006,0.600000024,,,0.0241758227,0.0161172152,0.572681904,0.201373562,15.9213276,3.39199972,0,,,0,1
130210760,0.150000006,0.600000024,,,0.0241758227,0.0161172152,0.572681904,0.201373562,15.9122372,3.39199972,0,,,0,1
130211889,0.150000006,0.666666687,,,0.0161172152,0.00805860758,0.572681904,0.201373562,15.9167824,3.39400005,0,,,0,1
130213015,0.150000006,0.400000006,,,0.0161172152,0.0241758227,0.572681904,0.201373562,15.9167824,3.39400005,0,,,0,1
130214149,0.150000006,0.333333343,,,0.00805860758,0.0161172152,0.572681904,0.201373562,15.9167824,3.39699984,0,,,0,1
130215275,0.150000006,0.25,,,0.00805860758,0.0241758227,0.572681904,0.201373562,15.9167824,3.39699984,0,,,0,1
130216405,0.150000006,0.333333343,,,0.00805860758,0.0161172152,0.572681904,0.201373562,15.9167824,3.39900017,0,,,0,1
130217531,0.150000006,0.400000006,,,0.0161172152,0.0241758227,0.572681904,0.201373562,15.9167824,3.39900017,0,,,0,1
130218660,0.150000006,0.5,,,0.0161172152,0.0161172152,0.572681904,0.201373562,15.9167824,3.40100002,0,,,0,1
130219786,0.150000006,0.25,,,0.00805860758,0.0241758227,0.572681904,0.201373562,15.9167824,3.40100002,0,,,0,1
130220915,0.150000006,0.25,,,0.00805860758,0.0241758227,0.572681904,0.201373562,15.9167824,3.40300012,0,,,0,1
130222041,0.150000006,0.666666687,,,0.0161172152,0.00805860758,0.572681904,0.201373562,15.9167824,3.40300012,0,,,0,1
130223170,0.150000006,0,,,0,0.0161172152,0.572681904,0.201373562,15.9167824,3.4059999,0,,,0,1
130224297,0.150000006,0.333333343,,,0.00805860758,0.0161172152,0.572681904,0.201373562,15.9167824,3.4059999,0,,,0,1
130225430,0.150000006,0.333333343,,,0.00805860758,0.0161172152,0.572681904,0.201373562,15.9167824,3.40799999,0,,,0,1
130226556,0.150000006,0.5,,,0.0161172152,0.0161172152,0.572681904,0.201373562,15.9167824,3.40799999,0,,,0,1
130227685,0.150000006,0.333333343,,,0.00805860758,0.0161172152,0.572681904,0.201373562,15.9167824,3.40999985,0,,,0,1
130228812,0.150000006,0.5,,,0.0161172152,0.0161172152,0.572681904,0.201373562,15.9167824,3.40999985,0,,,0,1
130230145,0.150000006,0.25,,,0.00805860758,0.0241758227,0.572681904,0.201373562,15.9122372,3.41300011,0,,,0,1
130231271,0.150000006,0.400000006,,,0.0161172152,0.0241758227,0.572681904,0.201373562,15.9167824,3.41300011,0,,,0,1
130232400,0.150000006,0.600000024,,,0.0241758227,0.0161172152,0.572681904,0.201373562,15.9167824,3.41499996,0,,,0,1
130233527,0.150000006,0.75,,,0.0241758227,0.00805860758,0.572681904,0.201373562,15.9167824,3.41499996,0,,,0,1
130234657,0.150000006,0.600000024,,,0.0241758227,0.0161172152,0.572681904,0.201373562,15.9167824,3.41700029,0,,,0,1
130235788,0.150000006,0.428571433,,,0.0241758227,0.0322344303,0.572681904,0.201373562,15.9167824,3.41700029,0,,,0,1
130236917,0.150000006,0.400000006,,,0.0161172152,0.0241758227,0.572681904,0.201373562,15.9167824,3.41900015,0,,,0,1
130238043,0.150000006,0.75,,,0.0241758227,0.00805860758,0.572681904,0.201373562,15.9167824,3.41900015,0,,,0,1
130239172,0.150000006,0.5,,,0.0161172152,0.0161172152,0.572681904,0.201373562,15.9167824,3.42200017,0,,,0,1
130240299,0.150000006,0.600000024,,,0.0241758227,0.0161172152,0.572681904,0.201373562,15.9167824,3.42200017,0,,,0,1
130241428,0.150000006,0.5,,,0.0161172152,0.0161172152,0.572681904,0.201373562,15.9167824,3.42400002,0,,,0,1
130242554,0.150000006,0.600000024,,,0.0241758227,0.0161172152,0.572681904,0.201373562,15.9167824,3.42400002,0,,,0,1
130243683,0.150000006,0.666666687,,,0.0322344303,0.0161172152,0.572681904,0.201373562,15.9167824,3.42599988,0,,,0,1
130244810,0.150000006,0.600000024,,,0.0241758227,0.0161172152,0.572681904,0.201373562,15.9167824,3.42599988,0,,,0,1
130245939,0.150000006,0.666666687,,,0.0161172152,0.00805860758,0.572681904,0.201373562,15.9167824,3.42799997,0,,,0,1
130247070,0.150000006,0.5,,,0.0161172152,0.0161172152,0.572681904,0.201373562,15.9167824,3.42799997,0,,,0,1
130248200,0.150000006,0.666666687,,,0.0161172152,0.00805860758,0.572681904,0.201373562,15.9167824,3.43099976,0,,,0,1
130249327,0.150000006,0.666666687,,,0.0161172152,0.00805860758,0.572681904,0.201373562,15.9167824,3.43099976,0,,,0,1
130250456,0.150000006,0.5,,,0.0161172152,0.0161172152,0.572681904,0.201373562,15.9167824,3.43300009,0,,,0,1
130251787,0.150000006,0.5,,,0.0241758227,0.0241758227,0.572681904,0.201373562,15.9122372,3.43300009,0,,,0,1
130252950,0.150000006,0.300000012,,,0.0241758227,0.056410253,0.531798482,0.206968471,15.9167824,3.43499994,0,,,0,1
130254076,0.150000006,0.5,,,0.0161172152,0.0161172152,0.531798482,0.206968471,15.9167824,3.43499994,0,,,0,1
130255206,0.150000006,0.5,,,0.0161172152,0.0161172152,0.531798482,0.206968471,15.9122372,3.4380002,0,,,0,1
130256332,0.150000006,0.400000006,,,0.0161172152,0.0241758227,0.531798482,0.206968471,15.9122372,3.4380002,0,,,0,1
130257461,0.150000006,0.5,,,0.0161172152,0.0161172152,0.531798482,0.206968471,15.9167824,3.44000006,0,,,0,1
130258592,0.150000006,0.25,,,0.00805860758,0.0241758227,0.531798482,0.206968471,15.9167824,3.44000006,0,,,0,1
130259721,0.150000006,0.5,,,0.0241758227,0.0241758227,0.531798482,0.206968471,15.9167824,3.44200015,0,,,0,1
130260847,0.150000006,0.5,,,0.0161172152,0.0161172152,0.531798482,0.206968471,15.9167824,3.44200015,0,,,0,1
130261976,0.150000006,0.333333343,,,0.0161172152,0.0322344303,0.531798482,0.206968471,15.9167824,3.44400001,0,,,0,1
130263102,0.150000006,0.5,,,0.0161172152,0.0161172152,0.531798482,0.206968471,15.9122372,3.44400001,0,,,0,1
130264231,0.150000006,0.25,,,0.00805860758,0.0241758227,0.531798482,0.206968471,15.9122372,3.44700003,0,,,0,1
130265358,0.150000006,0.5,,,0.0161172152,0.0161172152,0.531798482,0.206968471,15.9167824,3.44700003,0,,,0,1
130266487,0.150000006,0.25,,,0.00805860758,0.0241758227,0.531798482,0.206968471,15.9167824,3.44899988,0,,,0,1
130267613,0.150000006,0.666666687,,,0.0161172152,0.00805860758,0.531798482,0.206968471,15.9167824,3.44899988,0,,,0,1
130268742,0.150000006,0.600000024,,,0.0241758227,0.0161172152,0.531798482,0.206968471,15.9167824,3.45099974,0,,,0,1
130269873,0.150000006,0.75,,,0.0241758227,0.00805860758,0.531798482,0.206968471,15.9167824,3.45099974,0,,,0,1
130271002,0.150000006,0.600000024,,,0.0241758227,0.0161172152,0.531798482,0.206968471,15.9167824,3.45300007,0,,,0,1
130272333,0.150000006,0.600000024,,,0.0241758227,0.0161172152,0.531798482,0.206968471,15.9213276,3.45300007,0,,,0,1
130273462,0.150000006,0.600000024,,,0.0241758227,0.0161172152,0.531798482,0.206968471,15.9167824,3.45599985,0,,,0,1
130274588,0.150000006,0.5,,,0.0161172152,0.0161172152,0.531798482,0.206968471,15.9167824,3.45599985,0,,,0,1
130275718,0.150000006,0.5,,,0.0161172152,0.0161172152,0.531798482,0.206968471,15.9167824,3.45800018,0,,,0,1
130276844,0.150000006,0.5,,,0.0161172152,0.0161172152,0.531798482,0.206968471,15.9167824,3.45800018,0,,,0,1
130277973,0.150000006,0.5,,,0.0161172152,0.0161172152,0.531798482,0.206968471,15.9213276,3.46000004,0,,,0,1
130279099,0.150000006,0.5,,,0.0161172152,0.0161172152,0.531798482,0.206968471,15.9167824,3.46000004,0,,,0,1
130280229,0.150000006,0.5,,,0.0161172152,0.0161172152,0.531798482,0.206968471,15.9213276,3.46300006,0,,,0,1
130281360,0.150000006,0.5,,,0.0161172152,0.0161172152,0.531798482,0.206968471,15.9167824,3.46300006,0,,,0,1
130282490,0.150000006,0.666666687,,,0.0161172152,0.00805860758,0.531798482,0.206968471,15.9167824,3.46499991,0,,,0,1
130283616,0.150000006,0.600000024,,,0.0241758227,0.0161172152,0.531798482,0.206968471,15.9167824,3.46499991,0,,,0,1
130284745,0.150000006,0.333333343,,,0.00805860758,0.0161172152,0.531798482,0.206968471,15.9167824,3.46700001,0,,,0,1
130285871,0.150000006,0.5,,,0.0161172152,0.0161172152,0.531798482,0.206968471,15.9167824,3.46700001,0,,,0,1
130287001,0.150000006,0.666666687,,,0.0161172152,0.00805860758,0.531798482,0.206968471,15.9213276,3.46899986,0,,,0,1
130288127,0.150000006,1,,,0.0241758227,0,0.531798482,0.206968471,15.9167824,3.46899986,0,,,0,1
130289257,0.150000006,0.666666687,,,0.0161172152,0.00805860758,0.531798482,0.206968471,15.9167824,3.47200012,0,,,0,1
130290383,0.150000006,0.666666687,,,0.0161172152,0.00805860758,0.531798482,0.206968471,15.9167824,3.47200012,0,,,0,1
130291512,0.150000006,0.666666687,,,0.0161172152,0.00805860758,0.531798482,0.206968471,15.9167824,3.47399998,0,,,0,1
130292848,0.150000006,0.666666687,,,0.0161172152,0.00805860758,0.531798482,0.206968471,15.9167824,3.47399998,0,,,0,1
130293977,0.150000006,0.666666687,,,0.0161172152,0.00805860758,0.531798482,0.206968471,15.9167824,3.47599983,0,,,0,1
130295103,0.150000006,0.5,,,0.0161172152,0.0161172152,0.531798482,0.206968471,15.9167824,3.47599983,0,,,0,1
130296233,0.150000006,0.333333343,,,0.00805860758,0.0161172152,0.531798482,0.206968471,15.9122372,3.47900009,0,,,0,1
130297359,0.150000006,0.5,,,0.0161172152,0.0161172152,0.531798482,0.206968471,15.9167824,3.47900009,0,,,0,1
130298488,0.150000006,0.75,,,0.0241758227,0.00805860758,0.531798482,0.206968471,15.9122372,3.48099995,0,,,0,1
130299614,0.150000006,0.5,,,0.0161172152,0.0161172152,0.531798482,0.206968471,15.9167824,3.48099995,0,,,0,1
130300743,0.150000006,0.666666687,,,0.0161172152,0.00805860758,0.531798482,0.206968471,15.9167824,3.48300004,0,,,0,1
130301869,0.150000006,0.333333343,,,0.00805860758,0.0161172152,0.531798482,0.206968471,15.9167824,3.48300004,0,,,0,1
130303002,0.150000006,0.5,,,0.0161172152,0.0161172152,0.531798482,0.206968471,15.9167824,3.4849999,0,,,0,1
130304129,0.150000006,0.5,,,0.0161172152,0.0161172152,0.531798482,0.206968471,15.9167824,3.4849999,0,,,0,1
130305257,0.150000006,0.5,,,0.0161172152,0.0161172152,0.531798482,0.206968471,15.9167824,3.48799992,0,,,0,1
130306384,0.150000006,0.666666687,,,0.0161172152,0.00805860758,0.531798482,0.206968471,15.9167824,3.48799992,0,,,0,1
130307513,0.150000006,0.5,,,0.0161172152,0.0161172152,0.531798482,0.206968471,15.9122372,3.48999977,0,,,0,1
130308639,0.150000006,0.5,,,0.0161172152,0.0161172152,0.531798482,0.206968471,15.9167824,3.48999977,0,,,0,1
130309768,0.150000006,0.333333343,,,0.00805860758,0.0161172152,0.531798482,0.206968471,15.9167824,3.4920001,0,,,0,1
130310894,0.150000006,0.333333343,,,0.00805860758,0.0161172152,0.531798482,0.206968471,15.9167824,3.4920001,0,,,0,1
130312024,0.150000006,0.5,,,0.0161172152,0.0161172152,0.531798482,0.206968471,15.9167824,3.49499989,0,,,0,1
130313150,0.150000006,0.400000006,,,0.0161172152,0.0241758227,0.531798482,0.206968471,15.9167824,3.49499989,0,,,0,1
130314488,0.150000006,0.25,,,0.00805860758,0.0241758227,0.531798482,0.206968471,15.9167824,3.49700022,0,,,0,1
130315614,0.150000006,0.333333343,,,0.00805860758,0.0161172152,0.531798482,0.206968471,15.9167824,3.49700022,0,,,0,1
130316744,0.150000006,0.5,,,0.0161172152,0.0161172152,0.531798482,0.206968471,15.9167824,3.49900007,0,,,0,1
130317876,0.150000006,0.5,,,0.0161172152,0.0161172152,0.531798482,0.206968471,15.9167824,3.49900007,0,,,0,1
130319005,0.150000006,0.5,,,0.0161172152,0.0161172152,0.531798482,0.206968471,15.9167824,3.50200009,0,,,0,1
130320131,0.150000006,0.5,,,0.0161172152,0.0161172152,0.531798482,0.206968471,15.9167824,3.50200009,0,,,0,1
130321260,0.150000006,0.333333343,,,0.00805860758,0.0161172152,0.531798482,0.206968471,15.9167824,3.50399995,0,,,0,1
130322387,0.150000006,0.25,,,0.00805860758,0.0241758227,0.531798482,0.206968471,15.9167824,3.50399995,0,,,0,1
130323516,0.150000006,0.333333343,,,0.00805860758,0.0161172152,0.531798482,0.206968471,15.9167824,3.50600004,0,,,0,1
130324642,0.150000006,0.333333343,,,0.00805860758,0.0161172152,0.531798482,0.206968471,15.9167824,3.50600004,0,,,0,1
130325777,0.150000006,0.5,,,0.0161172152,0.0161172152,0.531798482,0.206968471,15.9167824,3.5079999,0,,,0,1
130326903,0.150000006,0.666666687,,,0.0161172152,0.00805860758,0.531798482,0.206968471,15.9167824,3.5079999,0,,,0,1
130328032,0.150000006,0.5,,,0.0161172152,0.0161172152,0.531798482,0.206968471,15.9167824,3.51100016,0,,,0,1
130329158,0.150000006,0.5,,,0.0161172152,0.0161172152,0.531798482,0.206968471,15.9167824,3.51100016,0,,,0,1
130330287,0.150000006,0.666666687,,,0.0161172152,0.00805860758,0.531798482,0.206968471,15.9167824,3.51300001,0,,,0,1
130331414,0.150000006,0.666666687,,,0.0161172152,0.00805860758,0.531798482,0.206968471,15.9167824,3.51300001,0,,,0,1
130332543,0.150000006,0.5,,,0.0161172152,0.0161172152,0.531798482,0.206968471,15.9167824,3.51499987,0,,,0,1
130333669,0.150000006,0.800000012,,,0.0322344303,0.00805860758,0.531798482,0.206968471,15.9167824,3.51499987,0,,,0,1
130335003,0.150000006,0.666666687,,,0.0161172152,0.00805860758,0.531798482,0.206968471,15.9167824,3.5170002,0,,,0,1
130336129,0.150000006,0.666666687,,,0.0161172152,0.00805860758,0.531798482,0.206968471,15.9167824,3.5170002,0,,,0,1
130337262,0.150000006,0.5,,,0.0161172152,0.0161172152,0.531798482,0.206968471,15.9167824,3.51999998,0,,,0,1
130338388,0.150000006,0.5,,,0.0161172152,0.0161172152,0.531798482,0.206968471,15.9167824,3.51999998,0,,,0,1
130339517,0.150000006,0.5,,,0.0161172152,0.0161172152,0.531798482,0.206968471,15.9122372,3.52200007,0,,,0,1
130340644,0.150000006,0.5,,,0.0161172152,0.0161172152,0.531798482,0.206968471,15.9167824,3.52200007,0,,,0,1
130341773,0.150000006,0.333333343,,,0.00805860758,0.0161172152,0.531798482,0.206968471,15.9122372,3.52399993,0,,,0,1
130342899,0.150000006,0.5,,,0.0161172152,0.0161172152,0.531798482,0.206968471,15.9167824,3.52399993,0,,,0,1
130344029,0.150000006,0.666666687,,,0.0161172152,0.00805860758,0.531798482,0.206968471,15.9167824,3.52699995,0,,,0,1
130345155,0.150000006,0.75,,,0.0241758227,0.00805860758,0.531798482,0.206968471,15.9213276,3.52699995,0,,,0,1
130346284,0.150000006,0.600000024,,,0.0241758227,0.0161172152,0.531798482,0.206968471,15.9167824,3.52899981,0,,,0,1
130347410,0.150000006,0.666666687,,,0.0161172152,0.00805860758,0.531798482,0.206968471,15.9167824,3.52899981,0,,,0,1
130348545,0.150000006,0.5,,,0.0161172152,0.0161172152,0.531798482,0.206968471,15.9167824,3.53100014,0,,,0,1
130349671,0.150000006,0.75,,,0.0241758227,0.00805860758,0.531798482,0.206968471,15.9167824,3.53100014,0,,,0,1
130350801,0.150000006,0.5,,,0.00805860758,0.00805860758,0.531798482,0.206968471,15.9167824,3.53299999,0,,,0,1
130351927,0.150000006,0.5,,,0.0161172152,0.0161172152,0.531798482,0.206968471,15.9213276,3.53299999,0,,,0,1
130353056,0.150000006,0.600000024,,,0.0241758227,0.0161172152,0.531798482,0.206968471,15.9167824,3.53600025,0,,,0,1
130354182,0.150000006,0.333333343,,,0.00805860758,0.0161172152,0.531798482,0.206968471,15.9167824,3.53600025,0,,,0,1
130355311,0.150000006,0.400000006,,,0.0161172152,0.0241758227,0.531798482,0.206968471,15.9122372,3.53800011,0,,,0,1
130356642,0.150000006,0.666666687,,,0.0161172152,0.00805860758,0.531798482,0.206968471,15.9167824,3.53800011,0,,,0,1
130357771,0.150000006,0.5,,,0.0161172152,0.0161172152,0.531798482,0.206968471,15.9167824,3.53999996,0,,,0,1
130358898,0.150000006,0.5,,,0.00805860758,0.00805860758,0.531798482,0.206968471,15.9167824,3.53999996,0,,,0,1
130360032,0.150000006,0.5,,,0.0161172152,0.0161172152,0.531798482,0.206968471,15.9213276,3.54299998,0,,,0,1
130361158,0.150000006,0.666666687,,,0.0161172152,0.00805860758,0.531798482,0.206968471,15.9213276,3.54299998,0,,,0,1
130362287,0.150000006,0.600000024,,,0.0241758227,0.0161172152,0.531798482,0.206968471,15.9213276,3.54499984,0,,,0,1
130363413,0.150000006,0.75,,,0.0241758227,0.00805860758,0.531798482,0.206968471,15.9167824,3.54499984,0,,,0,1
130364543,0.150000006,0.5,,,0.0161172152,0.0161172152,0.531798482,0.206968471,15.9167824,3.54699993,0,,,0,1
130365669,0.150000006,0.333333343,,,0.00805860758,0.0161172152,0.531798482,0.206968471,15.9167824,3.54699993,0,,,0,1
130366798,0.150000006,0.400000006,,,0.0161172152,0.0241758227,0.531798482,0.206968471,15.9167824,3.54899979,0,,,0,1
130367924,0.150000006,0.25,,,0.00805860758,0.0241758227,0.531798482,0.206968471,15.9167824,3.54899979,0,,,0,1
130369053,0.150000006,0.25,,,0.00805860758,0.0241758227,0.531798482,0.206968471,15.9167824,3.55200005,0,,,0,1
130370179,0.150000006,0.400000006,,,0.0161172152,0.0241758227,0.531798482,0.206968471,15.9167824,3.55200005,0,,,0,1
130371313,0.150000006,0.400000006,,,0.0161172152,0.0241758227,0.531798482,0.206968471,15.9167824,3.5539999,0,,,0,1
130372439,0.150000006,0.25,,,0.00805860758,0.0241758227,0.531798482,0.206968471,15.9167824,3.5539999,0,,,0,1
130373568,0.150000006,0.25,,,0.00805860758,0.0241758227,0.531798482,0.206968471,15.9167824,3.55600023,0,,,0,1
130374694,0.150000006,0.400000006,,,0.0161172152,0.0241758227,0.531798482,0.206968471,15.9213276,3.55600023,0,,,0,1
130375823,0.150000006,0.333333343,,,0.00805860758,0.0161172152,0.531798482,0.206968471,15.9167824,3.55800009,0,,,0,1
130377153,0.150000006,0.600000024,,,0.0241758227,0.0161172152,0.531798482,0.206968471,15.9167824,3.55800009,0,,,0,1
130378282,0.150000006,0.800000012,,,0.0322344303,0.00805860758,0.531798482,0.206968471,15.9167824,3.56100011,0,,,0,1
130379408,0.150000006,1,,,0.0241758227,0,0.531798482,0.206968471,15.9167824,3.56100011,0,,,0,1
130380537,0.150000006,0.75,,,0.0241758227,0.00805860758,0.531798482,0.206968471,15.9122372,3.56299996,0,,,0,1
130381668,0.150000006,0.5,,,0.0241758227,0.0241758227,0.531798482,0.206968471,15.9167824,3.56299996,0,,,0,1
130382797,0.150000006,0.666666687,,,0.0161172152,0.00805860758,0.531798482,0.206968471,15.9167824,3.56500006,0,,,0,1
130383923,0.150000006,0.333333343,,,0.0161172152,0.0322344303,0.531798482,0.206968471,15.9213276,3.56500006,0,,,0,1
130385052,0.150000006,0.666666687,,,0.0161172152,0.00805860758,0.531798482,0.206968471,15.9167824,3.56799984,0,,,0,1
130386178,0.150000006,0.800000012,,,0.0322344303,0.00805860758,0.531798482,0.206968471,15.9167824,3.56799984,0,,,0,1
130387307,0.150000006,0.75,,,0.0241758227,0.00805860758,0.531798482,0.206968471,15.9167824,3.57000017,0,,,0,1
130388433,0.150000006,0.600000024,,,0.0241758227,0.0161172152,0.531798482,0.206968471,15.9167824,3.57000017,0,,,0,1
130389563,0.150000006,0.666666687,,,0.0161172152,0.00805860758,0.531798482,0.206968471,15.9167824,3.57200003,0,,,0,1
130390689,0.150000006,0.600000024,,,0.0241758227,0.0161172152,0.531798482,0.206968471,15.9167824,3.57200003,0,,,0,1
130391819,0.150000006,0.75,,,0.0241758227,0.00805860758,0.531798482,0.206968471,15.9167824,3.57399988,0,,,0,1
130392950,0.150000006,0.600000024,,,0.0241758227,0.0161172152,0.531798482,0.206968471,15.9167824,3.57399988,0,,,0,1
130394079,0.150000006,0.600000024,,,0.0241758227,0.0161172152,0.531798482,0.206968471,15.9167824,3.57700014,0,,,0,1
130395205,0.150000006,0.25,,,0.00805860758,0.0241758227,0.531798482,0.206968471,15.9213276,3.57700014,0,,,0,1
130396335,0.150000006,0.400000006,,,0.0161172152,0.0241758227,0.531798482,0.206968471,15.9167824,3.579,0,,,0,1
130397461,0.150000006,0.400000006,,,0.0161172152,0.0241758227,0.531798482,0.206968471,15.9167824,3.579,0,,,0,1
130398795,0.150000006,0.400000006,,,0.0161172152,0.0241758227,0.531798482,0.206968471,15.9167824,3.58100009,0,,,0,1
130399921,0.150000006,0.600000024,,,0.0241758227,0.0161172152,0.531798482,0.206968471,15.9167824,3.58100009,0,,,0,1
130401050,0.150000006,0.666666687,,,0.0161172152,0.00805860758,0.531798482,0.206968471,15.9167824,3.58399987,0,,,0,1
130402176,0.150000006,0.5,,,0.0241758227,0.0241758227,0.531798482,0.206968471,15.9122372,3.58399987,0,,,0,1
130403305,0.150000006,0.5,,,0.0161172152,0.0161172152,0.531798482,0.206968471,15.9167824,3.58599997,0,,,0,1
130404436,0.150000006,0.5,,,0.0161172152,0.0161172152,0.531798482,0.206968471,15.9167824,3.58599997,0,,,0,1
130405565,0.150000006,0.600000024,,,0.0241758227,0.0161172152,0.531798482,0.206968471,15.9167824,3.58799982,0,,,0,1
130406691,0.150000006,0.5,,,0.0161172152,0.0161172152,0.531798482,0.206968471,15.9167824,3.58799982,0,,,0,1
130407820,0.150000006,0.5,,,0.0161172152,0.0161172152,0.531798482,0.206968471,15.9167824,3.59000015,0,,,0,1
130408946,0.150000006,0.5,,,0.0161172152,0.0161172152,0.531798482,0.206968471,15.9167824,3.59000015,0,,,0,1
130410076,0.150000006,0.333333343,,,0.00805860758,0.0161172152,0.531798482,0.206968471,15.9167824,3.59299994,0,,,0,1
130411202,0.150000006,0.333333343,,,0.00805860758,0.0161172152,0.531798482,0.206968471,15.9122372,3.59299994,0,,,0,1
130412332,0.150000006,0.25,,,0.00805860758,0.0241758227,0.531798482,0.206968471,15.9213276,3.59500027,0,,,0,1
130413458,0.150000006,0.333333343,,,0.00805860758,0.0161172152,0.531798482,0.206968471,15.9167824,3.59500027,0,,,0,1
130414587,0.150000006,0.25,,,0.00805860758,0.0241758227,0.531798482,0.206968471,15.9167824,3.59700012,0,,,0,1
130415718,0.150000006,0,,,0,0.0241758227,0.531798482,0.206968471,15.9167824,3.59700012,0,,,0,1
130416847,0.150000006,0.25,,,0.00805860758,0.0241758227,0.531798482,0.206968471,15.9167824,3.59899998,0,,,0,1
130417973,0.150000006,0.25,,,0.00805860758,0.0241758227,0.531798482,0.206968471,15.9167824,3.59899998,0,,,0,1
130419307,0.150000006,0.400000006,,,0.0161172152,0.0241758227,0.531798482,0.206968471,15.9167824,3.602,0,,,0,1
130420433,0.150000006,0.25,,,0.00805860758,0.0241758227,0.531798482,0.206968471,15.9167824,3.602,0,,,0,1
130421562,0.150000006,0.25,,,0.00805860758,0.0241758227,0.531798482,0.206968471,15.9122372,3.60399985,0,,,0,1
130422689,0.150000006,0.25,,,0.00805860758,0.0241758227,0.531798482,0.206968471,15.9167824,3.60399985,0,,,0,1
130423818,0.150000006,0.400000006,,,0.0161172152,0.0241758227,0.531798482,0.206968471,15.9167824,3.60599995,0,,,0,1
130424944,0.150000006,0.25,,,0.00805860758,0.0241758227,0.531798482,0.206968471,15.9213276,3.60599995,0,,,0,1
130426073,0.150000006,0.25,,,0.00805860758,0.0241758227,0.531798482,0.206968471,15.9167824,3.60899973,0,,,0,1
130427204,0.150000006,0.25,,,0.00805860758,0.0241758227,0.531798482,0.206968471,15.9213276,3.60899973,0,,,0,1
130428334,0.150000006,0.5,,,0.00805860758,0.00805860758,0.531798482,0.206968471,15.9167824,3.61100006,0,,,0,1
130429460,0.150000006,0.5,,,0.0161172152,0.0161172152,0.531798482,0.206968471,15.9167824,3.61100006,0,,,0,1
130430589,0.150000006,0.5,,,0.0161172152,0.0161172152,0.531798482,0.206968471,15.9167824,3.61299992,0,,,0,1
130431716,0.150000006,0.333333343,,,0.00805860758,0.0161172152,0.531798482,0.206968471,15.9167824,3.61299992,0,,,0,1
130432846,0.150000006,0.5,,,0.0161172152,0.0161172152,0.531798482,0.206968471,15.9213276,3.61500025,0,,,0,1
130433972,0.150000006,0.333333343,,,0.00805860758,0.0161172152,0.531798482,0.206968471,15.9167824,3.61500025,0,,,0,1
130435102,0.150000006,0.333333343,,,0.00805860758,0.0161172152,0.531798482,0.206968471,15.9167824,3.61800003,0,,,0,1
130436228,0.150000006,0.25,,,0.00805860758,0.0241758227,0.531798482,0.206968471,15.9213276,3.61800003,0,,,0,1
130437358,0.150000006,0.333333343,,,0.00805860758,0.0161172152,0.531798482,0.206968471,15.9167824,3.62000012,0,,,0,1
130438489,0.150000006,0.5,,,0.0161172152,0.0161172152,0.531798482,0.206968471,15.9167824,3.62000012,0,,,0,1
130439823,0.150000006,0.333333343,,,0.00805860758,0.0161172152,0.531798482,0.206968471,15.9213276,3.62199998,0,,,0,1
130440949,0.150000006,0.333333343,,,0.00805860758,0.0161172152,0.531798482,0.206968471,15.9167824,3.62199998,0,,,0,1
130442078,0.150000006,0.200000003,,,0.00805860758,0.0322344303,0.531798482,0.206968471,15.9167824,3.625,0,,,0,1
130443204,0.150000006,0.333333343,,,0.00805860758,0.0161172152,0.531798482,0.206968471,15.9167824,3.625,0,,,0,1
130444333,0.150000006,0.25,,,0.00805860758,0.0241758227,0.531798482,0.206968471,15.9167824,3.62699986,0,,,0,1
130445459,0.150000006,0,,,0,0.0241758227,0.531798482,0.206968471,15.9167824,3.62699986,0,,,0,1
130446588,0.150000006,0.333333343,,,0.00805860758,0.0161172152,0.531798482,0.206968471,15.9122372,3.62899971,0,,,0,1
130447715,0.150000006,0.400000006,,,0.0161172152,0.0241758227,0.531798482,0.206968471,15.9167824,3.62899971,0,,,0,1
130448848,0.150000006,0.333333343,,,0.0161172152,0.0322344303,0.531798482,0.206968471,15.9167824,3.63100004,0,,,0,1
130449975,0.150000006,0.333333343,,,0.00805860758,0.0161172152,0.531798482,0.206968471,15.9167824,3.63100004,0,,,0,1
130451104,0.150000006,0.200000003,,,0.00805860758,0.0322344303,0.531798482,0.206968471,15.9167824,3.63399982,0,,,0,1
130452230,0.150000006,0.333333343,,,0.00805860758,0.0161172152,0.531798482,0.206968471,15.9258718,3.63399982,0,,,0,1
130453359,0.150000006,0.5,,,0.0161172152,0.0161172152,0.531798482,0.206968471,15.9167824,3.63600016,0,,,0,1
130454485,0.150000006,0.25,,,0.00805860758,0.0241758227,0.531798482,0.206968471,15.9122372,3.63600016,0,,,0,1
130455614,0.150000006,0.333333343,,,0.00805860758,0.0161172152,0.531798482,0.206968471,15.9167824,3.63800001,0,,,0,1
130456740,0.150000006,0.400000006,,,0.0161172152,0.0241758227,0.531798482,0.206968471,15.9167824,3.63800001,0,,,0,1
130457869,0.150000006,0.400000006,,,0.0161172152,0.0241758227,0.531798482,0.206968471,15.9213276,3.6400001,0,,,0,1
130458995,0.150000006,0.333333343,,,0.00805860758,0.0161172152,0.531798482,0.206968471,15.9167824,3.6400001,0,,,0,1
130460129,0.150000006,0.25,,,0.00805860758,0.0241758227,0.531798482,0.206968471,15.9167824,3.64299989,0,,,0,1
130461459,0.150000006,0.25,,,0.00805860758,0.0241758227,0.531798482,0.206968471,15.9167824,3.64299989,0,,,0,1
130462588,0.150000006,0.400000006,,,0.0161172152,0.0241758227,0.531798482,0.206968471,15.9167824,3.64499998,0,,,0,1
130463714,0.150000006,0.5,,,0.0161172152,0.0161172152,0.531798482,0.206968471,15.9167824,3.64499998,0,,,0,1
130464843,0.150000006,0.333333343,,,0.00805860758,0.0161172152,0.531798482,0.206968471,15.9167824,3.64699984,0,,,0,1
130465970,0.150000006,0.333333343,,,0.00805860758,0.0161172152,0.531798482,0.206968471,15.9167824,3.64699984,0,,,0,1
130467098,0.150000006,0.5,,,0.0161172152,0.0161172152,0.531798482,0.206968471,15.9167824,3.6500001,0,,,0,1
130468224,0.150000006,0.166666672,,,0.00805860758,0.0402930379,0.531798482,0.206968471,15.9213276,3.6500001,0,,,0,1
130469353,0.150000006,0.200000003,,,0.00805860758,0.0322344303,0.531798482,0.206968471,15.9167824,3.65199995,0,,,0,1
130470479,0.150000006,0.25,,,0.00805860758,0.0241758227,0.531798482,0.206968471,15.9167824,3.65199995,0,,,0,1
130471613,0.150000006,0.400000006,,,0.0161172152,0.0241758227,0.531798482,0.206968471,15.9167824,3.65400028,0,,,0,1
130472739,0.150000006,0.25,,,0.00805860758,0.0241758227,0.531798482,0.206968471,15.9167824,3.65400028,0,,,0,1
130473868,0.150000006,0.5,,,0.0161172152,0.0161172152,0.531798482,0.206968471,15.9167824,3.65600014,0,,,0,1
130474994,0.150000006,0.5,,,0.0161172152,0.0161172152,0.531798482,0.206968471,15.9167824,3.65600014,0,,,0,1
130476123,0.150000006,0.400000006,,,0.0161172152,0.0241758227,0.531798482,0.206968471,15.9122372,3.65900016,0,,,0,1
130477249,0.150000006,0.400000006,,,0.0161172152,0.0241758227,0.531798482,0.206968471,15.9167824,3.65900016,0,,,0,1
130478379,0.150000006,0.200000003,,,0.00805860758,0.0322344303,0.531798482,0.206968471,15.9167824,3.66100001,0,,,0,1
130479505,0.150000006,0.5,,,0.0161172152,0.0161172152,0.531798482,0.206968471,15.9167824,3.66100001,0,,,0,1
130480634,0.150000006,0.400000006,,,0.0161172152,0.0241758227,0.531798482,0.206968471,15.9167824,3.66299987,0,,,0,1
130481964,0.150000006,0.25,,,0.00805860758,0.0241758227,0.531798482,0.206968471,15.9167824,3.66299987,0,,,0,1
130483098,0.150000006,0.25,,,0.00805860758,0.0241758227,0.531798482,0.206968471,15.9167824,3.66599989,0,,,0,1
130484224,0.150000006,0.25,,,0.00805860758,0.0241758227,0.531798482,0.206968471,15.9167824,3.66599989,0,,,0,1
130485353,0.150000006,0,,,0,0.0241758227,0.531798482,0.206968471,15.9167824,3.66799974,0,,,0,1
130486479,0.150000006,0.333333343,,,0.00805860758,0.0161172152,0.531798482,0.206968471,15.9167824,3.66799974,0,,,0,1
130487608,0.150000006,0.600000024,,,0.0241758227,0.0161172152,0.531798482,0.206968471,15.9167824,3.67000008,0,,,0,1
130488735,0.150000006,0.5,,,0.0161172152,0.0161172152,0.531798482,0.206968471,15.9167824,3.67000008,0,,,0,1
130489864,0.150000006,0.5,,,0.0161172152,0.0161172152,0.531798482,0.206968471,15.9167824,3.67199993,0,,,0,1
130490990,0.150000006,0.5,,,0.0161172152,0.0161172152,0.531798482,0.206968471,15.9167824,3.67199993,0,,,0,1
130492119,0.150000006,0.5,,,0.0161172152,0.0161172152,0.531798482,0.206968471,15.9167824,3.67500019,0,,,0,1
130493245,0.150000006,0.333333343,,,0.00805860758,0.0161172152,0.531798482,0.206968471,15.9167824,3.67500019,0,,,0,1
130494380,0.150000006,0.5,,,0.0161172152,0.0161172152,0.531798482,0.206968471,15.9167824,3.67700005,0,,,0,1
130495506,0.150000006,0.5,,,0.0161172152,0.0161172152,0.531798482,0.206968471,15.9167824,3.67700005,0,,,0,1
130496635,0.150000006,0.5,,,0.0161172152,0.0161172152,0.531798482,0.206968471,15.9167824,3.67900014,0,,,0,1
130497762,0.150000006,0.333333343,,,0.00805860758,0.0161172152,0.531798482,0.206968471,15.9167824,3.67900014,0,,,0,1
130498891,0.150000006,0.333333343,,,0.00805860758,0.0161172152,0.531798482,0.206968471,15.9167824,3.68099999,0,,,0,1
130500017,0.150000006,0.666666687,,,0.0161172152,0.00805860758,0.531798482,0.206968471,15.9167824,3.68099999,0,,,0,1
130501147,0.150000006,0.666666687,,,0.0161172152,0.00805860758,0.531798482,0.206968471,15.9167824,3.68400002,0,,,0,1
130502273,0.150000006,0.666666687,,,0.0161172152,0.00805860758,0.531798482,0.206968471,15.9167824,3.68400002,0,,,0,1
130503606,0.150000006,0.400000006,,,0.0161172152,0.0241758227,0.531798482,0.206968471,15.9122372,3.68599987,0,,,0,1
130504732,0.150000006,0.5,,,0.0161172152,0.0161172152,0.531798482,0.206968471,15.9122372,3.68599987,0,,,0,1
130505866,0.150000006,0.5,,,0.0161172152,0.0161172152,0.531798482,0.206968471,15.9167824,3.68799973,0,,,0,1
130506992,0.150000006,0.600000024,,,0.0241758227,0.0161172152,0.531798482,0.206968471,15.9167824,3.68799973,0,,,0,1
130508122,0.150000006,0.5,,,0.0161172152,0.0161172152,0.531798482,0.206968471,15.9167824,3.69099998,0,,,0,1
130509248,0.150000006,0.400000006,,,0.0161172152,0.0241758227,0.531798482,0.206968471,15.9167824,3.69099998,0,,,0,1
130510378,0.150000006,0.5,,,0.0161172152,0.0161172152,0.531798482,0.206968471,15.9167824,3.69299984,0,,,0,1
130511504,0.150000006,0.5,,,0.0161172152,0.0161172152,0.531798482,0.206968471,15.9122372,3.69299984,0,,,0,1
130512633,0.150000006,0.400000006,,,0.0161172152,0.0241758227,0.531798482,0.206968471,15.9167824,3.69500017,0,,,0,1
130513759,0.150000006,0.600000024,,,0.0241758227,0.0161172152,0.531798482,0.206968471,15.9122372,3.69500017,0,,,0,1
130514889,0.150000006,0.333333343,,,0.00805860758,0.0161172152,0.531798482,0.206968471,15.9167824,3.69700003,0,,,0,1
130516015,0.150000006,0.5,,,0.0161172152,0.0161172152,0.531798482,0.206968471,15.9167824,3.69700003,0,,,0,1
130517148,0.150000006,0.5,,,0.0161172152,0.0161172152,0.531798482,0.206968471,15.9213276,3.70000005,0,,,0,1
130518275,0.150000006,0.25,,,0.00805860758,0.0241758227,0.531798482,0.206968471,15.9167824,3.70000005,0,,,0,1
130519403,0.150000006,0.333333343,,,0.00805860758,0.0161172152,0.531798482,0.206968471,15.9167824,3.7019999,0,,,0,1
130520530,0.150000006,0.333333343,,,0.00805860758,0.0161172152,0.531798482,0.206968471,15.9122372,3.7019999,0,,,0,1
130521658,0.150000006,0.400000006,,,0.0161172152,0.0241758227,0.531798482,0.206968471,15.9167824,3.704,0,,,0,1
130522785,0.150000006,0.25,,,0.00805860758,0.0241758227,0.531798482,0.206968471,15.9167824,3.704,0,,,0,1
130524118,0.150000006,0.5,,,0.0161172152,0.0161172152,0.531798482,0.206968471,15.9167824,3.70699978,0,,,0,1
130525244,0.150000006,0.666666687,,,0.0161172152,0.00805860758,0.531798482,0.206968471,15.9167824,3.70699978,0,,,0,1
130526373,0.150000006,0.666666687,,,0.0161172152,0.00805860758,0.531798482,0.206968471,15.9167824,3.70900011,0,,,0,1
130527504,0.150000006,0.5,,,0.0241758227,0.0241758227,0.531798482,0.206968471,15.9167824,3.70900011,0,,,0,1
130528633,0.150000006,0.333333343,,,0.0161172152,0.0322344303,0.531798482,0.206968471,15.9167824,3.71099997,0,,,0,1
130529759,0.150000006,0.571428597,,,0.0322344303,0.0241758227,0.531798482,0.206968471,15.9167824,3.71099997,0,,,0,1
130530888,0.150000006,0.400000006,,,0.0161172152,0.0241758227,0.531798482,0.206968471,15.9167824,3.7130003,0,,,0,1
130532014,0.150000006,0.5,,,0.0161172152,0.0161172152,0.531798482,0.206968471,15.9167824,3.7130003,0,,,0,1
130533144,0.150000006,0.25,,,0.00805860758,0.0241758227,0.531798482,0.206968471,15.9167824,3.71600008,0,,,0,1
130534270,0.150000006,0.25,,,0.00805860758,0.0241758227,0.531798482,0.206968471,15.9167824,3.71600008,0,,,0,1
130535399,0.150000006,0.333333343,,,0.00805860758,0.0161172152,0.531798482,0.206968471,15.9167824,3.71800017,0,,,0,1
130536525,0.150000006,0.5,,,0.0161172152,0.0161172152,0.531798482,0.206968471,15.9122372,3.71800017,0,,,0,1
130537654,0.150000006,0.600000024,,,0.0241758227,0.0161172152,0.531798482,0.206968471,15.9167824,3.72000003,0,,,0,1
130538785,0.150000006,0.25,,,0.00805860758,0.0241758227,0.531798482,0.206968471,15.9167824,3.72000003,0,,,0,1
130539914,0.150000006,0.5,,,0.0161172152,0.0161172152,0.531798482,0.206968471,15.9167824,3.72199988,0,,,0,1
130541040,0.150000006,0.5,,,0.0161172152,0.0161172152,0.531798482,0.206968471,15.9167824,3.72199988,0,,,0,1
130542169,0.150000006,0.5,,,0.0161172152,0.0161172152,0.531798482,0.206968471,15.907692,3.7249999,0,,,0,1
130543295,0.150000006,0.5,,,0.0241758227,0.0241758227,0.531798482,0.206968471,15.9167824,3.7249999,0,,,0,1
130544424,0.150000006,0.5,,,0.0241758227,0.0241758227,0.531798482,0.206968471,15.9167824,3.72699976,0,,,0,1
130545754,0.150000006,0.400000006,,,0.0161172152,0.0241758227,0.531798482,0.206968471,15.9167824,3.72699976,0,,,0,1
130546883,0.150000006,0.333333343,,,0.0161172152,0.0322344303,0.531798482,0.206968471,15.9213276,3.72900009,0,,,0,1
130548009,0.150000006,0.5,,,0.0241758227,0.0241758227,0.531798482,0.206968471,15.9167824,3.72900009,0,,,0,1
130549138,0.150000006,0.428571433,,,0.0241758227,0.0322344303,0.531798482,0.206968471,15.9167824,3.73199987,0,,,0,1
130550270,0.150000006,0.428571433,,,0.0241758227,0.0322344303,0.531798482,0.206968471,15.9167824,3.73199987,0,,,0,1
130551399,0.150000006,0.5,,,0.0241758227,0.0241758227,0.531798482,0.206968471,15.9167824,3.73400021,0,,,0,1
130552525,0.150000006,0.5,,,0.0241758227,0.0241758227,0.531798482,0.206968471,15.9213276,3.73400021,0,,,0,1
130553654,0.150000006,0.5,,,0.0241758227,0.0241758227,0.531798482,0.206968471,15.9167824,3.73600006,0,,,0,1
130554780,0.150000006,0.428571433,,,0.0241758227,0.0322344303,0.531798482,0.206968471,15.9167824,3.73600006,0,,,0,1
130555909,0.150000006,0.571428597,,,0.0322344303,0.0241758227,0.531798482,0.206968471,15.9167824,3.73800015,0,,,0,1
130557035,0.150000006,0.5,,,0.0241758227,0.0241758227,0.531798482,0.206968471,15.9167824,3.73800015,0,,,0,1
130558165,0.150000006,0.5,,,0.0241758227,0.0241758227,0.531798482,0.206968471,15.9167824,3.74099994,0,,,0,1
130559291,0.150000006,0.5,,,0.0241758227,0.0241758227,0.531798482,0.206968471,15.9167824,3.74099994,0,,,0,1
130560420,0.150000006,0.5,,,0.0322344303,0.0322344303,0.531798482,0.206968471,15.9167824,3.74300003,0,,,0,1
130561551,0.150000006,0.5,,,0.0241758227,0.0241758227,0.531798482,0.206968471,15.9167824,3.74300003,0,,,0,1
130562680,0.150000006,0.5,,,0.0241758227,0.0241758227,0.531798482,0.206968471,15.9167824,3.74499989,0,,,0,1
130563806,0.150000006,0.5,,,0.0241758227,0.0241758227,0.531798482,0.206968471,15.9167824,3.74499989,0,,,0,1
130564936,0.150000006,0.5,,,0.0322344303,0.0322344303,0.531798482,0.206968471,15.9213276,3.74699974,0,,,0,1
130566266,0.150000006,0.5,,,0.0322344303,0.0322344303,0.531798482,0.206968471,15.9122372,3.74699974,0,,,0,1
130567395,0.150000006,0.625,,,0.0402930379,0.0241758227,0.531798482,0.206968471,15.9167824,3.75,0,,,0,1
130568521,0.150000006,0.571428597,,,0.0322344303,0.0241758227,0.531798482,0.206968471,15.9213276,3.75,0,,,0,1
130569650,0.150000006,0.5,,,0.0161172152,0.0161172152,0.531798482,0.206968471,15.9167824,3.75199986,0,,,0,1
130570776,0.150000006,0.400000006,,,0.0161172152,0.0241758227,0.531798482,0.206968471,15.9167824,3.75199986,0,,,0,1
130571905,0.150000006,0.5,,,0.0241758227,0.0241758227,0.531798482,0.206968471,15.9167824,3.75400019,0,,,0,1
130573037,0.150000006,0.5,,,0.0322344303,0.0322344303,0.531798482,0.206968471,15.9167824,3.75400019,0,,,0,1
130574165,0.150000006,0.5,,,0.0322344303,0.0322344303,0.531798482,0.206968471,15.9167824,3.75699997,0,,,0,1
130575291,0.150000006,0.5,,,0.0241758227,0.0241758227,0.531798482,0.206968471,15.9122372,3.75699997,0,,,0,1
130576420,0.150000006,0.571428597,,,0.0322344303,0.0241758227,0.531798482,0.206968471,15.9167824,3.75900006,0,,,0,1
130577547,0.150000006,0.571428597,,,0.0322344303,0.0241758227,0.531798482,0.206968471,15.9167824,3.75900006,0,,,0,1
130578676,0.150000006,0.571428597,,,0.0322344303,0.0241758227,0.531798482,0.206968471,15.9122372,3.76099992,0,,,0,1
130579803,0.150000006,0.5,,,0.0241758227,0.0241758227,0.531798482,0.206968471,15.9122372,3.76099992,0,,,0,1
130580932,0.150000006,0.428571433,,,0.0241758227,0.0322344303,0.531798482,0.206968471,15.9167824,3.76300001,0,,,0,1
130582058,0.150000006,0.571428597,,,0.0322344303,0.0241758227,0.531798482,0.206968471,15.9122372,3.76300001,0,,,0,1
130583187,0.150000006,0.5,,,0.0241758227,0.0241758227,0.531798482,0.206968471,15.9167824,3.76599979,0,,,0,1
130584319,0.150000006,0.5,,,0.0322344303,0.0322344303,0.531798482,0.206968471,15.9122372,3.76599979,0,,,0,1
130585448,0.150000006,0.5,,,0.0322344303,0.0322344303,0.531798482,0.206968471,15.9122372,3.76800013,0,,,0,1
130586779,0.150000006,0.444444448,,,0.0322344303,0.0402930379,0.531798482,0.206968471,15.9167824,3.76800013,0,,,0,1
130587942,0.150000006,0.600000024,,,0.0483516455,0.0322344303,0.496363431,0.212883174,15.9122372,3.76999998,0,,,0,1
130589069,0.150000006,0.555555582,,,0.0402930379,0.0322344303,0.496363431,0.212883174,15.9167824,3.76999998,0,,,0,1
130590198,0.150000006,0.625,,,0.0402930379,0.0241758227,0.496363431,0.212883174,15.9122372,3.77300024,0,,,0,1
130591359,0.150000006,0.600000024,,,0.0483516455,0.0322344303,0.465355635,0.219145864,15.9167824,3.77300024,0,,,0,1
130592488,0.150000006,0.625,,,0.0402930379,0.0241758227,0.465355635,0.219145864,15.9122372,3.7750001,0,,,0,1
130593648,0.150000006,0.400000006,,,0.0322344303,0.0483516455,0.437994152,0.225788191,15.9122372,3.7750001,0,,,0,1
130594816,0.150000006,0.600000024,,,0.0483516455,0.0322344303,0.413671523,0.232845783,15.9122372,3.77699995,0,,,0,1
130595943,0.150000006,0.555555582,,,0.0402930379,0.0322344303,0.413671523,0.232845783,15.9122372,3.77699995,0,,,0,1
130597072,0.150000006,0.555555582,,,0.0402930379,0.0322344303,0.413671523,0.232845783,15.9167824,3.77999997,0,,,0,1
130598233,0.150000006,0.600000024,,,0.0483516455,0.0322344303,0.391908139,0.240358815,15.9122372,3.77999997,0,,,0,1
130599362,0.150000006,0.571428597,,,0.0322344303,0.0241758227,0.391908139,0.240358815,15.9167824,3.78199983,0,,,0,1
130600488,0.150000006,0.571428597,,,0.0322344303,0.0241758227,0.391908139,0.240358815,15.9122372,3.78199983,0,,,0,1
130601651,0.150000006,0.5,,,0.0402930379,0.0402930379,0.372320265,0.248372823,15.9167824,3.78399992,0,,,0,1
130602778,0.150000006,0.555555582,,,0.0402930379,0.0322344303,0.372320265,0.248372823,15.9167824,3.78399992,0,,,0,1
130603907,0.150000006,0.555555582,,,0.0402930379,0.0322344303,0.372320265,0.248372823,15.9167824,3.78599977,0,,,0,1
130605033,0.150000006,0.555555582,,,0.0402930379,0.0322344303,0.372320265,0.248372823,15.9167824,3.78599977,0,,,0,1
130606167,0.150000006,0.5,,,0.0322344303,0.0322344303,0.372320265,0.248372823,15.9167824,3.78900003,0,,,0,1
130607293,0.150000006,0.428571433,,,0.0241758227,0.0322344303,0.372320265,0.248372823,15.9167824,3.78900003,0,,,0,1
130608660,0.150000006,0.600000024,,,0.0483516455,0.0322344303,0.354597211,0.256939679,15.9122372,3.79099989,0,,,0,1
130609820,0.150000006,0.545454562,,,0.0483516455,0.0402930379,0.338484794,0.266118646,15.9167824,3.79099989,0,,,0,1
130610949,0.150000006,0.444444448,,,0.0322344303,0.0402930379,0.338484794,0.266118646,15.9122372,3.79300022,0,,,0,1
130612109,0.150000006,0.600000024,,,0.0483516455,0.0322344303,0.323772997,0.275977701,15.9167824,3.79300022,0,,,0,1
130613239,0.150000006,0.666666687,,,0.0483516455,0.0241758227,0.323772997,0.275977701,15.9213276,3.796,0,,,0,1
130614365,0.150000006,0.666666687,,,0.0483516455,0.0241758227,0.323772997,0.275977701,15.9167824,3.796,0,,,0,1
130615528,0.150000006,0.600000024,,,0.0483516455,0.0322344303,0.31028676,0.286595374,15.9122372,3.7980001,0,,,0,1
130616689,0.150000006,0.545454562,,,0.0483516455,0.0402930379,0.2978791,0.298062712,15.9122372,3.7980001,0,,,0,1
130617856,0.150000006,0.600000024,,,0.0483516455,0.0322344303,0.295411348,0.300575137,15.9122372,3.79999995,0,,,0,1
130619017,0.150000006,0.545454562,,,0.0483516455,0.0402930379,0.300361753,0.295617729,15.9167824,3.79999995,0,,,0,1
130620180,0.150000006,0.636363626,,,0.056410253,0.0322344303,0.305888027,0.290453225,15.9122372,3.80299997,0,,,0,1
130621340,0.150000006,0.600000024,,,0.0483516455,0.0322344303,0.312843293,0.284448355,15.9167824,3.80299997,0,,,0,1
130622503,0.150000006,0.545454562,,,0.0483516455,0.0402930379,0.3197999,0.278931499,15.9167824,3.80499983,0,,,0,1
130623664,0.150000006,0.454545468,,,0.0402930379,0.0483516455,0.323931396,0.275862694,15.9122372,3.80499983,0,,,0,1
130624827,0.150000006,0.454545468,,,0.0402930379,0.0483516455,0.324283689,0.275607705,15.9122372,3.80700016,0,,,0,1
130625988,0.150000006,0.583333313,,,0.056410253,0.0402930379,0.324209303,0.275661469,15.9122372,3.80700016,0,,,0,1
130627152,0.150000006,0.416666657,,,0.0402930379,0.056410253,0.324582458,0.275392234,15.9122372,3.80999994,0,,,0,1
130628312,0.150000006,0.545454562,,,0.0483516455,0.0402930379,0.324121833,0.275724709,15.9167824,3.80999994,0,,,0,1
130629684,0.150000006,0.583333313,,,0.056410253,0.0402930379,0.325501949,0.274733782,15.9122372,3.81200027,0,,,0,1
130630844,0.150000006,0.583333313,,,0.056410253,0.0402930379,0.32978636,0.271753967,15.9167824,3.81200027,0,,,0,1
130632007,0.150000006,0.454545468,,,0.0402930379,0.0483516455,0.333629668,0.269198567,15.9167824,3.81400013,0,,,0,1
130633168,0.150000006,0.5,,,0.0483516455,0.0483516455,0.334800541,0.268441081,15.9167824,3.81400013,0,,,0,1
130634331,0.150000006,0.538461566,,,0.056410253,0.0483516455,0.335475564,0.268008709,15.9167824,3.81700015,0,,,0,1
130635491,0.150000006,0.538461566,,,0.056410253,0.0483516455,0.337388992,0.266799897,15.9122372,3.81700015,0,,,0,1
130636655,0.150000006,0.5,,,0.0402930379,0.0402930379,0.339506537,0.265490443,15.9167824,3.81900001,0,,,0,1
130637815,0.150000006,0.583333313,,,0.056410253,0.0402930379,0.342074782,0.263940841,15.9122372,3.81900001,0,,,0,1
130638978,0.150000006,0.461538464,,,0.0483516455,0.056410253,0.344719619,0.262387514,15.9122372,3.82099986,0,,,0,1
130640138,0.150000006,0.461538464,,,0.0483516455,0.056410253,0.344936907,0.262261748,15.9167824,3.82099986,0,,,0,1
130641306,0.150000006,0.545454562,,,0.0483516455,0.0402930379,0.344353735,0.262599915,15.9122372,3.82399988,0,,,0,1
130642467,0.150000006,0.5,,,0.0483516455,0.0483516455,0.345016718,0.262215644,15.9167824,3.82399988,0,,,0,1
130643630,0.150000006,0.5,,,0.0483516455,0.0483516455,0.345719039,0.261811405,15.9167824,3.82599974,0,,,0,1
130644790,0.150000006,0.5,,,0.0483516455,0.0483516455,0.345975012,0.261664808,15.9122372,3.82599974,0,,,0,1
130645953,0.150000006,0.454545468,,,0.0402930379,0.0483516455,0.345336676,0.262031108,15.9167824,3.82800007,0,,,0,1
130647113,0.150000006,0.545454562,,,0.0483516455,0.0402930379,0.344612241,0.262449741,15.9122372,3.82800007,0,,,0,1
130648277,0.150000006,0.571428597,,,0.0644688606,0.0483516455,0.346300483,0.261478961,15.9213276,3.83099985,0,,,0,1
130649437,0.150000006,0.583333313,,,0.056410253,0.0402930379,0.350830376,0.258954346,15.9122372,3.83099985,0,,,0,1
130650804,0.150000006,0.454545468,,,0.0402930379,0.0483516455,0.354944408,0.256757706,15.9167824,3.83300018,0,,,0,1
130651965,0.150000006,0.571428597,,,0.0644688606,0.0483516455,0.357446522,0.255464137,15.9167824,3.83300018,0,,,0,1
130653133,0.150000006,0.5625,,,0.0725274682,0.056410253,0.361219138,0.253571391,15.9167824,3.83599997,0,,,0,1
130654293,0.150000006,0.533333361,,,0.0644688606,0.056410253,0.366078675,0.25123027,15.9122372,3.83599997,0,,,0,1
130655457,0.150000006,0.5,,,0.0483516455,0.0483516455,0.369746029,0.249531746,15.9167824,3.83800006,0,,,0,1
130656617,0.150000006,0.571428597,,,0.0644688606,0.0483516455,0.373013824,0.248065144,15.9122372,3.83800006,0,,,0,1
130657780,0.150000006,0.533333361,,,0.0644688606,0.056410253,0.377307087,0.246202037,15.9167824,3.83999991,0,,,0,1
130658941,0.150000006,0.461538464,,,0.0483516455,0.056410253,0.380228013,0.244974077,15.9122372,3.83999991,0,,,0,1
130660104,0.150000006,0.461538464,,,0.0483516455,0.056410253,0.379746139,0.245174542,15.9122372,3.84299994,0,,,0,1
130661264,0.150000006,0.5625,,,0.0725274682,0.056410253,0.37913391,0.24543041,15.9213276,3.84299994,0,,,0,1
130662427,0.150000006,0.538461566,,,0.056410253,0.0483516455,0.381289005,0.244535685,15.9122372,3.84499979,0,,,0,1
130663588,0.150000006,0.5,,,0.0483516455,0.0483516455,0.384179085,0.243361548,15.9122372,3.84499979,0,,,0,1
130664756,0.150000006,0.454545468,,,0.0402930379,0.0483516455,0.384833574,0.24309966,15.9122372,3.84700012,0,,,0,1
130665916,0.150000006,0.571428597,,,0.0644688606,0.0483516455,0.385069489,0.243005604,15.9122372,3.84700012,0,,,0,1
130667080,0.150000006,0.571428597,,,0.0644688606,0.0483516455,0.388547629,0.241640553,15.9167824,3.8499999,0,,,0,1
130668240,0.150000006,0.533333361,,,0.0644688606,0.056410253,0.39407146,0.239552259,15.9167824,3.8499999,0,,,0,1
130669403,0.150000006,0.5625,,,0.0725274682,0.056410253,0.399784535,0.237489194,15.9122372,3.85200024,0,,,0,1
130670564,0.150000006,0.538461566,,,0.056410253,0.0483516455,0.405769378,0.235426441,15.9167824,3.85200024,0,,,0,1
130671931,0.150000006,0.538461566,,,0.056410253,0.0483516455,0.411472827,0.233548194,15.9122372,3.85400009,0,,,0,1
130673091,0.150000006,0.461538464,,,0.0483516455,0.056410253,0.414918989,0.232452378,15.9122372,3.85400009,0,,,0,1
130674255,0.150000006,0.5,,,0.0644688606,0.0644688606,0.415379673,0.23230803,15.9167824,3.85700011,0,,,0,1
130675420,0.150000006,0.461538464,,,0.0483516455,0.056410253,0.414115071,0.232705489,15.9122372,3.85700011,0,,,0,1
130676583,0.150000006,0.461538464,,,0.0483516455,0.056410253,0.411252886,0.233619139,15.9122372,3.85899997,0,,,0,1
130677744,0.150000006,0.555555582,,,0.0805860758,0.0644688606,0.409410357,0.234217912,15.9122372,3.85899997,0,,,0,1
130678907,0.150000006,0.533333361,,,0.0644688606,0.056410253,0.411060035,0.233681396,15.907692,3.86099982,0,,,0,1
130680068,0.150000006,0.5,,,0.0644688606,0.0644688606,0.41377008,0.232814565,15.9122372,3.86099982,0,,,0,1
130681231,0.150000006,0.466666669,,,0.056410253,0.0644688606,0.414488494,0.23258771,15.9122372,3.86399984,0,,,0,1
130682391,0.150000006,0.5,,,0.0644688606,0.0644688606,0.413502663,0.232899278,15.9122372,3.86399984,0,,,0,1
130683555,0.150000006,0.533333361,,,0.0644688606,0.056410253,0.413462013,0.232912168,15.907692,3.86600018,0,,,0,1
130684715,0.150000006,0.529411793,,,0.0725274682,0.0644688606,0.415462554,0.232282132,15.9122372,3.86600018,0,,,0,1
130685878,0.150000006,0.529411793,,,0.0725274682,0.0644688606,0.418599993,0.231312826,15.9122372,3.86800003,0,,,0,1
130687044,0.150000006,0.571428597,,,0.0644688606,0.0483516455,0.423241615,0.229919478,15.9122372,3.86800003,0,,,0,1
130688207,0.150000006,0.5,,,0.0644688606,0.0644688606,0.428526103,0.228389502,15.9167824,3.87100029,0,,,0,1
130689367,0.150000006,0.5,,,0.0644688606,0.0644688606,0.431772441,0.227477953,15.9122372,3.87100029,0,,,0,1
130690531,0.150000006,0.5,,,0.0644688606,0.0644688606,0.433083296,0.22711578,15.9122372,3.87300014,0,,,0,1
130691895,0.150000006,0.5,,,0.0725274682,0.0725274682,0.433661073,0.226957202,15.9167824,3.87300014,0,,,0,1
130693059,0.150000006,0.470588237,,,0.0644688606,0.0725274682,0.433124095,0.227104574,15.9122372,3.87600017,0,,,0,1
130694219,0.150000006,0.461538464,,,0.0483516455,0.056410253,0.430666983,0.227786005,15.9167824,3.87600017,0,,,0,1
130695383,0.150000006,0.4375,,,0.056410253,0.0725274682,0.426057786,0.22909686,15.9122372,3.87800002,0,,,0,1
130696543,0.150000006,0.5,,,0.0644688606,0.0644688606,0.421158582,0.230538905,15.9122372,3.87800002,0,,,0,1
130697706,0.150000006,0.466666669,,,0.056410253,0.0644688606,0.417515367,0.231645361,15.9122372,3.87999988,0,,,0,1
130698871,0.150000006,0.526315808,,,0.0805860758,0.0725274682,0.415399015,0.232301995,15.9122372,3.87999988,0,,,0,1
130700034,0.150000006,0.529411793,,,0.0725274682,0.0644688606,0.415784657,0.232181564,15.9122372,3.88199997,0,,,0,1
130701195,0.150000006,0.470588237,,,0.0644688606,0.0725274682,0.416761577,0.231878057,15.9122372,3.88199997,0,,,0,1
130702358,0.150000006,0.473684222,,,0.0725274682,0.0805860758,0.415744871,0.232193962,15.9122372,3.88499975,0,,,0,1
130703518,0.150000006,0.444444448,,,0.0644688606,0.0805860758,0.412581921,0.233192399,15.9122372,3.88499975,0,,,0,1
130704682,0.150000006,0.5625,,,0.0725274682,0.056410253,0.410342783,0.233913824,15.907692,3.88700008,0,,,0,1
130705842,0.150000006,0.555555582,,,0.0805860758,0.0644688606,0.412382931,0.233256027,15.9122372,3.88700008,0,,,0,1
130707006,0.150000006,0.5,,,0.0644688606,0.0644688606,0.416248381,0.232037202,15.9122372,3.88899994,0,,,0,1
130708166,0.150000006,0.466666669,,,0.056410253,0.0644688606,0.417737037,0.231577173,15.9122372,3.88899994,0,,,0,1
130709329,0.150000006,0.5,,,0.0805860758,0.0805860758,0.417036802,0.231792942,15.9122372,3.8920002,0,,,0,1
130710494,0.150000006,0.600000024,,,0.0725274682,0.0483516455,0.418756992,0.231264919,15.9122372,3.8920002,0,,,0,1
130711657,0.150000006,0.5,,,0.0725274682,0.0725274682,0.423490226,0.229846194,15.9122372,3.89400005,0,,,0,1
130713022,0.150000006,0.444444448,,,0.0644688606,0.0805860758,0.425465614,0.229268461,15.9167824,3.89400005,0,,,0,1
130714185,0.150000006,0.461538464,,,0.0483516455,0.056410253,0.422988147,0.229994342,15.9122372,3.89700007,0,,,0,1
130715345,0.150000006,0.550000012,,,0.0886446834,0.0725274682,0.420955718,0.230599746,15.9122372,3.89700007,0,,,0,1
130716508,0.150000006,0.5,,,0.0644688606,0.0644688606,0.421621174,0.230400532,15.907692,3.89899993,0,,,0,1
130717669,0.150000006,0.444444448,,,0.0644688606,0.0805860758,0.421212703,0.230522692,15.9122372,3.89899993,0,,,0,1
130718832,0.150000006,0.476190478,,,0.0805860758,0.0886446834,0.41820395,0.231433928,15.9122372,3.90100002,0,,,0,1
130719993,0.150000006,0.473684222,,,0.0725274682,0.0805860758,0.414687783,0.232525021,15.9122372,3.90100002,0,,,0,1
130721156,0.150000006,0.476190478,,,0.0805860758,0.0886446834,0.411404699,0.233570158,15.9122372,3.90399981,0,,,0,1
130722321,0.150000006,0.449999988,,,0.0725274682,0.0886446834,0.407651097,0.234797597,15.9122372,3.90399981,0,,,0,1
130723484,0.150000006,0.538461566,,,0.056410253,0.0483516455,0.404860556,0.235733464,15.9122372,3.90600014,0,,,0,1
130724644,0.150000006,0.5,,,0.0725274682,0.0725274682,0.404501557,0.235855326,15.9167824,3.90600014,0,,,0,1
130725807,0.150000006,0.529411793,,,0.0725274682,0.0644688606,0.405545354,0.23550193,15.9122372,3.90799999,0,,,0,1
130726968,0.150000006,0.526315808,,,0.0805860758,0.0725274682,0.407633126,0.234803557,15.9122372,3.90799999,0,,,0,1
130728131,0.150000006,0.5,,,0.0805860758,0.0805860758,0.409896016,0.234059259,15.9122372,3.91100025,0,,,0,1
130729292,0.150000006,0.529411793,,,0.0725274682,0.0644688606,0.411857992,0.233424306,15.9122372,3.91100025,0,,,0,1
130730455,0.150000006,0.473684222,,,0.0725274682,0.0805860758,0.413169235,0.233005211,15.9167824,3.91300011,0,,,0,1
130731615,0.150000006,0.411764711,,,0.056410253,0.0805860758,0.41101107,0.233697236,15.9122372,3.91300011,0,,,0,1
130732778,0.150000006,0.421052635,,,0.0644688606,0.0886446834,0.404640347,0.235808194,15.9122372,3.91499996,0,,,0,1
130734147,0.150000006,0.5,,,0.0725274682,0.0725274682,0.398153812,0.238068417,15.9122372,3.91499996,0,,,0,1
130735311,0.150000006,0.470588237,,,0.0644688606,0.0725274682,0.393982738,0.239585057,15.9122372,3.91799998,0,,,0,1
130736471,0.150000006,0.476190478,,,0.0805860758,0.0886446834,0.390778482,0.240785688,15.9122372,3.91799998,0,,,0,1
130737635,0.150000006,0.449999988,,,0.0725274682,0.0886446834,0.387234539,0.242151231,15.9122372,3.91999984,0,,,0,1
130738795,0.150000006,0.5,,,0.0886446834,0.0886446834,0.383871347,0.243485183,15.907692,3.91999984,0,,,0,1
130739958,0.150000006,0.476190478,,,0.0805860758,0.0886446834,0.381449938,0.244469523,15.9167824,3.92199993,0,,,0,1
130741119,0.150000006,0.444444448,,,0.0644688606,0.0805860758,0.378593385,0.245657459,15.907692,3.92199993,0,,,0,1
130742282,0.150000006,0.478260875,,,0.0886446834,0.0967032909,0.374948174,0.24721697,15.9122372,3.92499971,0,,,0,1
130743442,0.150000006,0.400000006,,,0.0483516455,0.0725274682,0.370272458,0.249292538,15.9122372,3.92499971,0,,,0,1
130744610,0.150000006,0.478260875,,,0.0886446834,0.0967032909,0.36474207,0.251863658,15.9122372,3.92700005,0,,,0,1
130745770,0.150000006,0.555555582,,,0.0805860758,0.0644688606,0.361854732,0.253259093,15.9122372,3.92700005,0,,,0,1
130746934,0.150000006,0.5,,,0.0805860758,0.0805860758,0.362136751,0.253121138,15.9122372,3.9289999,0,,,0,1
130748094,0.150000006,0.476190478,,,0.0805860758,0.0886446834,0.362363487,0.253010482,15.9122372,3.9289999,0,,,0,1
130749257,0.150000006,0.526315808,,,0.0805860758,0.0725274682,0.362201691,0.253089458,15.9167824,3.93200016,0,,,0,1
130750418,0.150000006,0.5,,,0.0886446834,0.0886446834,0.362689137,0.252851963,15.9122372,3.93200016,0,,,0,1
130751581,0.150000006,0.476190478,,,0.0805860758,0.0886446834,0.362735748,0.252829343,15.9167824,3.93400002,0,,,0,1
130752742,0.150000006,0.519999981,,,0.104761899,0.0967032909,0.362395823,0.252994746,15.907692,3.93400002,0,,,0,1
130753905,0.150000006,0.521739125,,,0.0967032909,0.0886446834,0.363012195,0.252695203,15.9122372,3.93600011,0,,,0,1
130755270,0.150000006,0.523809552,,,0.0886446834,0.0805860758,0.364574581,0.251943588,15.9167824,3.93600011,0,,,0,1
130756438,0.150000006,0.526315808,,,0.0805860758,0.0725274682,0.366640091,0.250966549,15.9122372,3.93899989,0,,,0,1
130757598,0.150000006,0.454545468,,,0.0805860758,0.0967032909,0.367687404,0.250478208,15.9122372,3.93899989,0,,,0,1
130758762,0.150000006,0.5,,,0.0886446834,0.0886446834,0.36701104,0.25079304,15.9167824,3.94099998,0,,,0,1
130759922,0.150000006,0.476190478,,,0.0805860758,0.0886446834,0.365803659,0.251359969,15.9122372,3.94099998,0,,,0,1
130761086,0.150000006,0.565217376,,,0.104761899,0.0805860758,0.365844131,0.251340866,15.9122372,3.94399977,0,,,0,1
130762246,0.150000006,0.473684222,,,0.0725274682,0.0805860758,0.367070168,0.250765413,15.9167824,3.94399977,0,,,0,1
130763409,0.150000006,0.434782594,,,0.0805860758,0.104761899,0.366254658,0.251147479,15.9122372,3.9460001,0,,,0,1
130764570,0.150000006,0.352941185,,,0.0483516455,0.0886446834,0.360951364,0.253703505,15.9122372,3.9460001,0,,,0,1
130765733,0.150000006,0.519999981,,,0.104761899,0.0967032909,0.354347378,0.257070988,15.9122372,3.94799995,0,,,0,1
130766893,0.150000006,0.5,,,0.0725274682,0.0725274682,0.350854874,0.258940995,15.9122372,3.94799995,0,,,0,1
130768061,0.150000006,0.590909064,,,0.104761899,0.0725274682,0.351240069,0.258731544,15.907692,3.95100021,0,,,0,1
130769222,0.150000006,0.541666687,,,0.104761899,0.0886446834,0.354614466,0.256930619,15.9213276,3.95100021,0,,,0,1
130770385,0.150000006,0.5,,,0.0967032909,0.0967032909,0.358136505,0.255112827,15.9122372,3.95300007,0,,,0,1
130771546,0.150000006,0.538461566,,,0.112820506,0.0967032909,0.360679239,0.253838122,15.9122372,3.95300007,0,,,0,1
130772709,0.150000006,0.449999988,,,0.0725274682,0.0886446834,0.361967295,0.253203988,15.9122372,3.95500016,0,,,0,1
130773869,0.150000006,0.5,,,0.0967032909,0.0967032909,0.361433715,0.253465772,15.9122372,3.95500016,0,,,0,1
130775033,0.150000006,0.444444448,,,0.0644688606,0.0805860758,0.359676331,0.254337221,15.907692,3.95700002,0,,,0,1
130776397,0.150000006,0.5,,,0.0967032909,0.0967032909,0.357392788,0.255491555,15.9122372,3.95700002,0,,,0,1
130777560,0.150000006,0.5,,,0.0805860758,0.0805860758,0.355890244,0.256265014,15.9122372,3.96000004,0,,,0,1
130778721,0.150000006,0.576923072,,,0.120879114,0.0886446834,0.356666684,0.255863935,15.9122372,3.96000004,0,,,0,1
130779889,0.150000006,0.473684222,,,0.0725274682,0.0805860758,0.358713478,0.254820883,15.9122372,3.96199989,0,,,0,1
130781049,0.150000006,0.5,,,0.104761899,0.104761899,0.359577507,0.254386663,15.9167824,3.96199989,0,,,0,1
130782212,0.150000006,0.476190478,,,0.0805860758,0.0886446834,0.359197676,0.25457713,15.9122372,3.96500015,0,,,0,1
130783373,0.150000006,0.538461566,,,0.112820506,0.0967032909,0.359085023,0.254633754,15.9122372,3.96500015,0,,,0,1
130784537,0.150000006,0.5,,,0.0725274682,0.0725274682,0.359905273,0.25422287,15.9122372,3.96700001,0,,,0,1
130785697,0.150000006,0.560000002,,,0.112820506,0.0886446834,0.361742318,0.253314197,15.9122372,3.96700001,0,,,0,1
130786861,0.150000006,0.526315808,,,0.0805860758,0.0725274682,0.364745975,0.25186184,15.9122372,3.96899986,0,,,0,1
130788021,0.150000006,0.479999989,,,0.0967032909,0.104761899,0.367063373,0.250768572,15.9122372,3.96899986,0,,,0,1
130789185,0.150000006,0.526315808,,,0.0805860758,0.0725274682,0.368159562,0.250259519,15.9122372,3.97200012,0,,,0,1
130790346,0.150000006,0.478260875,,,0.0886446834,0.0967032909,0.368800253,0.249964342,15.9122372,3.97200012,0,,,0,1
130791514,0.150000006,0.473684222,,,0.0725274682,0.0805860758,0.368199348,0.25024116,15.9122372,3.97399998,0,,,0,1
130792674,0.150000006,0.538461566,,,0.112820506,0.0967032909,0.367625415,0.250506938,15.9122372,3.97399998,0,,,0,1
130793838,0.150000006,0.523809552,,,0.0886446834,0.0805860758,0.368755668,0.249984846,15.9122372,3.97600007,0,,,0,1
130794998,0.150000006,0.464285702,,,0.104761899,0.120879114,0.369689703,0.249557406,15.9122372,3.97600007,0,,,0,1
130796161,0.150000006,0.449999988,,,0.0725274682,0.0886446834,0.368251681,0.250216991,15.9167824,3.97899985,0,,,0,1
130797526,0.150000006,0.5,,,0.112820506,0.112820506,0.365775138,0.25137344,15.9122372,3.97899985,0,,,0,1
130798689,0.150000006,0.526315808,,,0.0805860758,0.0725274682,0.364760578,0.251854837,15.9122372,3.98099995,0,,,0,1
130799850,0.150000006,0.5,,,0.112820506,0.112820506,0.365145952,0.251671433,15.9122372,3.98099995,0,,,0,1
130801013,0.150000006,0.523809552,,,0.0886446834,0.0805860758,0.366007477,0.251263827,15.9122372,3.9829998,0,,,0,1
130802174,0.150000006,0.518518507,,,0.112820506,0.104761899,0.367419571,0.250602603,15.9122372,3.9829998,0,,,0,1
130803342,0.150000006,0.526315808,,,0.0805860758,0.0725274682,0.369333714,0.249719873,15.907692,3.98600006,0,,,0,1
130804502,0.150000006,0.518518507,,,0.112820506,0.104761899,0.371483564,0.248746574,15.9167824,3.98600006,0,,,0,1
130805666,0.150000006,0.478260875,,,0.0886446834,0.0967032909,0.372817874,0.248151883,15.907692,3.98799992,0,,,0,1
130806826,0.150000006,0.555555582,,,0.120879114,0.0967032909,0.373964697,0.247646376,15.9122372,3.98799992,0,,,0,1
130807990,0.150000006,0.519999981,,,0.104761899,0.0967032909,0.37635386,0.246609658,15.9122372,3.99000025,0,,,0,1
130809150,0.150000006,0.482758611,,,0.112820506,0.120879114,0.37828505,0.245787442,15.9167824,3.99000025,0,,,0,1
130810313,0.150000006,0.479999989,,,0.0967032909,0.104761899,0.378311604,0.245776236,15.907692,3.99300003,0,,,0,1
130811474,0.150000006,0.482758611,,,0.112820506,0.120879114,0.377154469,0.246267125,15.9122372,3.99300003,0,,,0,1
130812637,0.150000006,0.439999998,,,0.0886446834,0.112820506,0.374743849,0.24730587,15.9122372,3.99500012,0,,,0,1
130813797,0.150000006,0.461538464,,,0.0967032909,0.112820506,0.370959938,0.248981893,15.9122372,3.99500012,0,,,0,1
130814966,0.150000006,0.481481493,,,0.104761899,0.112820506,0.367263287,0.25067538,15.9122372,3.99699998,0,,,0,1
130816126,0.150000006,0.478260875,,,0.0886446834,0.0967032909,0.36442709,0.252014101,15.9122372,3.99699998,0,,,0,1
130817296,0.150000006,0.464285702,,,0.104761899,0.120879114,0.361781836,0.253294826,15.907692,4,0,,,0,1
130818660,0.150000006,0.521739125,,,0.0967032909,0.0886446834,0.359831542,0.254259646,15.9122372,4,0,,,0,1
130819823,0.150000006,0.484848499,,,0.128937721,0.136996329,0.359037817,0.254657477,15.9167824,4.00199986,0,,,0,1
130820984,0.150000006,0.5,,,0.0886446834,0.0886446834,0.358504295,0.254926533,15.907692,4.00199986,0,,,0,1
130822147,0.150000006,0.560000002,,,0.112820506,0.0886446834,0.359188259,0.254581839,15.9122372,4.00500011,0,,,0,1
130823307,0.150000006,0.464285702,,,0.104761899,0.120879114,0.360591143,0.253881782,15.9122372,4.00500011,0,,,0,1
130824471,0.150000006,0.5,,,0.104761899,0.104761899,0.360731095,0.253812402,15.9213276,4.00699997,0,,,0,1
130825636,0.150000006,0.433333337,,,0.104761899,0.136996329,0.359188527,0.25458172,15.9122372,4.00699997,0,,,0,1
130826799,0.150000006,0.454545468,,,0.0805860758,0.0967032909,0.355871916,0.256274551,15.9122372,4.00899982,0,,,0,1
130827959,0.150000006,0.483870953,,,0.120879114,0.128937721,0.352299422,0.258159757,15.907692,4.00899982,0,,,0,1
130829122,0.150000006,0.565217376,,,0.104761899,0.0805860758,0.351120412,0.258796543,15.907692,4.01200008,0,,,0,1
130830282,0.150000006,0.448275864,,,0.104761899,0.128937721,0.351399392,0.258645147,15.9122372,4.01200008,0,,,0,1
130831446,0.150000006,0.519999981,,,0.104761899,0.0967032909,0.351047158,0.258836359,15.907692,4.01399994,0,,,0,1
130832606,0.150000006,0.551724136,,,0.128937721,0.104761899,0.351813138,0.258421481,15.9167824,4.01399994,0,,,0,1
130833769,0.150000006,0.5,,,0.120879114,0.120879114,0.353824228,0.257347047,15.907692,4.01599979,0,,,0,1
130834930,0.150000006,0.535714269,,,0.120879114,0.104761899,0.355770379,0.256327212,15.9122372,4.01599979,0,,,0,1
130836093,0.150000006,0.607142866,,,0.136996329,0.0886446834,0.35950917,0.254420877,15.9122372,4.01900005,0,,,0,1
130837258,0.150000006,0.454545468,,,0.0805860758,0.0967032909,0.363789827,0.252319753,15.907692,4.01900005,0,,,0,1
130838421,0.150000006,0.555555582,,,0.120879114,0.0967032909,0.366354704,0.251100451,15.9122372,4.02099991,0,,,0,1
130839785,0.150000006,0.478260875,,,0.0886446834,0.0967032909,0.368174791,0.250252485,15.9122372,4.02099991,0,,,0,1
130840949,0.150000006,0.518518507,,,0.112820506,0.104761899,0.369272023,0.249748096,15.9167824,4.02299976,0,,,0,1
130842110,0.150000006,0.551724136,,,0.128937721,0.104761899,0.371004164,0.24896197,15.9122372,4.02299976,0,,,0,1
130843273,0.150000006,0.560000002,,,0.112820506,0.0886446834,0.374747992,0.247304037,15.9167824,4.02600002,0,,,0,1
130844433,0.150000006,0.555555582,,,0.120879114,0.0967032909,0.37990883,0.245106742,15.907692,4.02600002,0,,,0,1
130845597,0.150000006,0.523809552,,,0.0886446834,0.0805860758,0.385072619,0.243004382,15.9122372,4.02799988,0,,,0,1
130846757,0.150000006,0.516129017,,,0.128937721,0.120879114,0.389025509,0.241456077,15.9122372,4.02799988,0,,,0,1
130847920,0.150000006,0.428571433,,,0.0967032909,0.128937721,0.389982551,0.241088882,15.907692,4.03000021,0,,,0,1
130849085,0.150000006,0.517241359,,,0.120879114,0.112820506,0.388503462,0.24165763,15.9122372,4.03000021,0,,,0,1
130850249,0.150000006,0.482758611,,,0.112820506,0.120879114,0.38727659,0.24213478,15.9122372,4.03299999,0,,,0,1
130851409,0.150000006,0.479999989,,,0.0967032909,0.104761899,0.386027187,0.242625728,15.907692,4.03299999,0,,,0,1
130852572,0.150000006,0.5,,,0.120879114,0.120879114,0.384606868,0.243190199,15.9122372,4.03499985,0,,,0,1
130853733,0.150000006,0.458333343,,,0.0886446834,0.104761899,0.382957399,0.243854344,15.9122372,4.03499985,0,,,0,1
130854896,0.150000006,0.454545468,,,0.120879114,0.145054936,0.380001485,0.245068192,15.9167824,4.0369997,0,,,0,1
130856056,0.150000006,0.485714287,,,0.136996329,0.145054936,0.376581341,0.24651207,15.9122372,4.0369997,0,,,0,1
130857219,0.150000006,0.478260875,,,0.0886446834,0.0967032909,0.373839051,0.247701496,15.9122372,4.03999996,0,,,0,1
130858380,0.150000006,0.483870953,,,0.120879114,0.128937721,0.37158671,0.248700336,15.9122372,4.03999996,0,,,0,1
130859543,0.150000006,0.40625,,,0.104761899,0.153113544,0.368144333,0.250266582,15.907692,4.04199982,0,,,0,1
130860912,0.150000006,0.479999989,,,0.0967032909,0.104761899,0.3634004,0.252507418,15.9167824,4.04199982,0,,,0,1
130862075,0.150000006,0.515151501,,,0.136996329,0.128937721,0.36021769,0.254067242,15.9167824,4.04500008,0,,,0,1
130863236,0.150000006,0.45161289,,,0.112820506,0.136996329,0.358335227,0.255012125,15.907692,4.04500008,0,,,0,1
130864399,0.150000006,0.518518507,,,0.112820506,0.104761899,0.356636524,0.255879462,15.9167824,4.04699993,0,,,0,1
130865560,0.150000006,0.45161289,,,0.112820506,0.136996329,0.355122983,0.256664336,15.9122372,4.04699993,0,,,0,1
130866724,0.150000006,0.478260875,,,0.0886446834,0.0967032909,0.352972656,0.257799447,15.907692,4.04900026,0,,,0,1
130867884,0.150000006,0.454545468,,,0.120879114,0.145054936,0.350215942,0.259290099,15.9167824,4.04900026,0,,,0,1
130869048,0.150000006,0.629629612,,,0.136996329,0.0805860758,0.34987995,0.259474546,15.907692,4.05200005,0,,,0,1
130870208,0.150000006,0.560000002,,,0.112820506,0.0886446834,0.353944629,0.257283419,15.9122372,4.05200005,0,,,0,1
130871372,0.150000006,0.540540516,,,0.161172152,0.136996329,0.359410673,0.254470259,15.9122372,4.0539999,0,,,0,1
130872537,0.150000006,0.535714269,,,0.120879114,0.104761899,0.36410287,0.252169371,15.907692,4.0539999,0,,,0,1
130873700,0.150000006,0.600000024,,,0.120879114,0.0805860758,0.369493902,0.249646693,15.9167824,4.05599976,0,,,0,1
130874860,0.150000006,0.454545468,,,0.120879114,0.145054936,0.374394953,0.247458041,15.907692,4.05599976,0,,,0,1
130876024,0.150000006,0.454545468,,,0.0805860758,0.0967032909,0.375209063,0.247103691,15.9122372,4.05799961,0,,,0,1
130877184,0.150000006,0.432432443,,,0.128937721,0.169230759,0.37225309,0.24840273,15.9122372,4.05799961,0,,,0,1
130878347,0.150000006,0.533333361,,,0.128937721,0.112820506,0.369178236,0.249791041,15.907692,4.06099987,0,,,0,1
130879507,0.150000006,0.519999981,,,0.104761899,0.0967032909,0.36861071,0.250051528,15.9122372,4.06099987,0,,,0,1
130880875,0.150000006,0.5,,,0.136996329,0.136996329,0.36936608,0.249705076,15.9167824,4.06299973,0,,,0,1
130882035,0.150000006,0.428571433,,,0.120879114,0.161172152,0.368488133,0.250107944,15.907692,4.06299973,0,,,0,1
130883199,0.150000006,0.5,,,0.112820506,0.112820506,0.365965158,0.251283765,15.9122372,4.06599998,0,,,0,1
130884364,0.150000006,0.441176474,,,0.120879114,0.153113544,0.363112867,0.252646416,15.9167824,4.06599998,0,,,0,1
130885527,0.150000006,0.571428597,,,0.128937721,0.0967032909,0.361562967,0.253402203,15.9122372,4.06799984,0,,,0,1
130886687,0.150000006,0.479999989,,,0.0967032909,0.104761899,0.362036616,0.253170073,15.9122372,4.06799984,0,,,0,1
130887851,0.150000006,0.472222209,,,0.136996329,0.153113544,0.361899287,0.253237277,15.9122372,4.07000017,0,,,0,1
130889011,0.150000006,0.576923072,,,0.120879114,0.0886446834,0.362167448,0.253106147,15.907692,4.07000017,0,,,0,1
130890175,0.150000006,0.419354826,,,0.104761899,0.145054936,0.362825066,0.252785951,15.9122372,4.07299995,0,,,0,1
130891335,0.150000006,0.5,,,0.153113544,0.153113544,0.361510664,0.253427923,15.9122372,4.07299995,0,,,0,1
130892499,0.150000006,0.419354826,,,0.104761899,0.145054936,0.35864678,0.25485456,15.9122372,4.07499981,0,,,0,1
130893659,0.150000006,0.46875,,,0.120879114,0.136996329,0.354694515,0.256888598,15.9122372,4.07499981,0,,,0,1
130894827,0.150000006,0.515151501,,,0.136996329,0.128937721,0.351668626,0.258499503,15.907692,4.07699966,0,,,0,1
130895987,0.150000006,0.535714269,,,0.120879114,0.104761899,0.3512128,0.258746386,15.9122372,4.07699966,0,,,0,1
130897150,0.150000006,0.571428597,,,0.128937721,0.0967032909,0.353395432,0.257574379,15.9167824,4.07999992,0,,,0,1
130898311,0.150000006,0.5,,,0.136996329,0.136996329,0.356670529,0.255861998,15.9122372,4.07999992,0,,,0,1
130899474,0.150000006,0.518518507,,,0.112820506,0.104761899,0.359075904,0.254638344,15.907692,4.08199978,0,,,0,1
130900634,0.150000006,0.485714287,,,0.136996329,0.145054936,0.360332966,0.254009902,15.9122372,4.08199978,0,,,0,1
130902002,0.150000006,0.486486495,,,0.145054936,0.153113544,0.36040315,0.253975034,15.9122372,4.08400011,0,,,0,1
130903162,0.150000006,0.46875,,,0.120879114,0.136996329,0.359316528,0.254517436,15.907692,4.08400011,0,,,0,1
130904325,0.150000006,0.40625,,,0.104761899,0.153113544,0.356176257,0.256116927,15.9122372,4.08699989,0,,,0,1
130905486,0.150000006,0.459459454,,,0.136996329,0.161172152,0.351258755,0.258721411,15.9122372,4.08699989,0,,,0,1
130906653,0.150000006,0.516129017,,,0.128937721,0.120879114,0.347559214,0.26076588,15.9031467,4.08900023,0,,,0,1
130907814,0.150000006,0.5,,,0.120879114,0.120879114,0.346148431,0.261565715,15.9122372,4.08900023,0,,,0,1
130908977,0.150000006,0.524999976,,,0.169230759,0.153113544,0.346129209,0.261576682,15.907692,4.09100008,0,,,0,1
130910138,0.150000006,0.454545468,,,0.120879114,0.145054936,0.346015543,0.261641622,15.907692,4.09100008,0,,,0,1
130911301,0.150000006,0.517241359,,,0.120879114,0.112820506,0.345274746,0.262066811,15.9122372,4.09399986,0,,,0,1
130912462,0.150000006,0.45714286,,,0.128937721,0.153113544,0.344285905,0.262639344,15.9122372,4.09399986,0,,,0,1
130913625,0.150000006,0.428571433,,,0.120879114,0.161172152,0.34176296,0.264126778,15.9031467,4.09599972,0,,,0,1
130914785,0.150000006,0.517241359,,,0.120879114,0.112820506,0.338747233,0.26595664,15.9122372,4.09599972,0,,,0,1
130915949,0.150000006,0.527777791,,,0.153113544,0.136996329,0.337794542,0.266546816,15.9122372,4.09800005,0,,,0,1
130917110,0.150000006,0.5,,,0.145054936,0.145054936,0.338290602,0.266238749,15.9122372,4.09800005,0,,,0,1
130918278,0.150000006,0.481481493,,,0.104761899,0.112820506,0.338418633,0.266159505,15.9031467,4.10099983,0,,,0,1
130919438,0.150000006,0.5,,,0.153113544,0.153113544,0.337988615,0.266426116,15.9122372,4.10099983,0,,,0,1
130920602,0.150000006,0.486486495,,,0.145054936,0.153113544,0.337439984,0.266768008,15.9122372,4.10300016,0,,,0,1
130921762,0.150000006,0.5,,,0.104761899,0.104761899,0.336877614,0.26712057,15.907692,4.10300016,0,,,0,1
130923130,0.150000006,0.5,,,0.128937721,0.128937721,0.336521089,0.26734513,15.9122372,4.10599995,0,,,0,1
130924290,0.150000006,0.352941185,,,0.0967032909,0.177289367,0.334072053,0.268911242,15.9122372,4.10599995,0,,,0,1
130925453,0.150000006,0.487179488,,,0.153113544,0.161172152,0.329243988,0.272123367,15.9031467,4.10800028,0,,,0,1
130926614,0.150000006,0.555555582,,,0.120879114,0.0967032909,0.326587349,0.273965329,15.9122372,4.10800028,0,,,0,1
130927777,0.150000006,0.5,,,0.145054936,0.145054936,0.326792687,0.273820966,15.9167824,4.11000013,0,,,0,1
130928937,0.150000006,0.555555582,,,0.161172152,0.128937721,0.328138679,0.272883058,15.907692,4.11000013,0,,,0,1
130930105,0.150000006,0.533333361,,,0.128937721,0.112820506,0.330535233,0.271247566,15.9031467,4.11299992,0,,,0,1
130931265,0.150000006,0.545454562,,,0.145054936,0.120879114,0.333562315,0.269242465,15.9213276,4.11299992,0,,,0,1
130932429,0.150000006,0.523809552,,,0.177289367,0.161172152,0.336621255,0.26728195,15.9122372,4.11499977,0,,,0,1
130933589,0.150000006,0.485714287,,,0.136996329,0.145054936,0.338691711,0.265990883,15.9031467,4.11499977,0,,,0,1
130934753,0.150000006,0.551724136,,,0.128937721,0.104761899,0.340218425,0.265056729,15.907692,4.11699963,0,,,0,1
130935913,0.150000006,0.485714287,,,0.136996329,0.145054936,0.341847092,0.264076561,15.9167824,4.11699963,0,,,0,1
130937076,0.150000006,0.444444448,,,0.128937721,0.161172152,0.341724396,0.264149815,15.907692,4.11999989,0,,,0,1
130938237,0.150000006,0.433333337,,,0.104761899,0.136996329,0.338987648,0.265808612,15.907692,4.11999989,0,,,0,1
130939400,0.150000006,0.555555582,,,0.161172152,0.128937721,0.336577952,0.267309219,15.9167824,4.12199974,0,,,0,1
130940560,0.150000006,0.46875,,,0.120879114,0.136996329,0.335944176,0.267710388,15.907692,4.12199974,0,,,0,1
130941728,0.150000006,0.411764711,,,0.112820506,0.161172152,0.334014207,0.268948764,15.9031467,4.12400007,0,,,0,1
130942889,0.150000006,0.538461566,,,0.112820506,0.0967032909,0.331312448,0.270726383,15.9031467,4.12400007,0,,,0,1
130944256,0.150000006,0.454545468,,,0.120879114,0.145054936,0.329743236,0.271783292,15.9167824,4.12699986,0,,,0,1
130945417,0.150000006,0.617021263,,,0.23369962,0.145054936,0.330122203,0.271526307,15.907692,4.12699986,0,,,0,1
130946580,0.150000006,0.533333361,,,0.128937721,0.112820506,0.3332555,0.269442677,15.9122372,4.12900019,0,,,0,1
130947740,0.150000006,0.518518507,,,0.112820506,0.104761899,0.336766452,0.267190456,15.9122372,4.12900019,0,,,0,1
130948903,0.150000006,0.45161289,,,0.112820506,0.136996329,0.338166267,0.266315818,15.9122372,4.13100004,0,,,0,1
130950064,0.150000006,0.444444448,,,0.128937721,0.161172152,0.336806297,0.267165393,15.9031467,4.13100004,0,,,0,1
130951227,0.150000006,0.4375,,,0.112820506,0.145054936,0.333443195,0.269320101,15.907692,4.13399982,0,,,0,1
130952387,0.150000006,0.486486495,,,0.145054936,0.153113544,0.329880446,0.2716901,15.9122372,4.13399982,0,,,0,1
130953556,0.150000006,0.5,,,0.177289367,0.177289367,0.327590853,0.273263097,15.9122372,4.13599968,0,,,0,1
130954716,0.150000006,0.382352948,,,0.104761899,0.169230759,0.324812263,0.27522704,15.907692,4.13599968,0,,,0,1
130955879,0.150000006,0.45161289,,,0.112820506,0.136996329,0.320225298,0.27860865,15.907692,4.13800001,0,,,0,1
130957040,0.150000006,0.5,,,0.120879114,0.120879114,0.316347182,0.281612307,15.9167824,4.13800001,0,,,0,1
130958203,0.150000006,0.512820542,,,0.161172152,0.153113544,0.314627647,0.282989144,15.907692,4.14099979,0,,,0,1
130959363,0.150000006,0.474999994,,,0.153113544,0.169230759,0.313853115,0.283618629,15.907692,4.14099979,0,,,0,1
130960527,0.150000006,0.545454562,,,0.145054936,0.120879114,0.313694686,0.28374815,15.8986015,4.14300013,0,,,0,1
130961687,0.150000006,0.590909064,,,0.209523797,0.145054936,0.315702111,0.282125443,15.9167824,4.14300013,0,,,0,1
130962850,0.150000006,0.53191489,,,0.201465189,0.177289367,0.319430053,0.279213399,15.9122372,4.14499998,0,,,0,1
130964011,0.150000006,0.512820542,,,0.161172152,0.153113544,0.32263127,0.276812673,15.907692,4.14499998,0,,,0,1
130965383,0.150000006,0.5,,,0.128937721,0.128937721,0.324509263,0.275444955,15.9031467,4.14800024,0,,,0,1
130966543,0.150000006,0.518518507,,,0.112820506,0.104761899,0.325681269,0.274606168,15.907692,4.14800024,0,,,0,1
130967707,0.150000006,0.514285743,,,0.145054936,0.136996329,0.3268255,0.273797929,15.9167824,4.1500001,0,,,0,1
130968867,0.150000006,0.488372087,,,0.169230759,0.177289367,0.327627987,0.273237258,15.907692,4.1500001,0,,,0,1
130970031,0.150000006,0.512820542,,,0.161172152,0.153113544,0.327982098,0.272991449,15.9031467,4.15199995,0,,,0,1
130971191,0.150000006,0.473684222,,,0.145054936,0.161172152,0.327943772,0.273018003,15.907692,4.15199995,0,,,0,1
130972355,0.150000006,0.59523809,,,0.201465189,0.136996329,0.32884118,0.272399127,15.9167824,4.15499973,0,,,0,1
130973515,0.150000006,0.523809552,,,0.177289367,0.161172152,0.331681222,0.270480633,15.9122372,4.15499973,0,,,0,1
130974678,0.150000006,0.447368413,,,0.136996329,0.169230759,0.333487004,0.26929155,15.9031467,4.15699959,0,,,0,1
130975843,0.150000006,0.555555582,,,0.120879114,0.0967032909,0.33393693,0.268998861,15.907692,4.15699959,0,,,0,1
130977007,0.150000006,0.5,,,0.153113544,0.153113544,0.335080087,0.268261641,15.9167824,4.15899992,0,,,0,1
130978167,0.150000006,0.5,,,0.169230759,0.169230759,0.336072952,0.26762861,15.9122372,4.15899992,0,,,0,1
130979330,0.150000006,0.459459454,,,0.136996329,0.161172152,0.335801214,0.267801195,15.9031467,4.1619997,0,,,0,1
130980491,0.150000006,0.486486495,,,0.145054936,0.153113544,0.334470838,0.268653393,15.9031467,4.1619997,0,,,0,1
130981654,0.150000006,0.470588237,,,0.128937721,0.145054936,0.332777232,0.269756138,15.9122372,4.16400003,0,,,0,1
130982815,0.150000006,0.465116292,,,0.161172152,0.185347974,0.330724627,0.271120161,15.9122372,4.16400003,0,,,0,1
130983978,0.150000006,0.454545468,,,0.120879114,0.145054936,0.328094065,0.272913933,15.907692,4.16599989,0,,,0,1
130985139,0.150000006,0.5,,,0.145054936,0.145054936,0.325652242,0.274626791,15.907692,4.16599989,0,,,0,1
130986507,0.150000006,0.566666663,,,0.136996329,0.104761899,0.325271785,0.274897963,15.9031467,4.16900015,0,,,0,1
130987672,0.150000006,0.545454562,,,0.145054936,0.120879114,0.327398688,0.273396909,15.9167824,4.16900015,0,,,0,1
130988835,0.150000006,0.473684222,,,0.145054936,0.161172152,0.329543471,0.271919101,15.9122372,4.171,0,,,0,1
130989996,0.150000006,0.476190478,,,0.161172152,0.177289367,0.32978633,0.271753967,15.9031467,4.171,0,,,0,1
130991160,0.150000006,0.486486495,,,0.145054936,0.153113544,0.328876913,0.27237466,15.9031467,4.17399979,0,,,0,1
130992320,0.150000006,0.571428597,,,0.128937721,0.0967032909,0.329076588,0.272237808,15.907692,4.17399979,0,,,0,1
130993484,0.150000006,0.45161289,,,0.112820506,0.136996329,0.33005783,0.271569908,15.9122372,4.17599964,0,,,0,1
130994644,0.150000006,0.511627913,,,0.177289367,0.169230759,0.330062032,0.271567076,15.907692,4.17599964,0,,,0,1
130995807,0.150000006,0.512820542,,,0.161172152,0.153113544,0.330095738,0.271544248,15.9031467,4.17799997,0,,,0,1
130996967,0.150000006,0.545454562,,,0.145054936,0.120879114,0.331262439,0.270759791,15.907692,4.17799997,0,,,0,1
130998131,0.150000006,0.5,,,0.136996329,0.136996329,0.332964718,0.269633055,15.907692,4.18099976,0,,,0,1
130999296,0.150000006,0.5,,,0.169230759,0.169230759,0.334066391,0.268914938,15.9122372,4.18099976,0,,,0,1
131000459,0.150000006,0.466666669,,,0.169230759,0.193406582,0.333984464,0.268968046,15.907692,4.18300009,0,,,0,1
131001620,0.150000006,0.459459454,,,0.136996329,0.161172152,0.332502544,0.269936889,15.9031467,4.18300009,0,,,0,1
131002783,0.150000006,0.514285743,,,0.145054936,0.136996329,0.330825984,0.271052092,15.9031467,4.18499994,0,,,0,1
131003943,0.150000006,0.538461566,,,0.169230759,0.145054936,0.330746621,0.271105379,15.907692,4.18499994,0,,,0,1
131005106,0.150000006,0.439024389,,,0.145054936,0.185347974,0.330858916,0.271029979,15.9167824,4.1880002,0,,,0,1
131006267,0.150000006,0.454545468,,,0.161172152,0.193406582,0.32902953,0.272270054,15.9167824,4.1880002,0,,,0,1
131007634,0.150000006,0.466666669,,,0.169230759,0.193406582,0.326165169,0.274263084,15.907692,4.19000006,0,,,0,1
131008795,0.150000006,0.51111114,,,0.185347974,0.177289367,0.324036002,0.275786877,15.9031467,4.19000006,0,,,0,1
131009958,0.150000006,0.486486495,,,0.145054936,0.153113544,0.322960198,0.276570946,15.9031467,4.19200039,0,,,0,1
131011123,0.150000006,0.444444448,,,0.128937721,0.161172152,0.321491659,0.277657121,15.907692,4.19200039,0,,,0,1
131012287,0.150000006,0.419354826,,,0.104761899,0.145054936,0.318341225,0.280050725,15.9122372,4.19499969,0,,,0,1
131013447,0.150000006,0.520833313,,,0.201465189,0.185347974,0.31511423,0.282596618,15.9167824,4.19499969,0,,,0,1
131014610,0.150000006,0.545454562,,,0.193406582,0.161172152,0.314289242,0.283263415,15.9031467,4.19700003,0,,,0,1
131015771,0.150000006,0.477272719,,,0.169230759,0.185347974,0.314827144,0.282827884,15.9031467,4.19700003,0,,,0,1
131016935,0.150000006,0.524999976,,,0.169230759,0.153113544,0.31521216,0.28251788,15.907692,4.19899988,0,,,0,1
131018095,0.150000006,0.485714287,,,0.136996329,0.145054936,0.315544188,0.282251745,15.907692,4.19899988,0,,,0,1
131019258,0.150000006,0.5,,,0.177289367,0.177289367,0.315577328,0.282225192,15.9167824,4.20200014,0,,,0,1
131020419,0.150000006,0.510638297,,,0.193406582,0.185347974,0.315611064,0.282198191,15.907692,4.20200014,0,,,0,1
131021582,0.150000006,0.5,,,0.169230759,0.169230759,0.315876842,0.281986058,15.9031467,4.204,0,,,0,1
131022747,0.150000006,0.512820542,,,0.161172152,0.153113544,0.316244096,0.281694055,15.9031467,4.204,0,,,0,1
131023911,0.150000006,0.470588237,,,0.128937721,0.145054936,0.31626907,0.281674236,15.907692,4.20599985,0,,,0,1
131025071,0.150000006,0.484848499,,,0.128937721,0.136996329,0.315510541,0.282278627,15.907692,4.20599985,0,,,0,1
131026235,0.150000006,0.523809552,,,0.177289367,0.161172152,0.314957052,0.282723129,15.9122372,4.20900011,0,,,0,1
131027395,0.150000006,0.571428597,,,0.225641012,0.169230759,0.316153318,0.281766117,15.907692,4.20900011,0,,,0,1
131028763,0.150000006,0.510204077,,,0.201465189,0.193406582,0.318599939,0.279850811,15.9031467,4.21099997,0,,,0,1
131029924,0.150000006,0.5,,,0.177289367,0.177289367,0.320412606,0.278467029,15.9031467,4.21099997,0,,,0,1
131031088,0.150000006,0.5,,,0.145054936,0.145054936,0.321224421,0.277856737,15.8986015,4.21399975,0,,,0,1
131032248,0.150000006,0.543478251,,,0.201465189,0.169230759,0.322205067,0.277127147,15.907692,4.21399975,0,,,0,1
131033411,0.150000006,0.45714286,,,0.128937721,0.153113544,0.323007911,0.276536018,15.9122372,4.2159996,0,,,0,1
131034576,0.150000006,0.585365832,,,0.193406582,0.136996329,0.323934883,0.275860131,15.9167824,4.2159996,0,,,0,1
131035740,0.150000006,0.543478251,,,0.201465189,0.169230759,0.326622248,0.273940742,15.907692,4.21799994,0,,,0,1
131036900,0.150000006,0.477272719,,,0.169230759,0.185347974,0.32920745,0.272148311,15.9031467,4.21799994,0,,,0,1
131038064,0.150000006,0.476190478,,,0.161172152,0.177289367,0.329683632,0.271823764,15.8986015,4.22099972,0,,,0,1
131039224,0.150000006,0.46875,,,0.120879114,0.136996329,0.328640133,0.272537261,15.9031467,4.22099972,0,,,0,1
131040387,0.150000006,0.526315808,,,0.161172152,0.145054936,0.327671736,0.27320683,15.907692,4.22300005,0,,,0,1
131041548,0.150000006,0.5,,,0.161172152,0.161172152,0.327650309,0.273221731,15.9122372,4.22300005,0,,,0,1
131042711,0.150000006,0.5,,,0.177289367,0.177289367,0.327869445,0.27306959,15.9167824,4.2249999,0,,,0,1
131043871,0.150000006,0.510638297,,,0.193406582,0.185347974,0.328098953,0.272910535,15.907692,4.2249999,0,,,0,1
131045039,0.150000006,0.5,,,0.177289367,0.177289367,0.328460008,0.272661239,15.9031467,4.22800016,0,,,0,1
131046200,0.150000006,0.487179488,,,0.153113544,0.161172152,0.328505009,0.272630244,15.9031467,4.22800016,0,,,0,1
131047363,0.150000006,0.459459454,,,0.136996329,0.161172152,0.327598959,0.273257464,15.8986015,4.23000002,0,,,0,1
131048524,0.150000006,0.5,,,0.136996329,0.136996329,0.326149583,0.274274141,15.907692,4.23000002,0,,,0,1
131049891,0.150000006,0.382352948,,,0.104761899,0.169230759,0.323496312,0.276179016,15.907692,4.23200035,0,,,0,1
131051051,0.150000006,0.581395328,,,0.201465189,0.145054936,0.320867151,0.27812463,15.9167824,4.23200035,0,,,0,1
131052215,0.150000006,0.51111114,,,0.185347974,0.177289367,0.320879608,0.278115273,15.9122372,4.23499966,0,,,0,1
131053375,0.150000006,0.555555582,,,0.201465189,0.161172152,0.322657287,0.27679348,15.907692,4.23499966,0,,,0,1
131054539,0.150000006,0.476190478,,,0.161172152,0.177289367,0.324380308,0.275537968,15.9031467,4.23699999,0,,,0,1
131055699,0.150000006,0.428571433,,,0.120879114,0.161172152,0.323959202,0.275842518,15.9031467,4.23699999,0,,,0,1
131056868,0.150000006,0.419354826,,,0.104761899,0.145054936,0.320731252,0.278226793,15.8986015,4.23899984,0,,,0,1
131058028,0.150000006,0.5,,,0.153113544,0.153113544,0.317042202,0.281063795,15.9031467,4.23899984,0,,,0,1
131059192,0.150000006,0.533333361,,,0.193406582,0.169230759,0.315404087,0.282363921,15.9122372,4.2420001,0,,,0,1
131060352,0.150000006,0.520833313,,,0.201465189,0.185347974,0.315782785,0.28206107,15.9167824,4.2420001,0,,,0,1
131061516,0.150000006,0.540000021,,,0.217582405,0.185347974,0.317209274,0.280932605,15.907692,4.24399996,0,,,0,1
131062676,0.150000006,0.489361703,,,0.185347974,0.193406582,0.318714619,0.279762357,15.9031467,4.24399996,0,,,0,1
131063840,0.150000006,0.476190478,,,0.161172152,0.177289367,0.319075853,0.279484659,15.8986015,4.24600029,0,,,0,1
131065000,0.150000006,0.488372087,,,0.169230759,0.177289367,0.318419635,0.279990047,15.8986015,4.24600029,0,,,0,1
131066163,0.150000006,0.590909064,,,0.209523797,0.145054936,0.319000036,0.279542834,15.907692,4.24900007,0,,,0,1
131067323,0.150000006,0.485714287,,,0.136996329,0.145054936,0.321044743,0.277991325,15.9122372,4.24900007,0,,,0,1
131068491,0.150000006,0.526315808,,,0.161172152,0.145054936,0.322679728,0.276776999,15.907692,4.2510004,0,,,0,1
131069856,0.150000006,0.547619045,,,0.185347974,0.153113544,0.324518114,0.275438607,15.9122372,4.2510004,0,,,0,1
131071019,0.150000006,0.53191489,,,0.201465189,0.177289367,0.327148348,0.273571759,15.9167824,4.25300026,0,,,0,1
131072180,0.150000006,0.489361703,,,0.185347974,0.193406582,0.329244733,0.27212283,15.907692,4.25300026,0,,,0,1
131073343,0.150000006,0.5,,,0.209523797,0.209523797,0.330114365,0.271531641,15.9031467,4.25600004,0,,,0,1
131074503,0.150000006,0.51111114,,,0.185347974,0.177289367,0.330551535,0.271236598,15.8986015,4.25600004,0,,,0,1
131075667,0.150000006,0.51219511,,,0.169230759,0.161172152,0.331205696,0.270797729,15.8986015,4.2579999,0,,,0,1
131076827,0.150000006,0.5,,,0.136996329,0.136996329,0.331869274,0.270355731,15.9031467,4.2579999,0,,,0,1
131077991,0.150000006,0.586956501,,,0.217582405,0.153113544,0.33359015,0.269224316,15.907692,4.25999975,0,,,0,1
131079152,0.150000006,0.40625,,,0.104761899,0.153113544,0.335026205,0.268296182,15.907692,4.25999975,0,,,0,1
131080320,0.150000006,0.478260875,,,0.177289367,0.193406582,0.333683848,0.269163311,15.9031467,4.26300001,0,,,0,1
131081480,0.150000006,0.53061223,,,0.209523797,0.185347974,0.332214445,0.270127088,15.907692,4.26300001,0,,,0,1
131082644,0.150000006,0.456521749,,,0.169230759,0.201465189,0.331583738,0.270545512,15.9122372,4.26499987,0,,,0,1
131083805,0.150000006,0.456521749,,,0.169230759,0.201465189,0.329832971,0.271722347,15.907692,4.26499987,0,,,0,1
131084968,0.150000006,0.510638297,,,0.193406582,0.185347974,0.327836812,0.27309218,15.9031467,4.2670002,0,,,0,1
131086129,0.150000006,0.540000021,,,0.217582405,0.185347974,0.327540189,0.273298353,15.8986015,4.2670002,0,,,0,1
131087292,0.150000006,0.533333361,,,0.193406582,0.169230759,0.328985125,0.272300482,15.8986015,4.26999998,0,,,0,1
131088452,0.150000006,0.553191483,,,0.209523797,0.169230759,0.331541181,0.270573854,15.8986015,4.26999998,0,,,0,1
131089616,0.150000006,0.421052635,,,0.128937721,0.177289367,0.332984447,0.269620091,15.9031467,4.27200031,0,,,0,1
131090980,0.150000006,0.538461566,,,0.169230759,0.145054936,0.332666427,0.269829005,15.9031467,4.27200031,0,,,0,1
131092148,0.150000006,0.461538464,,,0.145054936,0.169230759,0.332201183,0.27013585,15.907692,4.27499962,0,,,0,1
131093308,0.150000006,0.520833313,,,0.201465189,0.185347974,0.331759721,0.270428449,15.9031467,4.27499962,0,,,0,1
131094471,0.150000006,0.487179488,,,0.153113544,0.161172152,0.331523448,0.270585656,15.9122372,4.27699995,0,,,0,1
131095631,0.150000006,0.478260875,,,0.177289367,0.193406582,0.330985636,0.270945013,15.907692,4.27699995,0,,,0,1
131096795,0.150000006,0.509433985,,,0.217582405,0.209523797,0.330242544,0.271444976,15.907692,4.27899981,0,,,0,1
131097955,0.150000006,0.519999981,,,0.209523797,0.193406582,0.330300927,0.271405548,15.9122372,4.27899981,0,,,0,1
131099118,0.150000006,0.510638297,,,0.193406582,0.185347974,0.331065774,0.270891309,15.907692,4.28200006,0,,,0,1
131100278,0.150000006,0.5,,,0.193406582,0.193406582,0.331806809,0.270397216,15.9031467,4.28200006,0,,,0,1
131101442,0.150000006,0.456521749,,,0.169230759,0.201465189,0.331530064,0.270581275,15.8986015,4.28399992,0,,,0,1
131102602,0.150000006,0.479166657,,,0.185347974,0.201465189,0.330028772,0.271589547,15.8986015,4.28399992,0,,,0,1
131103770,0.150000006,0.428571433,,,0.145054936,0.193406582,0.327467918,0.273348659,15.8940573,4.28600025,0,,,0,1
131104930,0.150000006,0.424242437,,,0.112820506,0.153113544,0.323456347,0.276208133,15.8986015,4.28600025,0,,,0,1
131106094,0.150000006,0.514285743,,,0.145054936,0.136996329,0.319705009,0.279003739,15.8986015,4.28900003,0,,,0,1
131107254,0.150000006,0.552631557,,,0.169230759,0.136996329,0.318680108,0.279788971,15.907692,4.28900003,0,,,0,1
131108418,0.150000006,0.536585391,,,0.177289367,0.153113544,0.320113182,0.278693587,15.8986015,4.29100037,0,,,0,1
131109578,0.150000006,0.487179488,,,0.153113544,0.161172152,0.321771204,0.277448952,15.907692,4.29100037,0,,,0,1
131110742,0.150000006,0.510204077,,,0.201465189,0.193406582,0.322588474,0.276844174,15.907692,4.29300022,0,,,0,1
131112107,0.150000006,0.534883738,,,0.185347974,0.161172152,0.3235704,0.276125044,15.9031467,4.29300022,0,,,0,1
131113270,0.150000006,0.5,,,0.185347974,0.185347974,0.324902624,0.27516222,15.9167824,4.296,0,,,0,1
131114431,0.150000006,0.51219511,,,0.169230759,0.161172152,0.325916111,0.274439454,15.9122372,4.296,0,,,0,1
131115598,0.150000006,0.521739125,,,0.193406582,0.177289367,0.326940149,0.273717493,15.907692,4.29799986,0,,,0,1
131116759,0.150000006,0.5,,,0.193406582,0.193406582,0.32800132,0.272978157,15.9122372,4.29799986,0,,,0,1
131117922,0.150000006,0.547169805,,,0.23369962,0.193406582,0.3293311,0.272063881,15.9122372,4.29999971,0,,,0,1
131119083,0.150000006,0.529411793,,,0.217582405,0.193406582,0.331485897,0.27061066,15.907692,4.29999971,0,,,0,1
131120246,0.150000006,0.528301895,,,0.225641012,0.201465189,0.333971202,0.268976629,15.9122372,4.30299997,0,,,0,1
131121406,0.150000006,0.479999989,,,0.193406582,0.209523797,0.335644156,0.267901182,15.907692,4.30299997,0,,,0,1
131122569,0.150000006,0.4909091,,,0.217582405,0.225641012,0.335937202,0.267714798,15.8986015,4.30499983,0,,,0,1
131123730,0.150000006,0.444444448,,,0.193406582,0.241758227,0.334773391,0.268458515,15.8986015,4.30499983,0,,,0,1
131124893,0.150000006,0.478260875,,,0.177289367,0.193406582,0.332506984,0.269933969,15.8940573,4.30700016,0,,,0,1
131126058,0.150000006,0.490196079,,,0.201465189,0.209523797,0.330417156,0.271327108,15.8940573,4.30700016,0,,,0,1
131127221,0.150000006,0.5,,,0.193406582,0.193406582,0.32916218,0.272179246,15.8986015,4.30999994,0,,,0,1
131128381,0.150000006,0.5,,,0.185347974,0.185347974,0.328558236,0.272593588,15.8986015,4.30999994,0,,,0,1
131129545,0.150000006,0.459459454,,,0.136996329,0.161172152,0.327699751,0.273187369,15.8986015,4.31200027,0,,,0,1
131130705,0.150000006,0.523809552,,,0.177289367,0.161172152,0.326725096,0.273868471,15.8986015,4.31200027,0,,,0,1
131131869,0.150000006,0.382352948,,,0.104761899,0.169230759,0.324815243,0.275224924,15.8986015,4.31400013,0,,,0,1
131133233,0.150000006,0.488372087,,,0.169230759,0.177289367,0.321320862,0.277784616,15.8986015,4.31400013,0,,,0,1
131134396,0.150000006,0.48780489,,,0.161172152,0.169230759,0.318504035,0.27992484,15.8986015,4.31699991,0,,,0,1
131135557,0.150000006,0.536585391,,,0.177289367,0.153113544,0.317560941,0.280657381,15.907692,4.31699991,0,,,0,1
131136720,0.150000006,0.515151501,,,0.136996329,0.128937721,0.318093866,0.280242413,15.9031467,4.31899977,0,,,0,1
131137885,0.150000006,0.48888889,,,0.177289367,0.185347974,0.318797261,0.27969873,15.9031467,4.31899977,0,,,0,1
131139049,0.150000006,0.534883738,,,0.185347974,0.161172152,0.319432229,0.279211789,15.907692,4.32200003,0,,,0,1
131140209,0.150000006,0.522727251,,,0.185347974,0.169230759,0.32074073,0.2782197,15.907692,4.32200003,0,,,0,1
131141372,0.150000006,0.520833313,,,0.201465189,0.185347974,0.322405457,0.276979119,15.907692,4.32399988,0,,,0,1
131142533,0.150000006,0.547619045,,,0.185347974,0.153113544,0.324453354,0.275485247,15.907692,4.32399988,0,,,0,1
131143696,0.150000006,0.46938777,,,0.185347974,0.209523797,0.326160997,0.274266064,15.907692,4.32600021,0,,,0,1
131144856,0.150000006,0.509803951,,,0.209523797,0.201465189,0.326674879,0.273903728,15.907692,4.32600021,0,,,0,1
131146019,0.150000006,0.538461566,,,0.225641012,0.193406582,0.327426761,0.273377359,15.907692,4.32800007,0,,,0,1
131147180,0.150000006,0.5090909,,,0.225641012,0.217582405,0.328916967,0.272347152,15.907692,4.32800007,0,,,0,1
131148343,0.150000006,0.5,,,0.225641012,0.225641012,0.330069929,0.271561712,15.907692,4.33100033,0,,,0,1
131149508,0.150000006,0.5,,,0.217582405,0.217582405,0.33061108,0.271196485,15.9122372,4.33100033,0,,,0,1
131150671,0.150000006,0.462962955,,,0.201465189,0.23369962,0.330275923,0.271422416,15.907692,4.33300018,0,,,0,1
131151831,0.150000006,0.472727269,,,0.209523797,0.23369962,0.32882154,0.272412598,15.907692,4.33300018,0,,,0,1
131152995,0.150000006,0.471698105,,,0.201465189,0.225641012,0.326832443,0.273793042,15.9031467,4.33500004,0,,,0,1
131154359,0.150000006,0.518518507,,,0.225641012,0.209523797,0.325408369,0.27480045,15.907692,4.33500004,0,,,0,1
131155523,0.150000006,0.518518507,,,0.225641012,0.209523797,0.325306058,0.274873495,15.907692,4.33799982,0,,,0,1
131156684,0.150000006,0.509433985,,,0.217582405,0.209523797,0.326004267,0.274376959,15.9122372,4.33799982,0,,,0,1
131157848,0.150000006,0.489795923,,,0.193406582,0.201465189,0.326505601,0.274022877,15.907692,4.34000015,0,,,0,1
131159008,0.150000006,0.4909091,,,0.217582405,0.225641012,0.326409072,0.274090886,15.907692,4.34000015,0,,,0,1
131160172,0.150000006,0.526315808,,,0.241758227,0.217582405,0.326459169,0.274055541,15.907692,4.34299994,0,,,0,1
131161337,0.150000006,0.517241359,,,0.241758227,0.225641012,0.327301145,0.273465008,15.907692,4.34299994,0,,,0,1
131162501,0.150000006,0.491228074,,,0.225641012,0.23369962,0.328226745,0.272822171,15.907692,4.34500027,0,,,0,1
131163661,0.150000006,0.5,,,0.209523797,0.209523797,0.328712195,0.27248773,15.907692,4.34500027,0,,,0,1
131164824,0.150000006,0.490196079,,,0.201465189,0.209523797,0.328919947,0.272345096,15.907692,4.34700012,0,,,0,1
131165984,0.150000006,0.5,,,0.217582405,0.217582405,0.329047114,0.272257984,15.9031467,4.34700012,0,,,0,1
131167148,0.150000006,0.491228074,,,0.225641012,0.23369962,0.329274625,0.272102445,15.907692,4.35000038,0,,,0,1
131168308,0.150000006,0.4909091,,,0.217582405,0.225641012,0.329553813,0.271912068,15.9031467,4.35000038,0,,,0,1
131169472,0.150000006,0.482758611,,,0.225641012,0.241758227,0.329771727,0.271763891,15.9031467,4.35200024,0,,,0,1
131170632,0.150000006,0.491525412,,,0.23369962,0.241758227,0.330068797,0.271562487,15.9031467,4.35200024,0,,,0,1
131171796,0.150000006,0.5,,,0.217582405,0.217582405,0.330799162,0.271070063,15.907692,4.35400009,0,,,0,1
131172961,0.150000006,0.5,,,0.225641012,0.225641012,0.332070619,0.270222217,15.9031467,4.35400009,0,,,0,1
131174124,0.150000006,0.5,,,0.241758227,0.241758227,0.333769172,0.269107819,15.907692,4.35699987,0,,,0,1
131175489,0.150000006,0.518518507,,,0.225641012,0.209523797,0.336075455,0.26762706,15.9122372,4.35699987,0,,,0,1
131176652,0.150000006,0.490566045,,,0.209523797,0.217582405,0.338721514,0.265972465,15.907692,4.35899973,0,,,0,1
131177813,0.150000006,0.479999989,,,0.193406582,0.209523797,0.34077242,0.264721453,15.9122372,4.35899973,0,,,0,1
131178977,0.150000006,0.489361703,,,0.185347974,0.193406582,0.342102528,0.26392433,15.9122372,4.36100006,0,,,0,1
131180137,0.150000006,0.470588237,,,0.193406582,0.217582405,0.342906743,0.263447672,15.907692,4.36100006,0,,,0,1
131181300,0.150000006,0.479166657,,,0.185347974,0.201465189,0.343160242,0.263298184,15.9031467,4.36399984,0,,,0,1
131182461,0.150000006,0.490566045,,,0.209523797,0.217582405,0.343385696,0.263165653,15.9031467,4.36399984,0,,,0,1
131183624,0.150000006,0.479166657,,,0.185347974,0.201465189,0.343777895,0.262935758,15.907692,4.36600018,0,,,0,1
131184789,0.150000006,0.5,,,0.201465189,0.201465189,0.34431234,0.262623966,15.9031467,4.36600018,0,,,0,1
131185953,0.150000006,0.5,,,0.169230759,0.169230759,0.345219672,0.262098551,15.907692,4.36800003,0,,,0,1
131187113,0.150000006,0.46938777,,,0.185347974,0.209523797,0.345820904,0.261753052,15.9031467,4.36800003,0,,,0,1
131188276,0.150000006,0.454545468,,,0.161172152,0.193406582,0.345092654,0.262171805,15.907692,4.37100029,0,,,0,1
131189436,0.150000006,0.479166657,,,0.185347974,0.201465189,0.343444586,0.263131052,15.8986015,4.37100029,0,,,0,1
131190600,0.150000006,0.478260875,,,0.177289367,0.193406582,0.341852099,0.264073551,15.9031467,4.37300014,0,,,0,1
131191760,0.150000006,0.466666669,,,0.169230759,0.193406582,0.34018597,0.265076458,15.9031467,4.37300014,0,,,0,1
131192923,0.150000006,0.441860467,,,0.153113544,0.193406582,0.33762455,0.266652763,15.9031467,4.375,0,,,0,1
131194083,0.150000006,0.477272719,,,0.169230759,0.185347974,0.334459841,0.268660516,15.9031467,4.375,0,,,0,1
131195251,0.150000006,0.477272719,,,0.169230759,0.185347974,0.331750721,0.270434439,15.907692,4.37799978,0,,,0,1
131196616,0.150000006,0.519999981,,,0.209523797,0.193406582,0.330216348,0.271462679,15.8940573,4.37799978,0,,,0,1
131197779,0.150000006,0.46808511,,,0.177289367,0.201465189,0.329393327,0.272021443,15.8986015,4.38000011,0,,,0,1
131198939,0.150000006,0.479999989,,,0.193406582,0.209523797,0.328151911,0.272873908,15.8940573,4.38000011,0,,,0,1
131200103,0.150000006,0.48888889,,,0.177289367,0.185347974,0.326713324,0.273876697,15.8940573,4.3829999,0,,,0,1
131201263,0.150000006,0.479999989,,,0.193406582,0.209523797,0.325417012,0.27479434,15.8849669,4.3829999,0,,,0,1
131202427,0.150000006,0.538461566,,,0.225641012,0.193406582,0.324885756,0.27517432,15.8895121,4.38500023,0,,,0,1
131203587,0.150000006,0.5,,,0.241758227,0.241758227,0.325420618,0.274791747,15.8895121,4.38500023,0,,,0,1
131204751,0.150000006,0.490196079,,,0.201465189,0.209523797,0.325844854,0.274489969,15.8986015,4.38700008,0,,,0,1
131205911,0.150000006,0.528301895,,,0.225641012,0.201465189,0.326260537,0.274195701,15.8986015,4.38700008,0,,,0,1
131207079,0.150000006,0.481481493,,,0.209523797,0.225641012,0.326931357,0.273723692,15.8986015,4.39000034,0,,,0,1
131208240,0.150000006,0.491525412,,,0.23369962,0.241758227,0.327191561,0.27354154,15.9031467,4.39000034,0,,,0,1
131209403,0.150000006,0.481481493,,,0.209523797,0.225641012,0.327117205,0.273593515,15.8986015,4.3920002,0,,,0,1
131210564,0.150000006,0.483870953,,,0.241758227,0.257875443,0.326975703,0.273692608,15.9031467,4.3920002,0,,,0,1
131211727,0.150000006,0.4909091,,,0.217582405,0.225641012,0.32703951,0.273647904,15.907692,4.39400005,0,,,0,1
131212887,0.150000006,0.517857134,,,0.23369962,0.217582405,0.327890247,0.273055136,15.9122372,4.39400005,0,,,0,1
131214051,0.150000006,0.516666651,,,0.249816835,0.23369962,0.329891235,0.271682799,15.907692,4.39699984,0,,,0,1
131215211,0.150000006,0.5,,,0.225641012,0.225641012,0.332489431,0.269945562,15.9122372,4.39699984,0,,,0,1
131216374,0.150000006,0.482142866,,,0.217582405,0.23369962,0.334735423,0.268482983,15.907692,4.39900017,0,,,0,1
131217738,0.150000006,0.490196079,,,0.201465189,0.209523797,0.336404264,0.267418921,15.8986015,4.39900017,0,,,0,1
131218906,0.150000006,0.400000006,,,0.128937721,0.193406582,0.336312026,0.267477214,15.8986015,4.40100002,0,,,0,1
131220067,0.150000006,0.465116292,,,0.161172152,0.185347974,0.334049135,0.268926084,15.8940573,4.40100002,0,,,0,1
131221230,0.150000006,0.439999998,,,0.177289367,0.225641012,0.33124274,0.270772964,15.8895121,4.40400028,0,,,0,1
131222390,0.150000006,0.489795923,,,0.193406582,0.201465189,0.328957766,0.272319198,15.8940573,4.40400028,0,,,0,1
131223553,0.150000006,0.481481493,,,0.209523797,0.225641012,0.327717602,0.273174971,15.8895121,4.40600014,0,,,0,1
131224713,0.150000006,0.490566045,,,0.209523797,0.217582405,0.327340096,0.273437858,15.8940573,4.40600014,0,,,0,1
131225877,0.150000006,0.482142866,,,0.217582405,0.23369962,0.327382624,0.273408175,15.8986015,4.40799999,0,,,0,1
131227037,0.150000006,0.474576265,,,0.225641012,0.249816835,0.327504396,0.273323298,15.8986015,4.40799999,0,,,0,1
131228201,0.150000006,0.483870953,,,0.241758227,0.257875443,0.327729911,0.273166388,15.9031467,4.41100025,0,,,0,1
131229361,0.150000006,0.483870953,,,0.241758227,0.257875443,0.328382164,0.272714913,15.9031467,4.41100025,0,,,0,1
131230529,0.150000006,0.5,,,0.257875443,0.257875443,0.329756558,0.271774203,15.907692,4.41300011,0,,,0,1
131231689,0.150000006,0.5,,,0.217582405,0.217582405,0.331969768,0.270289093,15.907692,4.41300011,0,,,0,1
131232853,0.150000006,0.5,,,0.209523797,0.209523797,0.334690154,0.2685121,15.907692,4.41499996,0,,,0,1
131234013,0.150000006,0.5090909,,,0.225641012,0.217582405,0.337769866,0.266562223,15.9031467,4.41499996,0,,,0,1
131235176,0.150000006,0.5,,,0.217582405,0.217582405,0.341158807,0.264488727,15.9031467,4.41799974,0,,,0,1
131236337,0.150000006,0.490566045,,,0.209523797,0.217582405,0.344411403,0.262566358,15.8940573,4.41799974,0,,,0,1
131237500,0.150000006,0.461538464,,,0.193406582,0.225641012,0.346778959,0.261206836,15.9031467,4.42000008,0,,,0,1
131238864,0.150000006,0.439999998,,,0.177289367,0.225641012,0.34748897,0.260805458,15.8940573,4.42000008,0,,,0,1
131240028,0.150000006,0.452830195,,,0.193406582,0.23369962,0.34681648,0.261185557,15.8940573,4.42199993,0,,,0,1
131241188,0.150000006,0.457627118,,,0.217582405,0.257875443,0.345870018,0.261724889,15.8940573,4.42199993,0,,,0,1
131242356,0.150000006,0.474576265,,,0.225641012,0.249816835,0.345484614,0.261946052,15.8986015,4.42500019,0,,,0,1
131243517,0.150000006,0.446153849,,,0.23369962,0.290109873,0.345530927,0.261919409,15.9031467,4.42500019,0,,,0,1
131244680,0.150000006,0.456140339,,,0.209523797,0.249816835,0.345485151,0.261945724,15.907692,4.42700005,0,,,0,1
131245841,0.150000006,0.456140339,,,0.209523797,0.249816835,0.345457613,0.261961579,15.907692,4.42700005,0,,,0,1
131247004,0.150000006,0.456140339,,,0.209523797,0.249816835,0.34558785,0.261886716,15.907692,4.4289999,0,,,0,1
131248164,0.150000006,0.471698105,,,0.201465189,0.225641012,0.346042216,0.261626363,15.9031467,4.4289999,0,,,0,1
131249328,0.150000006,0.460000008,,,0.185347974,0.217582405,0.346789062,0.261201084,15.9031467,4.43200016,0,,,0,1
131250488,0.150000006,0.470588237,,,0.193406582,0.217582405,0.347566396,0.260761827,15.9031467,4.43200016,0,,,0,1
131251652,0.150000006,0.466666669,,,0.169230759,0.193406582,0.3483226,0.26033777,15.8986015,4.43400002,0,,,0,1
131252812,0.150000006,0.466666669,,,0.169230759,0.193406582,0.348865896,0.260035127,15.8940573,4.43400002,0,,,0,1
131253980,0.150000006,0.464285702,,,0.209523797,0.241758227,0.349137217,0.259884566,15.8940573,4.43599987,0,,,0,1
131255140,0.150000006,0.452830195,,,0.193406582,0.23369962,0.349080771,0.259915859,15.8895121,4.43599987,0,,,0,1
131256304,0.150000006,0.449999988,,,0.217582405,0.26593405,0.348581135,0.260193557,15.8895121,4.43900013,0,,,0,1
131257464,0.150000006,0.457627118,,,0.217582405,0.257875443,0.347979486,0.260529786,15.8940573,4.43900013,0,,,0,1
131258831,0.150000006,0.490566045,,,0.209523797,0.217582405,0.348147362,0.26043576,15.907692,4.44099998,0,,,0,1
131259992,0.150000006,0.490566045,,,0.209523797,0.217582405,0.349574298,0.259642959,15.9031467,4.44099998,0,,,0,1
131261155,0.150000006,0.479166657,,,0.185347974,0.201465189,0.351570845,0.258552402,15.9031467,4.44400024,0,,,0,1
131262315,0.150000006,0.461538464,,,0.193406582,0.225641012,0.353082836,0.257740676,15.8940573,4.44400024,0,,,0,1
131263478,0.150000006,0.450980395,,,0.185347974,0.225641012,0.353559583,0.257487208,15.8940573,4.4460001,0,,,0,1
131264639,0.150000006,0.480769217,,,0.201465189,0.217582405,0.353620708,0.257454813,15.8895121,4.4460001,0,,,0,1
131265807,0.150000006,0.454545468,,,0.201465189,0.241758227,0.353788167,0.257366121,15.8940573,4.44799995,0,,,0,1
131266967,0.150000006,0.459016383,,,0.225641012,0.26593405,0.35373652,0.257393479,15.8940573,4.44799995,0,,,0,1
131268130,0.150000006,0.475409836,,,0.23369962,0.257875443,0.353916168,0.25729844,15.8986015,4.45100021,0,,,0,1
131269291,0.150000006,0.441176474,,,0.241758227,0.306227088,0.354367197,0.257060587,15.9031467,4.45100021,0,,,0,1
131270454,0.150000006,0.453125,,,0.23369962,0.282051265,0.35459426,0.256941229,15.907692,4.45300007,0,,,0,1
131271614,0.150000006,0.490566045,,,0.209523797,0.217582405,0.35548389,0.256476134,15.907692,4.45300007,0,,,0,1
131272777,0.150000006,0.472727269,,,0.209523797,0.23369962,0.357501835,0.255435884,15.8986015,4.45499992,0,,,0,1
131273938,0.150000006,0.460000008,,,0.185347974,0.217582405,0.35954991,0.254400462,15.8940573,4.45499992,0,,,0,1
131275101,0.150000006,0.431372553,,,0.177289367,0.23369962,0.360425681,0.253963828,15.8895121,4.45799971,0,,,0,1
131276266,0.150000006,0.444444448,,,0.193406582,0.241758227,0.360037386,0.254157007,15.8940573,4.45799971,0,,,0,1
131277430,0.150000006,0.452830195,,,0.193406582,0.23369962,0.359350502,0.254500419,15.8940573,4.46000004,0,,,0,1
131278590,0.150000006,0.433333337,,,0.209523797,0.273992658,0.358616143,0.254870057,15.8986015,4.46000004,0,,,0,1
131279958,0.150000006,0.446428567,,,0.201465189,0.249816835,0.35768801,0.255340934,15.9031467,4.46199989,0,,,0,1
131281118,0.150000006,0.428571433,,,0.193406582,0.257875443,0.356583089,0.255906969,15.8986015,4.46199989,0,,,0,1
131282282,0.150000006,0.464285702,,,0.209523797,0.241758227,0.355690211,0.256368846,15.8940573,4.46500015,0,,,0,1
131283443,0.150000006,0.434782594,,,0.161172152,0.209523797,0.35511145,0.256670356,15.8940573,4.46500015,0,,,0,1
131284607,0.150000006,0.462962955,,,0.201465189,0.23369962,0.354558617,0.256959945,15.8895121,4.46700001,0,,,0,1
131285767,0.150000006,0.440677971,,,0.209523797,0.26593405,0.354134083,0.257183373,15.8940573,4.46700001,0,,,0,1
131286931,0.150000006,0.444444448,,,0.225641012,0.282051265,0.353663892,0.257431895,15.8986015,4.46899986,0,,,0,1
131288096,0.150000006,0.430769235,,,0.225641012,0.29816848,0.353008837,0.257780135,15.9031467,4.46899986,0,,,0,1
131289260,0.150000006,0.472727269,,,0.209523797,0.23369962,0.352805078,0.257888883,15.907692,4.47200012,0,,,0,1
131290420,0.150000006,0.461538464,,,0.193406582,0.225641012,0.353575766,0.257478625,15.9031467,4.47200012,0,,,0,1
131291583,0.150000006,0.450980395,,,0.185347974,0.225641012,0.354564458,0.256956875,15.8986015,4.47399998,0,,,0,1
131292744,0.150000006,0.444444448,,,0.193406582,0.241758227,0.355023146,0.25671652,15.8940573,4.47399998,0,,,0,1
131293907,0.150000006,0.438596487,,,0.201465189,0.257875443,0.354893565,0.25678432,15.8804216,4.47599983,0,,,0,1
131295067,0.150000006,0.483870953,,,0.241758227,0.257875443,0.355186254,0.256631285,15.8940573,4.47599983,0,,,0,1
131296230,0.150000006,0.416666657,,,0.201465189,0.282051265,0.355832666,0.256294876,15.8940573,4.47900009,0,,,0,1
131297391,0.150000006,0.461538464,,,0.241758227,0.282051265,0.356104851,0.256153852,15.9031467,4.47900009,0,,,0,1
131298554,0.150000006,0.475409836,,,0.23369962,0.257875443,0.357216388,0.255581826,15.907692,4.48099995,0,,,0,1
131299719,0.150000006,0.472727269,,,0.209523797,0.23369962,0.359591365,0.254379719,15.8986015,4.48099995,0,,,0,1
131301087,0.150000006,0.436363637,,,0.193406582,0.249816835,0.361825705,0.253273338,15.8940573,4.48400021,0,,,0,1
131302247,0.150000006,0.428571433,,,0.193406582,0.257875443,0.362743229,0.252825707,15.8986015,4.48400021,0,,,0,1
131303411,0.150000006,0.449999988,,,0.217582405,0.26593405,0.362938821,0.252730757,15.9031467,4.48600006,0,,,0,1
131304571,0.150000006,0.444444448,,,0.225641012,0.282051265,0.363422006,0.252496988,15.9031467,4.48600006,0,,,0,1
131305735,0.150000006,0.460317463,,,0.23369962,0.273992658,0.364517748,0.251970738,15.8986015,4.48799992,0,,,0,1
131306895,0.150000006,0.454545468,,,0.201465189,0.241758227,0.366231501,0.251158357,15.8940573,4.48799992,0,,,0,1
131308059,0.150000006,0.442307681,,,0.185347974,0.23369962,0.367902398,0.250378519,15.8895121,4.49100018,0,,,0,1
131309219,0.150000006,0.462962955,,,0.201465189,0.23369962,0.369399071,0.249690011,15.8895121,4.49100018,0,,,0,1
131310383,0.150000006,0.423728824,,,0.201465189,0.273992658,0.370578736,0.249153897,15.8895121,4.49300003,0,,,0,1
131311548,0.150000006,0.432835817,,,0.23369962,0.306227088,0.370958149,0.248982683,15.8986015,4.49300003,0,,,0,1
131312711,0.150000006,0.471428573,,,0.26593405,0.29816848,0.371867239,0.248574808,15.9031467,4.49499989,0,,,0,1
131313872,0.150000006,0.42592594,,,0.185347974,0.249816835,0.373591393,0.247810349,15.907692,4.49499989,0,,,0,1
131315035,0.150000006,0.428571433,,,0.169230759,0.225641012,0.374534667,0.247397035,15.9031467,4.49699974,0,,,0,1
131316195,0.150000006,0.415094346,,,0.177289367,0.249816835,0.374265611,0.247514591,15.8940573,4.49699974,0,,,0,1
131317365,0.150000006,0.408163279,,,0.161172152,0.23369962,0.372868657,0.248129353,15.8895121,4.5,0,,,0,1
131318525,0.150000006,0.44262296,,,0.217582405,0.273992658,0.371251017,0.248850942,15.8895121,4.5,0,,,0,1
131319688,0.150000006,0.459016383,,,0.225641012,0.26593405,0.370964676,0.248979747,15.8986015,4.50199986,0,,,0,1
131320849,0.150000006,0.431034476,,,0.201465189,0.26593405,0.371648371,0.248672739,15.907692,4.50199986,0,,,0,1
131322216,0.150000006,0.462962955,,,0.201465189,0.23369962,0.372611582,0.248243347,15.8986015,4.50500011,0,,,0,1
131323381,0.150000006,0.428571433,,,0.193406582,0.257875443,0.373666346,0.247777387,15.8849669,4.50500011,0,,,0,1
131324545,0.150000006,0.41538462,,,0.217582405,0.306227088,0.373858184,0.247693107,15.8849669,4.50699997,0,,,0,1
131325705,0.150000006,0.400000006,,,0.241758227,0.362637341,0.372870892,0.248128369,15.8986015,4.50699997,0,,,0,1
131326868,0.150000006,0.421875,,,0.217582405,0.29816848,0.371542186,0.248720273,15.9031467,4.50899982,0,,,0,1
131328028,0.150000006,0.467741936,,,0.23369962,0.26593405,0.371578038,0.24870421,15.8986015,4.50899982,0,,,0,1
131329192,0.150000006,0.415094346,,,0.177289367,0.249816835,0.372792423,0.248163164,15.8986015,4.51200008,0,,,0,1
131330352,0.150000006,0.436363637,,,0.193406582,0.249816835,0.37363556,0.247790933,15.8849669,4.51200008,0,,,0,1
131331516,0.150000006,0.410714298,,,0.185347974,0.26593405,0.373821288,0.247709289,15.8895121,4.51399994,0,,,0,1
131332676,0.150000006,0.410714298,,,0.185347974,0.26593405,0.373166442,0.247997656,15.8940573,4.51399994,0,,,0,1
131333840,0.150000006,0.430769235,,,0.225641012,0.29816848,0.37229079,0.248385936,15.9031467,4.51599979,0,,,0,1
131335005,0.150000006,0.469696969,,,0.249816835,0.282051265,0.372898161,0.248116314,15.8986015,4.51599979,0,,,0,1
131336169,0.150000006,0.388888896,,,0.169230759,0.26593405,0.374040574,0.247613087,15.8940573,4.51900005,0,,,0,1
131337330,0.150000006,0.444444448,,,0.193406582,0.241758227,0.374250621,0.247521132,15.8895121,4.51900005,0,,,0,1
131338494,0.150000006,0.438596487,,,0.201465189,0.257875443,0.374722391,0.247315228,15.8940573,4.52099991,0,,,0,1
131339655,0.150000006,0.444444448,,,0.225641012,0.282051265,0.375944823,0.246785596,15.8986015,4.52099991,0,,,0,1
131340818,0.150000006,0.420289844,,,0.23369962,0.322344303,0.377239287,0.246230945,15.9031467,4.52300024,0,,,0,1
131341978,0.150000006,0.428571433,,,0.217582405,0.290109873,0.378236681,0.245807856,15.8986015,4.52300024,0,,,0,1
131343346,0.150000006,0.423728824,,,0.201465189,0.273992658,0.379056662,0.24546279,15.8895121,4.52600002,0,,,0,1
131344506,0.150000006,0.459016383,,,0.225641012,0.26593405,0.380471289,0.244873211,15.8986015,4.52600002,0,,,0,1
131345674,0.150000006,0.462686568,,,0.249816835,0.290109873,0.383407533,0.243672192,15.9031467,4.52799988,0,,,0,1
131346834,0.150000006,0.444444448,,,0.225641012,0.282051265,0.387329996,0.242113903,15.8986015,4.52799988,0,,,0,1
131347998,0.150000006,0.413793117,,,0.193406582,0.273992658,0.390498102,0.240892261,15.8895121,4.52999973,0,,,0,1
131349158,0.150000006,0.406779647,,,0.193406582,0.282051265,0.39190352,0.240360528,15.8804216,4.52999973,0,,,0,1
131350321,0.150000006,0.431034476,,,0.201465189,0.26593405,0.392458111,0.240152404,15.8940573,4.53299999,0,,,0,1
131351481,0.150000006,0.438596487,,,0.201465189,0.257875443,0.393545091,0.239747182,15.8986015,4.53299999,0,,,0,1
131352645,0.150000006,0.453125,,,0.23369962,0.282051265,0.395740032,0.238939837,15.8986015,4.53499985,0,,,0,1
131353805,0.150000006,0.428571433,,,0.193406582,0.257875443,0.398496121,0.237946212,15.8940573,4.53499985,0,,,0,1
131354969,0.150000006,0.413793117,,,0.193406582,0.273992658,0.400422931,0.237264484,15.8895121,4.5369997,0,,,0,1
131356129,0.150000006,0.407407403,,,0.177289367,0.257875443,0.400915444,0.237091914,15.8895121,4.5369997,0,,,0,1
131357297,0.150000006,0.40625,,,0.209523797,0.306227088,0.400373876,0.23728171,15.8940573,4.53999996,0,,,0,1
131358457,0.150000006,0.402985066,,,0.217582405,0.322344303,0.399363339,0.237638086,15.9031467,4.53999996,0,,,0,1
131359620,0.150000006,0.377049178,,,0.185347974,0.306227088,0.397597671,0.238267705,15.8986015,4.54200029,0,,,0,1
131360781,0.150000006,0.418181807,,,0.185347974,0.257875443,0.395444036,0.23904787,15.8940573,4.54200029,0,,,0,1
131361944,0.150000006,0.338983059,,,0.161172152,0.314285696,0.392472953,0.240146831,15.8895121,4.54400015,0,,,0,1
131363104,0.150000006,0.376811594,,,0.209523797,0.346520126,0.387896925,0.241892934,15.8940573,4.54400015,0,,,0,1
131364472,0.150000006,0.433333337,,,0.209523797,0.273992658,0.384366691,0.243286327,15.8986015,4.54699993,0,,,0,1
131365632,0.150000006,0.419354826,,,0.209523797,0.290109873,0.383380443,0.243683115,15.8895121,4.54699993,0,,,0,1
131366796,0.150000006,0.392857134,,,0.177289367,0.273992658,0.382979929,0.243845209,15.8895121,4.54899979,0,,,0,1
131367956,0.150000006,0.431034476,,,0.201465189,0.26593405,0.38248226,0.244047388,15.8986015,4.54899979,0,,,0,1
131369124,0.150000006,0.469696969,,,0.249816835,0.282051265,0.383749604,0.243534192,15.9031467,4.55200005,0,,,0,1
131370285,0.150000006,0.426229507,,,0.209523797,0.282051265,0.386705637,0.242358491,15.9031467,4.55200005,0,,,0,1
131371448,0.150000006,0.407407403,,,0.177289367,0.257875443,0.388911903,0.241499871,15.8895121,4.5539999,0,,,0,1
131372609,0.150000006,0.377049178,,,0.185347974,0.306227088,0.388915747,0.241498396,15.8849669,4.5539999,0,,,0,1
131373772,0.150000006,0.412698418,,,0.209523797,0.29816848,0.387591183,0.242011949,15.8940573,4.55599976,0,,,0,1
131374932,0.150000006,0.465517253,,,0.217582405,0.249816835,0.387708217,0.241966367,15.907692,4.55599976,0,,,0,1
131376096,0.150000006,0.400000006,,,0.193406582,0.290109873,0.389236718,0.24137482,15.8986015,4.55900002,0,,,0,1
131377257,0.150000006,0.409836054,,,0.201465189,0.290109873,0.389925152,0.241110817,15.8940573,4.55900002,0,,,0,1
131378421,0.150000006,0.403225809,,,0.201465189,0.29816848,0.389703155,0.241195753,15.8895121,4.56099987,0,,,0,1
131379581,0.150000006,0.361111104,,,0.209523797,0.370695949,0.38831687,0.24172987,15.9031467,4.56099987,0,,,0,1
131380749,0.150000006,0.434782594,,,0.241758227,0.314285696,0.386714101,0.242355153,15.9031467,4.5630002,0,,,0,1
131381910,0.150000006,0.448275864,,,0.209523797,0.257875443,0.387388915,0.242090866,15.8940573,4.5630002,0,,,0,1
131383074,0.150000006,0.41538462,,,0.217582405,0.306227088,0.389654398,0.241214454,15.8804216,4.56599998,0,,,0,1
131384234,0.150000006,0.347826093,,,0.193406582,0.362637341,0.39024505,0.240988672,15.8895121,4.56599998,0,,,0,1
131385601,0.150000006,0.431034476,,,0.201465189,0.26593405,0.38930589,0.241348222,15.9031467,4.56799984,0,,,0,1
131386762,0.150000006,0.392857134,,,0.177289367,0.273992658,0.38889274,0.241507247,15.8849669,4.56799984,0,,,0,1
131387925,0.150000006,0.428571433,,,0.193406582,0.257875443,0.389026105,0.241455853,15.8849669,4.56999969,0,,,0,1
131389086,0.150000006,0.415584415,,,0.257875443,0.362637341,0.389891267,0.241123766,15.8940573,4.56999969,0,,,0,1
131390249,0.150000006,0.397260278,,,0.23369962,0.354578733,0.391037673,0.240687385,15.8986015,4.57299995,0,,,0,1
131391409,0.150000006,0.428571433,,,0.193406582,0.257875443,0.392257035,0.240227729,15.8986015,4.57299995,0,,,0,1
131392578,0.150000006,0.423728824,,,0.201465189,0.273992658,0.394171655,0.23951523,15.8849669,4.57499981,0,,,0,1
131393738,0.150000006,0.391304344,,,0.217582405,0.338461518,0.395909339,0.238878176,15.8849669,4.57499981,0,,,0,1
131394901,0.150000006,0.445945948,,,0.26593405,0.330402911,0.397770524,0.238205656,15.9031467,4.57700014,0,,,0,1
131396061,0.150000006,0.433333337,,,0.209523797,0.273992658,0.401133537,0.237015709,15.8986015,4.57700014,0,,,0,1
131397224,0.150000006,0.384615391,,,0.161172152,0.257875443,0.404170364,0.235968098,15.8849669,4.57999992,0,,,0,1
131398385,0.150000006,0.342465758,,,0.201465189,0.386813164,0.404052347,0.236008331,15.8849669,4.57999992,0,,,0,1
131399548,0.150000006,0.430555552,,,0.249816835,0.330402911,0.402741909,0.236457735,15.8940573,4.58200026,0,,,0,1
131400708,0.150000006,0.393939406,,,0.209523797,0.322344303,0.40300411,0.236367449,15.8940573,4.58200026,0,,,0,1
131401872,0.150000006,0.41538462,,,0.217582405,0.306227088,0.404232889,0.235946789,15.8895121,4.58400011,0,,,0,1
131403032,0.150000006,0.37931034,,,0.177289367,0.290109873,0.405246198,0.23560293,15.8849669,4.58400011,0,,,0,1
131404200,0.150000006,0.378787875,,,0.201465189,0.330402911,0.405123234,0.235644504,15.8986015,4.58699989,0,,,0,1
131405361,0.150000006,0.405797094,,,0.225641012,0.330402911,0.404723763,0.235779867,15.8986015,4.58699989,0,,,0,1
131406728,0.150000006,0.433962256,,,0.185347974,0.241758227,0.405868024,0.235393256,15.8895121,4.58899975,0,,,0,1
131407889,0.150000006,0.371428579,,,0.209523797,0.354578733,0.407525867,0.234839156,15.9031467,4.58899975,0,,,0,1
131409052,0.150000006,0.428571433,,,0.217582405,0.290109873,0.408812106,0.234414175,15.8986015,4.59200001,0,,,0,1
131410213,0.150000006,0.384615391,,,0.161172152,0.257875443,0.410154879,0.233974934,15.8895121,4.59200001,0,,,0,1
131411376,0.150000006,0.405797094,,,0.225641012,0.330402911,0.411058724,0.233681828,15.8804216,4.59399986,0,,,0,1
131412536,0.150000006,0.382352948,,,0.209523797,0.338461518,0.411511183,0.233535871,15.9031467,4.59399986,0,,,0,1
131413700,0.150000006,0.370967746,,,0.185347974,0.314285696,0.411036164,0.233689129,15.9031467,4.59599972,0,,,0,1
131414860,0.150000006,0.383333325,,,0.185347974,0.29816848,0.409635425,0.23414433,15.8849669,4.59599972,0,,,0,1
131416028,0.150000006,0.393939406,,,0.209523797,0.322344303,0.408433765,0.234538734,15.8804216,4.59800005,0,,,0,1
131417188,0.150000006,0.432432443,,,0.257875443,0.338461518,0.408915132,0.23438029,15.8986015,4.59800005,0,,,0,1
131418352,0.150000006,0.412698418,,,0.209523797,0.29816848,0.411363065,0.23358357,15.8986015,4.60099983,0,,,0,1
131419512,0.150000006,0.285714298,,,0.112820506,0.282051265,0.411237121,0.23362422,15.8895121,4.60099983,0,,,0,1
131420675,0.150000006,0.388059705,,,0.209523797,0.330402911,0.407209426,0.234944403,15.8849669,4.60300016,0,,,0,1
131421835,0.150000006,0.408450693,,,0.23369962,0.338461518,0.404444516,0.235874742,15.8986015,4.60300016,0,,,0,1
131422999,0.150000006,0.397058815,,,0.217582405,0.330402911,0.404239446,0.235944584,15.8986015,4.60500002,0,,,0,1
131424159,0.150000006,0.3898305,,,0.185347974,0.290109873,0.404638916,0.235808671,15.8849669,4.60500002,0,,,0,1
131425323,0.150000006,0.356164396,,,0.209523797,0.378754556,0.404163718,0.235970378,15.8895121,4.6079998,0,,,0,1
131426488,0.150000006,0.386666656,,,0.23369962,0.370695949,0.402929097,0.236393273,15.8986015,4.6079998,0,,,0,1
131427855,0.150000006,0.378787875,,,0.201465189,0.330402911,0.402066171,0.236691296,15.8804216,4.60999966,0,,,0,1
131429016,0.150000006,0.391304344,,,0.217582405,0.338461518,0.401806355,0.236781433,15.8895121,4.60999966,0,,,0,1
131430179,0.150000006,0.426470578,,,0.23369962,0.314285696,0.402978122,0.236376375,15.9031467,4.61299992,0,,,0,1
131431340,0.150000006,0.403508782,,,0.185347974,0.273992658,0.405673027,0.235458896,15.8940573,4.61299992,0,,,0,1
131432504,0.150000006,0.350877196,,,0.161172152,0.29816848,0.407218337,0.234941423,15.8804216,4.61499977,0,,,0,1
131433664,0.150000006,0.400000006,,,0.241758227,0.362637341,0.40713504,0.234969139,15.8849669,4.61499977,0,,,0,1
131434827,0.150000006,0.420289844,,,0.23369962,0.322344303,0.408218414,0.234609783,15.907692,4.6170001,0,,,0,1
131435988,0.150000006,0.409836054,,,0.201465189,0.290109873,0.411025494,0.233692572,15.8895121,4.6170001,0,,,0,1
131437151,0.150000006,0.365079373,,,0.185347974,0.322344303,0.413244277,0.232981354,15.8849669,4.61999989,0,,,0,1
131438316,0.150000006,0.382352948,,,0.209523797,0.338461518,0.413781434,0.232810974,15.8940573,4.61999989,0,,,0,1
131439479,0.150000006,0.397260278,,,0.23369962,0.354578733,0.414187104,0.23268272,15.8986015,4.62200022,0,,,0,1
131440639,0.150000006,0.362068951,,,0.169230759,0.29816848,0.414568812,0.232562453,15.8940573,4.62200022,0,,,0,1
131441802,0.150000006,0.368421048,,,0.169230759,0.290109873,0.413728744,0.232827634,15.8804216,4.62400007,0,,,0,1
131442963,0.150000006,0.375,,,0.217582405,0.362637341,0.412272364,0.233291432,15.8940573,4.62400007,0,,,0,1
131444126,0.150000006,0.410958916,,,0.241758227,0.346520126,0.411971837,0.233387753,15.8940573,4.62699986,0,,,0,1
131445286,0.150000006,0.354838699,,,0.177289367,0.322344303,0.412346363,0.233267725,15.8849669,4.62699986,0,,,0,1
131446450,0.150000006,0.462962955,,,0.201465189,0.23369962,0.413744062,0.232822791,15.8895121,4.62899971,0,,,0,1
131447814,0.150000006,0.363636374,,,0.193406582,0.338461518,0.416454434,0.231973261,15.8986015,4.62899971,0,,,0,1
131448978,0.150000006,0.433962256,,,0.185347974,0.241758227,0.418985695,0.231195226,15.8804216,4.63100004,0,,,0,1
131450143,0.150000006,0.387499988,,,0.249816835,0.394871771,0.421655387,0.230390295,15.8849669,4.63100004,0,,,0,1
131451307,0.150000006,0.358208954,,,0.193406582,0.346520126,0.42313394,0.229951262,15.9031467,4.63399982,0,,,0,1
131452467,0.150000006,0.403225809,,,0.201465189,0.29816848,0.423344553,0.22988911,15.8895121,4.63399982,0,,,0,1
131453631,0.150000006,0.380281687,,,0.217582405,0.354578733,0.423924059,0.229718581,15.8804216,4.63600016,0,,,0,1
131454792,0.150000006,0.373333335,,,0.225641012,0.378754556,0.424366534,0.229588881,15.8940573,4.63600016,0,,,0,1
131455955,0.150000006,0.397058815,,,0.217582405,0.330402911,0.424869418,0.229441956,15.8940573,4.63800001,0,,,0,1
131457115,0.150000006,0.344262302,,,0.169230759,0.322344303,0.424951732,0.22941795,15.8849669,4.63800001,0,,,0,1
131458279,0.150000006,0.366197169,,,0.209523797,0.362637341,0.423577875,0.229820371,15.8940573,4.64100027,0,,,0,1
131459439,0.150000006,0.376811594,,,0.209523797,0.346520126,0.422105879,0.230256021,15.8940573,4.64100027,0,,,0,1
131460602,0.150000006,0.362318844,,,0.201465189,0.354578733,0.421105355,0.230554849,15.8758764,4.64300013,0,,,0,1
131461767,0.150000006,0.381578952,,,0.23369962,0.378754556,0.420430839,0.230757549,15.8895121,4.64300013,0,,,0,1
131462931,0.150000006,0.391304344,,,0.217582405,0.338461518,0.420850992,0.230631188,15.9031467,4.64499998,0,,,0,1
131464092,0.150000006,0.37931034,,,0.177289367,0.290109873,0.422049224,0.230272904,15.8849669,4.64499998,0,,,0,1
131465255,0.150000006,0.367647052,,,0.201465189,0.346520126,0.422805011,0.230048552,15.8849669,4.64799976,0,,,0,1
131466416,0.150000006,0.410256416,,,0.257875443,0.370695949,0.423936337,0.229714975,15.8986015,4.64799976,0,,,0,1
131467579,0.150000006,0.338709682,,,0.169230759,0.330402911,0.425124615,0.229367599,15.8895121,4.64999962,0,,,0,1
131468944,0.150000006,0.402777791,,,0.23369962,0.346520126,0.425643981,0.229216695,15.8895121,4.64999962,0,,,0,1
131470107,0.150000006,0.367647052,,,0.201465189,0.346520126,0.426613629,0.228936464,15.8940573,4.65299988,0,,,0,1
131471267,0.150000006,0.327868849,,,0.161172152,0.330402911,0.426279485,0.229032829,15.8758764,4.65299988,0,,,0,1
131472430,0.150000006,0.352112681,,,0.201465189,0.370695949,0.423780441,0.229760781,15.8895121,4.65499973,0,,,0,1
131473596,0.150000006,0.400000006,,,0.225641012,0.338461518,0.422176749,0.230234951,15.9031467,4.65499973,0,,,0,1
131474759,0.150000006,0.353846163,,,0.185347974,0.338461518,0.422089517,0.230260909,15.8849669,4.65700006,0,,,0,1
131475919,0.150000006,0.358208954,,,0.193406582,0.346520126,0.421482682,0.230441898,15.8849669,4.65700006,0,,,0,1
131477083,0.150000006,0.394736856,,,0.241758227,0.370695949,0.421161175,0.23053813,15.8986015,4.65999985,0,,,0,1
131478243,0.150000006,0.383333325,,,0.185347974,0.29816848,0.422299594,0.230198443,15.8895121,4.65999985,0,,,0,1
131479407,0.150000006,0.344262302,,,0.169230759,0.322344303,0.422951818,0.230005115,15.8804216,4.66200018,0,,,0,1
131480568,0.150000006,0.397435904,,,0.249816835,0.378754556,0.422983468,0.229995728,15.8986015,4.66200018,0,,,0,1
131481731,0.150000006,0.359375,,,0.185347974,0.330402911,0.423550278,0.229828492,15.8849669,4.66400003,0,,,0,1
131482892,0.150000006,0.362318844,,,0.201465189,0.354578733,0.423639208,0.229802325,15.8849669,4.66400003,0,,,0,1
131484055,0.150000006,0.397058815,,,0.217582405,0.330402911,0.423934817,0.229715422,15.8986015,4.66699982,0,,,0,1
131485220,0.150000006,0.376811594,,,0.209523797,0.346520126,0.425351262,0.229301676,15.8895121,4.66699982,0,,,0,1
131486384,0.150000006,0.359375,,,0.185347974,0.330402911,0.4264265,0.228990406,15.8804216,4.66899967,0,,,0,1
131487544,0.150000006,0.397590369,,,0.26593405,0.402930379,0.427419662,0.228705019,15.8940573,4.66899967,0,,,0,1
131488707,0.150000006,0.402985066,,,0.217582405,0.322344303,0.430074364,0.227952138,15.8940573,4.671,0,,,0,1
131490072,0.150000006,0.371428579,,,0.209523797,0.354578733,0.433450431,0.227014944,15.8895121,4.671,0,,,0,1
131491235,0.150000006,0.388888896,,,0.225641012,0.354578733,0.436356008,0.226225972,15.8986015,4.67399979,0,,,0,1
131492396,0.150000006,0.328125,,,0.169230759,0.346520126,0.437766284,0.225848779,15.8758764,4.67399979,0,,,0,1
131493559,0.150000006,0.355263144,,,0.217582405,0.394871771,0.436968893,0.226061612,15.8940573,4.67600012,0,,,0,1
131494719,0.150000006,0.375,,,0.193406582,0.322344303,0.436071157,0.226302624,15.9031467,4.67600012,0,,,0,1
131495887,0.150000006,0.347826093,,,0.193406582,0.362637341,0.43568334,0.22640723,15.8758764,4.67799997,0,,,0,1
131497048,0.150000006,0.38961038,,,0.241758227,0.378754556,0.435767442,0.226384521,15.8895121,4.67799997,0,,,0,1
131498212,0.150000006,0.386666656,,,0.23369962,0.370695949,0.437545389,0.225907624,15.8940573,4.68100023,0,,,0,1
131499373,0.150000006,0.344262302,,,0.169230759,0.322344303,0.43944326,0.225405008,15.8804216,4.68100023,0,,,0,1
131500536,0.150000006,0.386666656,,,0.23369962,0.370695949,0.440553725,0.225113958,15.8940573,4.68300009,0,,,0,1
131501696,0.150000006,0.383561641,,,0.225641012,0.362637341,0.442602813,0.224582672,15.8895121,4.68300009,0,,,0,1
131502859,0.150000006,0.333333343,,,0.193406582,0.386813164,0.444327682,0.224141181,15.8758764,4.68499994,0,,,0,1
131504020,0.150000006,0.402597398,,,0.249816835,0.370695949,0.445599824,0.223818839,15.8986015,4.68499994,0,,,0,1
131505183,0.150000006,0.390625,,,0.201465189,0.314285696,0.448758632,0.223030284,15.8895121,4.68799973,0,,,0,1
131506343,0.150000006,0.343283594,,,0.185347974,0.354578733,0.451896548,0.222263247,15.8804216,4.68799973,0,,,0,1
131507512,0.150000006,0.367088616,,,0.23369962,0.402930379,0.453308135,0.221923366,15.8940573,4.69000006,0,,,0,1
131508672,0.150000006,0.383561641,,,0.225641012,0.362637341,0.455045015,0.221509427,15.8849669,4.69000006,0,,,0,1
131509835,0.150000006,0.319444448,,,0.185347974,0.394871771,0.456330091,0.221206188,15.8849669,4.69199991,0,,,0,1
131511200,0.150000006,0.352941185,,,0.193406582,0.354578733,0.455612242,0.221375272,15.8895121,4.69199991,0,,,0,1
131512363,0.150000006,0.357142866,,,0.201465189,0.362637341,0.45469147,0.221593291,15.8804216,4.69500017,0,,,0,1
131513524,0.150000006,0.357142866,,,0.241758227,0.435164809,0.45462653,0.221608728,15.8940573,4.69500017,0,,,0,1
131514687,0.150000006,0.296875,,,0.153113544,0.362637341,0.453307271,0.22192356,15.8895121,4.69700003,0,,,0,1
131515848,0.150000006,0.318181813,,,0.169230759,0.362637341,0.449237555,0.222912192,15.8804216,4.69700003,0,,,0,1
131517011,0.150000006,0.362500012,,,0.23369962,0.410988986,0.445384085,0.223873287,15.8940573,4.69899988,0,,,0,1
131518171,0.150000006,0.347826093,,,0.193406582,0.362637341,0.443705946,0.224299699,15.8758764,4.69899988,0,,,0,1
131519340,0.150000006,0.364864856,,,0.217582405,0.378754556,0.443387389,0.224381208,15.8849669,4.70200014,0,,,0,1
131520500,0.150000006,0.357142866,,,0.201465189,0.362637341,0.443938315,0.224240378,15.8940573,4.70200014,0,,,0,1
131521664,0.150000006,0.349206358,,,0.177289367,0.330402911,0.444512844,0.224094093,15.8849669,4.704,0,,,0,1
131522824,0.150000006,0.375,,,0.217582405,0.362637341,0.445226461,0.223913148,15.8849669,4.704,0,,,0,1
131523988,0.150000006,0.355263144,,,0.217582405,0.394871771,0.446571618,0.22357446,15.8986015,4.70600033,0,,,0,1
131525148,0.150000006,0.259259254,,,0.112820506,0.322344303,0.444954216,0.223982081,15.8849669,4.70600033,0,,,0,1
131526311,0.150000006,0.342857152,,,0.193406582,0.370695949,0.439682215,0.225342184,15.8849669,4.70899963,0,,,0,1
131527471,0.150000006,0.352112681,,,0.201465189,0.370695949,0.43546927,0.226465076,15.8940573,4.70899963,0,,,0,1
131528635,0.150000006,0.366197169,,,0.209523797,0.362637341,0.433817804,0.226914316,15.8713312,4.71099997,0,,,0,1
131529795,0.150000006,0.379746825,,,0.241758227,0.394871771,0.434271693,0.226790324,15.8986015,4.71099997,0,,,0,1
131530963,0.150000006,0.376811594,,,0.209523797,0.346520126,0.436447442,0.226201415,15.8895121,4.71299982,0,,,0,1
131532328,0.150000006,0.379746825,,,0.241758227,0.394871771,0.439583868,0.225368038,15.8940573,4.71299982,0,,,0,1
131533491,0.150000006,0.364864856,,,0.217582405,0.378754556,0.442956746,0.224491656,15.8849669,4.71600008,0,,,0,1
131534651,0.150000006,0.352112681,,,0.201465189,0.370695949,0.445551515,0.223831013,15.8804216,4.71600008,0,,,0,1
131535815,0.150000006,0.352941185,,,0.193406582,0.354578733,0.447001636,0.223466814,15.8986015,4.71799994,0,,,0,1
131536975,0.150000006,0.363636374,,,0.193406582,0.338461518,0.448039204,0.223208398,15.8804216,4.71799994,0,,,0,1
131538139,0.150000006,0.342105269,,,0.209523797,0.402930379,0.448790163,0.223022521,15.8804216,4.72100019,0,,,0,1
131539300,0.150000006,0.341772139,,,0.217582405,0.419047594,0.448749691,0.223032504,15.8940573,4.72100019,0,,,0,1
131540463,0.150000006,0.262295067,,,0.128937721,0.362637341,0.445823133,0.223762542,15.8849669,4.72300005,0,,,0,1
131541623,0.150000006,0.376811594,,,0.209523797,0.346520126,0.441275537,0.22492598,15.8940573,4.72300005,0,,,0,1
131542792,0.150000006,0.352112681,,,0.201465189,0.370695949,0.439187258,0.22547242,15.8895121,4.72500038,0,,,0,1
131543952,0.150000006,0.341463417,,,0.225641012,0.435164809,0.438651651,0.225613832,15.8804216,4.72500038,0,,,0,1
131545115,0.150000006,0.378378391,,,0.225641012,0.370695949,0.438943923,0.2255366,15.8940573,4.72799969,0,,,0,1
131546276,0.150000006,0.393939406,,,0.209523797,0.322344303,0.441529572,0.224859998,15.8758764,4.72799969,0,,,0,1
131547440,0.150000006,0.358974367,,,0.225641012,0.402930379,0.445378423,0.223874718,15.8940573,4.73000002,0,,,0,1
131548600,0.150000006,0.355263144,,,0.217582405,0.394871771,0.448458552,0.223104492,15.8804216,4.73000002,0,,,0,1
131549764,0.150000006,0.338028163,,,0.193406582,0.378754556,0.45009461,0.222701758,15.8804216,4.73199987,0,,,0,1
131550924,0.150000006,0.361111104,,,0.209523797,0.370695949,0.450958312,0.222490922,15.8986015,4.73199987,0,,,0,1
131552088,0.150000006,0.361111104,,,0.209523797,0.370695949,0.452271581,0.222172633,15.8758764,4.73500013,0,,,0,1
131553452,0.150000006,0.373493969,,,0.249816835,0.419047594,0.454637885,0.221606031,15.8895121,4.73500013,0,,,0,1
131554620,0.150000006,0.328571439,,,0.185347974,0.378754556,0.456831276,0.221088618,15.8758764,4.73699999,0,,,0,1
131555781,0.150000006,0.347222209,,,0.201465189,0.378754556,0.457586288,0.220912218,15.8940573,4.73699999,0,,,0,1
131556944,0.150000006,0.318840593,,,0.177289367,0.378754556,0.456989974,0.221051469,15.8849669,4.73899984,0,,,0,1
131558105,0.150000006,0.328571439,,,0.185347974,0.378754556,0.455094665,0.22149767,15.8758764,4.73899984,0,,,0,1
131559268,0.150000006,0.353658527,,,0.23369962,0.427106202,0.453425825,0.221895143,15.8940573,4.7420001,0,,,0,1
131560429,0.150000006,0.318840593,,,0.177289367,0.378754556,0.452306896,0.222164124,15.8758764,4.7420001,0,,,0,1
131561593,0.150000006,0.376623362,,,0.23369962,0.386813164,0.451853991,0.222273558,15.8895121,4.74399996,0,,,0,1
131562753,0.150000006,0.366197169,,,0.209523797,0.362637341,0.453492105,0.221879274,15.8849669,4.74399996,0,,,0,1
131563916,0.150000006,0.337662339,,,0.209523797,0.410988986,0.455721945,0.221349388,15.8758764,4.74600029,0,,,0,1
131565076,0.150000006,0.363636374,,,0.225641012,0.394871771,0.457479179,0.220937178,15.8986015,4.74600029,0,,,0,1
131566245,0.150000006,0.285714298,,,0.128937721,0.322344303,0.457462192,0.220941156,15.8804216,4.7489996,0,,,0,1
131567405,0.150000006,0.354430377,,,0.225641012,0.410988986,0.455349743,0.22143729,15.8940573,4.7489996,0,,,0,1
131568568,0.150000006,0.356164396,,,0.209523797,0.378754556,0.454418659,0.221658155,15.8758764,4.75099993,0,,,0,1
131569729,0.150000006,0.351351351,,,0.209523797,0.386813164,0.455165982,0.221480772,15.8804216,4.75099993,0,,,0,1
131570892,0.150000006,0.356164396,,,0.209523797,0.378754556,0.456459224,0.221175835,15.8986015,4.75299978,0,,,0,1
131572052,0.150000006,0.361111104,,,0.209523797,0.370695949,0.45832631,0.220740154,15.8758764,4.75299978,0,,,0,1
131573215,0.150000006,0.372093022,,,0.257875443,0.435164809,0.461211741,0.220077023,15.8849669,4.75600004,0,,,0,1
131574580,0.150000006,0.323943675,,,0.185347974,0.386813164,0.463868976,0.219477087,15.8804216,4.75600004,0,,,0,1
131575743,0.150000006,0.342105269,,,0.209523797,0.402930379,0.46484831,0.219258547,15.8986015,4.7579999,0,,,0,1
131576908,0.150000006,0.342857152,,,0.193406582,0.370695949,0.465193003,0.219181925,15.8804216,4.7579999,0,,,0,1
131578071,0.150000006,0.337662339,,,0.209523797,0.410988986,0.465520293,0.219109356,15.8849669,4.76100016,0,,,0,1
131579231,0.150000006,0.329268306,,,0.217582405,0.443223417,0.465428233,0.219129756,15.8895121,4.76100016,0,,,0,1
131580395,0.150000006,0.328571439,,,0.185347974,0.378754556,0.464747101,0.219281048,15.8804216,4.76300001,0,,,0,1
131581555,0.150000006,0.367088616,,,0.23369962,0.402930379,0.464822114,0.219264373,15.8940573,4.76300001,0,,,0,1
131582718,0.150000006,0.342857152,,,0.193406582,0.370695949,0.466364086,0.218922898,15.8758764,4.76500034,0,,,0,1
131583879,0.150000006,0.363636374,,,0.257875443,0.451282024,0.468731701,0.218405053,15.8849669,4.76500034,0,,,0,1
131585042,0.150000006,0.313432842,,,0.169230759,0.370695949,0.47059074,0.21800378,15.8940573,4.76799965,0,,,0,1
131586203,0.150000006,0.285714298,,,0.145054936,0.362637341,0.469108731,0.21832329,15.8758764,4.76799965,0,,,0,1
131587366,0.150000006,0.337662339,,,0.209523797,0.410988986,0.46547088,0.219120309,15.8940573,4.76999998,0,,,0,1
131588532,0.150000006,0.342465758,,,0.201465189,0.386813164,0.463298589,0.219605014,15.8713312,4.76999998,0,,,0,1
131589695,0.150000006,0.333333343,,,0.209523797,0.419047594,0.462600499,0.219762206,15.8940573,4.77199984,0,,,0,1
131590855,0.150000006,0.310344815,,,0.145054936,0.322344303,0.461296827,0.220057636,15.8849669,4.77199984,0,,,0,1
131592019,0.150000006,0.32911393,,,0.209523797,0.427106202,0.458955973,0.220594391,15.8849669,4.77400017,0,,,0,1
131593179,0.150000006,0.358974367,,,0.225641012,0.402930379,0.457698226,0.220886141,15.8804216,4.77400017,0,,,0,1
131594343,0.150000006,0.302631587,,,0.185347974,0.427106202,0.457081318,0.221030101,15.8849669,4.77699995,0,,,0,1
131595707,0.150000006,0.323076934,,,0.169230759,0.354578733,0.455081284,0.221500829,15.8849669,4.77699995,0,,,0,1
131596871,0.150000006,0.352941185,,,0.241758227,0.443223417,0.45341751,0.221897155,15.8849669,4.77900028,0,,,0,1
131598031,0.150000006,0.371794879,,,0.23369962,0.394871771,0.454380482,0.22166723,15.8849669,4.77900028,0,,,0,1
131599195,0.150000006,0.315789461,,,0.193406582,0.419047594,0.456225157,0.221230865,15.8804216,4.78200006,0,,,0,1
131600360,0.150000006,0.373333335,,,0.225641012,0.378754556,0.457804084,0.22086148,15.8940573,4.78200006,0,,,0,1
131601523,0.150000006,0.342105269,,,0.209523797,0.402930379,0.460192502,0.220309854,15.8758764,4.7840004,0,,,0,1
131602683,0.150000006,0.337209314,,,0.23369962,0.459340632,0.462442577,0.219797865,15.8895121,4.7840004,0,,,0,1
131603847,0.150000006,0.337837845,,,0.201465189,0.394871771,0.463956594,0.219457477,15.8804216,4.78600025,0,,,0,1
131605007,0.150000006,0.32432431,,,0.193406582,0.402930379,0.464760393,0.219278097,15.8940573,4.78600025,0,,,0,1
131606171,0.150000006,0.337837845,,,0.201465189,0.394871771,0.464976102,0.219230101,15.8849669,4.78900003,0,,,0,1
131607331,0.150000006,0.306666672,,,0.185347974,0.419047594,0.464432418,0.219351172,15.8758764,4.78900003,0,,,0,1
131608495,0.150000006,0.373493969,,,0.249816835,0.419047594,0.464398712,0.219358712,15.8895121,4.79099989,0,,,0,1
131609655,0.150000006,0.328571439,,,0.185347974,0.378754556,0.465980113,0.219007641,15.8804216,4.79099989,0,,,0,1
131610819,0.150000006,0.380952388,,,0.257875443,0.419047594,0.46884653,0.218380138,15.8940573,4.79299974,0,,,0,1
131611984,0.150000006,0.333333343,,,0.193406582,0.386813164,0.472626954,0.217569545,15.8804216,4.79299974,0,,,0,1
131613147,0.150000006,0.352272719,,,0.249816835,0.459340632,0.476122707,0.216836646,15.8849669,4.796,0,,,0,1
131614307,0.150000006,0.308823526,,,0.169230759,0.378754556,0.478244156,0.216399476,15.8895121,4.796,0,,,0,1
131615471,0.150000006,0.337837845,,,0.201465189,0.394871771,0.478806734,0.216284484,15.8804216,4.79799986,0,,,0,1
131616835,0.150000006,0.333333343,,,0.185347974,0.370695949,0.479130805,0.216218442,15.8758764,4.79799986,0,,,0,1
131617999,0.150000006,0.337078661,,,0.241758227,0.475457847,0.479892641,0.216063663,15.8895121,4.80000019,0,,,0,1
131619159,0.150000006,0.314285725,,,0.177289367,0.386813164,0.480279058,0.215985402,15.8849669,4.80000019,0,,,0,1
131620322,0.150000006,0.349999994,,,0.225641012,0.419047594,0.480566949,0.215927243,15.8895121,4.80299997,0,,,0,1
131621482,0.150000006,0.337837845,,,0.201465189,0.394871771,0.481871247,0.215664938,15.8804216,4.80299997,0,,,0,1
131622645,0.150000006,0.329545468,,,0.23369962,0.475457847,0.483492494,0.215341762,15.8804216,4.80500031,0,,,0,1
131623810,0.150000006,0.310810804,,,0.185347974,0.410988986,0.48405531,0.215230331,15.8849669,4.80500031,0,,,0,1
131624974,0.150000006,0.333333343,,,0.193406582,0.386813164,0.483760655,0.215288624,15.8804216,4.80700016,0,,,0,1
131626134,0.150000006,0.3493976,,,0.23369962,0.435164809,0.484471202,0.215148181,15.8849669,4.80700016,0,,,0,1
131627297,0.150000006,0.320512831,,,0.201465189,0.427106202,0.486044645,0.214839339,15.8713312,4.80999994,0,,,0,1
131628457,0.150000006,0.333333343,,,0.217582405,0.435164809,0.487213641,0.214611739,15.8940573,4.80999994,0,,,0,1
131629621,0.150000006,0.287878782,,,0.153113544,0.378754556,0.486799717,0.214692131,15.8758764,4.8119998,0,,,0,1
131630781,0.150000006,0.3253012,,,0.217582405,0.451282024,0.484766722,0.215089962,15.8940573,4.8119998,0,,,0,1
131631944,0.150000006,0.329268306,,,0.217582405,0.443223417,0.48344934,0.21535033,15.866787,4.81400013,0,,,0,1
131633105,0.150000006,0.318181813,,,0.225641012,0.483516455,0.483215958,0.215396687,15.8986015,4.81400013,0,,,0,1
131634268,0.150000006,0.274193555,,,0.136996329,0.362637341,0.481409848,0.215757504,15.8804216,4.81699991,0,,,0,1
131635433,0.150000006,0.3253012,,,0.217582405,0.451282024,0.478043705,0.216440544,15.8895121,4.81699991,0,,,0,1
131636597,0.150000006,0.303797454,,,0.193406582,0.443223417,0.475306243,0.21700643,15.8758764,4.81900024,0,,,0,1
131637961,0.150000006,0.329268306,,,0.217582405,0.443223417,0.473588735,0.217366338,15.8895121,4.81900024,0,,,0,1
131639125,0.150000006,0.337837845,,,0.201465189,0.394871771,0.473407388,0.217404529,15.8758764,4.82200003,0,,,0,1
131640285,0.150000006,0.377777785,,,0.273992658,0.451282024,0.476137221,0.216833636,15.8940573,4.82200003,0,,,0,1
131641448,0.150000006,0.313253015,,,0.209523797,0.459340632,0.480429649,0.215954974,15.866787,4.82400036,0,,,0,1
131642608,0.150000006,0.34117648,,,0.23369962,0.451282024,0.483847022,0.215271533,15.8940573,4.82400036,0,,,0,1
131643771,0.150000006,0.362318844,,,0.201465189,0.354578733,0.487857312,0.214487076,15.8758764,4.82600021,0,,,0,1
131644932,0.150000006,0.3253012,,,0.217582405,0.451282024,0.492614388,0.213580295,15.8895121,4.82600021,0,,,0,1
131646100,0.150000006,0.311688304,,,0.193406582,0.427106202,0.495597035,0.213024452,15.8758764,4.829,0,,,0,1
131647260,0.150000006,0.324999988,,,0.209523797,0.435164809,0.496856868,0.212792531,15.8895121,4.829,0,,,0,1
131648424,0.150000006,0.308823526,,,0.169230759,0.378754556,0.497278482,0.212715268,15.8895121,4.83099985,0,,,0,1
131649584,0.150000006,0.320987642,,,0.209523797,0.443223417,0.497026145,0.212761492,15.8758764,4.83099985,0,,,0,1
131650747,0.150000006,0.329268306,,,0.217582405,0.443223417,0.497196913,0.212730214,15.8849669,4.83299971,0,,,0,1
131651907,0.150000006,0.260273963,,,0.153113544,0.435164809,0.495912611,0.212966189,15.8804216,4.83299971,0,,,0,1
131653071,0.150000006,0.311688304,,,0.193406582,0.427106202,0.492070913,0.213682622,15.8986015,4.83599997,0,,,0,1
131654231,0.150000006,0.319444448,,,0.185347974,0.394871771,0.488909841,0.214284241,15.8758764,4.83599997,0,,,0,1
131655394,0.150000006,0.329268306,,,0.217582405,0.443223417,0.487787932,0.214500487,15.8940573,4.8380003,0,,,0,1
131656555,0.150000006,0.337349385,,,0.225641012,0.443223417,0.488443881,0.214373887,15.8758764,4.8380003,0,,,0,1
131657927,0.150000006,0.296875,,,0.153113544,0.362637341,0.48908034,0.214251503,15.8849669,4.84000015,0,,,0,1
131659087,0.150000006,0.313253015,,,0.209523797,0.459340632,0.488097012,0.214440763,15.8804216,4.84000015,0,,,0,1
131660251,0.150000006,0.3125,,,0.201465189,0.443223417,0.486628652,0.21472545,15.8804216,4.84300041,0,,,0,1
131661411,0.150000006,0.320987642,,,0.209523797,0.443223417,0.485648781,0.214916766,15.8849669,4.84300041,0,,,0,1
131662575,0.150000006,0.298507452,,,0.161172152,0.378754556,0.48445189,0.215151995,15.8940573,4.84500027,0,,,0,1
131663735,0.150000006,0.320987642,,,0.209523797,0.443223417,0.482792467,0.215480939,15.8804216,4.84500027,0,,,0,1
131664899,0.150000006,0.316455692,,,0.201465189,0.435164809,0.481606454,0.215718016,15.8804216,4.84700012,0,,,0,1
131666059,0.150000006,0.329411775,,,0.225641012,0.459340632,0.481345177,0.215770498,15.8804216,4.84700012,0,,,0,1
131667222,0.150000006,0.328358203,,,0.177289367,0.362637341,0.481969357,0.215645313,15.8940573,4.8499999,0,,,0,1
131668383,0.150000006,0.352941185,,,0.241758227,0.443223417,0.48390761,0.215259522,15.8758764,4.8499999,0,,,0,1
131669551,0.150000006,0.352272719,,,0.249816835,0.459340632,0.48783353,0.214491665,15.8713312,4.85199976,0,,,0,1
131670712,0.150000006,0.313253015,,,0.209523797,0.459340632,0.49197942,0.213699877,15.8804216,4.85199976,0,,,0,1
131671875,0.150000006,0.310810804,,,0.185347974,0.410988986,0.493995696,0.213321671,15.8849669,4.85400009,0,,,0,1
131673036,0.150000006,0.333333343,,,0.23369962,0.46739924,0.495041102,0.21312733,15.8849669,4.85400009,0,,,0,1
131674199,0.150000006,0.345679015,,,0.225641012,0.427106202,0.497472972,0.212679714,15.8713312,4.85699987,0,,,0,1
131675360,0.150000006,0.336956531,,,0.249816835,0.491575062,0.501491487,0.21195361,15.8849669,4.85699987,0,,,0,1
131676523,0.150000006,0.315068483,,,0.185347974,0.402930379,0.505264819,0.211286724,15.8758764,4.85900021,0,,,0,1
131677683,0.150000006,0.318181813,,,0.225641012,0.483516455,0.507645905,0.210873112,15.8849669,4.85900021,0,,,0,1
131679051,0.150000006,0.298850566,,,0.209523797,0.491575062,0.508663118,0.210698083,15.8713312,4.86199999,0,,,0,1
131680211,0.150000006,0.304878056,,,0.201465189,0.459340632,0.508426428,0.210738719,15.8895121,4.86199999,0,,,0,1
131681379,0.150000006,0.311688304,,,0.193406582,0.427106202,0.507844865,0.21083878,15.8804216,4.86400032,0,,,0,1
131682539,0.150000006,0.303797454,,,0.193406582,0.443223417,0.507320702,0.210929289,15.8804216,4.86400032,0,,,0,1
131683703,0.150000006,0.329896897,,,0.257875443,0.523809493,0.507567763,0.210886613,15.8713312,4.86600018,0,,,0,1
131684864,0.150000006,0.30864197,,,0.201465189,0.451282024,0.508951545,0.210648626,15.8804216,4.86600018,0,,,0,1
131686028,0.150000006,0.313253015,,,0.209523797,0.459340632,0.510324597,0.210414305,15.8849669,4.86800003,0,,,0,1
131687188,0.150000006,0.3125,,,0.201465189,0.443223417,0.511461496,0.210221648,15.8758764,4.86800003,0,,,0,1
131688352,0.150000006,0.319587618,,,0.249816835,0.5318681,0.513008058,0.209961489,15.8849669,4.87099981,0,,,0,1
131689513,0.150000006,0.303797454,,,0.193406582,0.443223417,0.514710009,0.209677726,15.8758764,4.87099981,0,,,0,1
131690676,0.150000006,0.30864197,,,0.201465189,0.451282024,0.515850246,0.209489077,15.8849669,4.87300014,0,,,0,1
131691836,0.150000006,0.280000001,,,0.169230759,0.435164809,0.515542328,0.209539905,15.8713312,4.87300014,0,,,0,1
131693005,0.150000006,0.311827958,,,0.23369962,0.515750885,0.514273763,0.209750205,15.8895121,4.875,0,,,0,1
131694165,0.150000006,0.223880604,,,0.120879114,0.419047594,0.510675132,0.21035479,15.8758764,4.875,0,,,0,1
131695328,0.150000006,0.313253015,,,0.209523797,0.459340632,0.504846215,0.211359993,15.8849669,4.87800026,0,,,0,1
131696489,0.150000006,0.298701286,,,0.185347974,0.435164809,0.500929654,0.212054133,15.8713312,4.87800026,0,,,0,1
131697652,0.150000006,0.33684212,,,0.257875443,0.507692277,0.500275552,0.212171555,15.8849669,4.88000011,0,,,0,1
131698812,0.150000006,0.270270258,,,0.161172152,0.435164809,0.500422299,0.21214518,15.8758764,4.88000011,0,,,0,1
131700180,0.150000006,0.310810804,,,0.185347974,0.410988986,0.499258965,0.212354958,15.8713312,4.88300037,0,,,0,1
131701340,0.150000006,0.295454532,,,0.209523797,0.49963367,0.497896194,0.212602451,15.8849669,4.88300037,0,,,0,1
131702504,0.150000006,0.34523809,,,0.23369962,0.443223417,0.498325169,0.212524354,15.8713312,4.88500023,0,,,0,1
131703664,0.150000006,0.3125,,,0.201465189,0.443223417,0.500800729,0.21207726,15.8940573,4.88500023,0,,,0,1
131704832,0.150000006,0.315789461,,,0.193406582,0.419047594,0.503362119,0.211621225,15.8622417,4.88700008,0,,,0,1
131705993,0.150000006,0.333333343,,,0.249816835,0.49963367,0.506113768,0.211138621,15.8849669,4.88700008,0,,,0,1
131707157,0.150000006,0.289156616,,,0.193406582,0.475457847,0.508687854,0.210693851,15.8713312,4.88999987,0,,,0,1
131708317,0.150000006,0.296296299,,,0.193406582,0.459340632,0.509232342,0.21060057,15.8986015,4.88999987,0,,,0,1
131709480,0.150000006,0.294871807,,,0.185347974,0.443223417,0.50832504,0.210756168,15.8713312,4.89199972,0,,,0,1
131710641,0.150000006,0.30120483,,,0.201465189,0.46739924,0.507142782,0.210960045,15.8849669,4.89199972,0,,,0,1
131711804,0.150000006,0.292682916,,,0.193406582,0.46739924,0.505864978,0.211181939,15.8758764,4.89400005,0,,,0,1
131712964,0.150000006,0.307692319,,,0.193406582,0.435164809,0.50471276,0.211383387,15.8895121,4.89400005,0,,,0,1
131714128,0.150000006,0.31764707,,,0.217582405,0.46739924,0.504635274,0.211396992,15.8804216,4.89699984,0,,,0,1
131715288,0.150000006,0.304878056,,,0.201465189,0.459340632,0.505474746,0.211250022,15.8758764,4.89699984,0,,,0,1
131716457,0.150000006,0.287356317,,,0.201465189,0.49963367,0.50557673,0.211232245,15.8895121,4.89900017,0,,,0,1
131717617,0.150000006,0.295774639,,,0.169230759,0.402930379,0.504373372,0.211442992,15.8804216,4.89900017,0,,,0,1
131718780,0.150000006,0.31764707,,,0.217582405,0.46739924,0.503474176,0.211601421,15.8895121,4.90100002,0,,,0,1
131719941,0.150000006,0.292682916,,,0.193406582,0.46739924,0.503269672,0.211637586,15.866787,4.90100002,0,,,0,1
131721309,0.150000006,0.278481007,,,0.177289367,0.459340632,0.50184828,0.211889938,15.8895121,4.90400028,0,,,0,1
131722469,0.150000006,0.3125,,,0.201465189,0.443223417,0.499770731,0.212262496,15.8804216,4.90400028,0,,,0,1
131723633,0.150000006,0.313253015,,,0.209523797,0.459340632,0.499127179,0.212378815,15.8713312,4.90600014,0,,,0,1
131724793,0.150000006,0.356435657,,,0.290109873,0.523809493,0.501485646,0.211954653,15.8849669,4.90600014,0,,,0,1
131725956,0.150000006,0.302631587,,,0.185347974,0.427106202,0.505842447,0.211185873,15.8758764,4.90799999,0,,,0,1
131727121,0.150000006,0.337349385,,,0.225641012,0.443223417,0.510065734,0.210458353,15.8895121,4.90799999,0,,,0,1
131728285,0.150000006,0.25333333,,,0.153113544,0.451282024,0.51198554,0.210133255,15.866787,4.91099977,0,,,0,1
131729445,0.150000006,0.315789461,,,0.241758227,0.523809493,0.511125863,0.210278407,15.8849669,4.91099977,0,,,0,1
131730608,0.150000006,0.30120483,,,0.201465189,0.46739924,0.510626554,0.210363045,15.8804216,4.91300011,0,,,0,1
131731769,0.150000006,0.294871807,,,0.185347974,0.443223417,0.510570943,0.210372463,15.8713312,4.91300011,0,,,0,1
131732932,0.150000006,0.300000012,,,0.217582405,0.507692277,0.510079265,0.210456043,15.8849669,4.91499996,0,,,0,1
131734093,0.150000006,0.295454532,,,0.209523797,0.49963367,0.509624124,0.210533619,15.8713312,4.91499996,0,,,0,1
131735256,0.150000006,0.321428567,,,0.217582405,0.459340632,0.51004833,0.210461348,15.9031467,4.91800022,0,,,0,1
131736417,0.150000006,0.278481007,,,0.177289367,0.459340632,0.510662138,0.210356995,15.8713312,4.91800022,0,,,0,1
131737581,0.150000006,0.311111122,,,0.225641012,0.49963367,0.510574102,0.210371941,15.8758764,4.92000008,0,,,0,1
131738746,0.150000006,0.282608688,,,0.209523797,0.5318681,0.510330439,0.210413322,15.8804216,4.92000008,0,,,0,1
131739909,0.150000006,0.283783793,,,0.169230759,0.427106202,0.509160995,0.210612789,15.8758764,4.92199993,0,,,0,1
131741069,0.150000006,0.313953489,,,0.217582405,0.475457847,0.508038759,0.210805401,15.8849669,4.92199993,0,,,0,1
131742437,0.150000006,0.319999993,,,0.257875443,0.547985315,0.509152114,0.210614309,15.8713312,4.92500019,0,,,0,1
131743597,0.150000006,0.291139245,,,0.185347974,0.451282024,0.511270821,0.210253894,15.8758764,4.92500019,0,,,0,1
131744761,0.150000006,0.325842708,,,0.23369962,0.483516455,0.513478041,0.20988287,15.8849669,4.92700005,0,,,0,1
131745921,0.150000006,0.289156616,,,0.193406582,0.475457847,0.51588279,0.209483728,15.866787,4.92700005,0,,,0,1
131747085,0.150000006,0.340000004,,,0.273992658,0.5318681,0.518991232,0.208975464,15.8895121,4.92999983,0,,,0,1
131748245,0.150000006,0.287499994,,,0.185347974,0.459340632,0.522838891,0.208358064,15.8804216,4.92999983,0,,,0,1
131749409,0.150000006,0.34523809,,,0.23369962,0.443223417,0.527124465,0.207685173,15.8758764,4.93200016,0,,,0,1
131750574,0.150000006,0.290322572,,,0.217582405,0.5318681,0.531932712,0.206948161,15.8804216,4.93200016,0,,,0,1
131751737,0.150000006,0.271739125,,,0.201465189,0.539926708,0.534317851,0.206589386,15.8713312,4.93400002,0,,,0,1
131752897,0.150000006,0.309523821,,,0.209523797,0.46739924,0.534742236,0.206525981,15.8986015,4.93400002,0,,,0,1
131754061,0.150000006,0.296296299,,,0.193406582,0.459340632,0.535889745,0.206355348,15.866787,4.93700027,0,,,0,1
131755221,0.150000006,0.268292695,,,0.177289367,0.483516455,0.536087573,0.206326023,15.8758764,4.93700027,0,,,0,1
131756385,0.150000006,0.279069781,,,0.193406582,0.49963367,0.534140587,0.20661588,15.8804216,4.93900013,0,,,0,1
131757545,0.150000006,0.302631587,,,0.185347974,0.427106202,0.53230989,0.206891134,15.8758764,4.93900013,0,,,0,1
131758708,0.150000006,0.290322572,,,0.217582405,0.5318681,0.531776428,0.206971809,15.8849669,4.94099998,0,,,0,1
131759869,0.150000006,0.303370774,,,0.217582405,0.49963367,0.53213042,0.206918254,15.8576965,4.94099998,0,,,0,1
131761032,0.150000006,0.305263162,,,0.23369962,0.5318681,0.533639848,0.206690907,15.8895121,4.94299984,0,,,0,1
131762197,0.150000006,0.297297299,,,0.177289367,0.419047594,0.535765529,0.206373781,15.8758764,4.94299984,0,,,0,1
131763565,0.150000006,0.278481007,,,0.177289367,0.459340632,0.536698341,0.206235692,15.866787,4.9460001,0,,,0,1
131764725,0.150000006,0.340206176,,,0.26593405,0.515750885,0.538246214,0.206008047,15.8804216,4.9460001,0,,,0,1
131765888,0.150000006,0.270588249,,,0.185347974,0.49963367,0.541027129,0.20560357,15.8849669,4.94799995,0,,,0,1
131767049,0.150000006,0.309523821,,,0.209523797,0.46739924,0.542771697,0.205352709,15.866787,4.94799995,0,,,0,1
131768212,0.150000006,0.319587618,,,0.249816835,0.5318681,0.545471728,0.20496887,15.8804216,4.95099974,0,,,0,1
131769373,0.150000006,0.261363626,,,0.185347974,0.523809493,0.548060596,0.204605699,15.8713312,4.95099974,0,,,0,1
131770536,0.150000006,0.304878056,,,0.201465189,0.459340632,0.548625946,0.204527006,15.8895121,4.95300007,0,,,0,1
131771697,0.150000006,0.322580636,,,0.241758227,0.507692277,0.550702989,0.20423983,15.8804216,4.95300007,0,,,0,1
131772860,0.150000006,0.298850566,,,0.209523797,0.491575062,0.554855406,0.20367454,15.8622417,4.95499992,0,,,0,1
131774025,0.150000006,0.28125,,,0.217582405,0.556043923,0.557954311,0.203260139,15.8940573,4.95499992,0,,,0,1
131775188,0.150000006,0.243243247,,,0.145054936,0.451282024,0.557154953,0.203366429,15.8713312,4.95800018,0,,,0,1
131776349,0.150000006,0.297619045,,,0.201465189,0.475457847,0.553905606,0.203802824,15.8849669,4.95800018,0,,,0,1
131777512,0.150000006,0.294736832,,,0.225641012,0.539926708,0.552426279,0.204003811,15.866787,4.96000004,0,,,0,1
131778673,0.150000006,0.280487806,,,0.185347974,0.475457847,0.552294672,0.204021782,15.8758764,4.96000004,0,,,0,1
131779836,0.150000006,0.293478251,,,0.217582405,0.523809493,0.552132785,0.20404388,15.8804216,4.96199989,0,,,0,1
131780997,0.150000006,0.240963861,,,0.161172152,0.507692277,0.550351918,0.20428817,15.8622417,4.96199989,0,,,0,1
131782160,0.150000006,0.295918375,,,0.23369962,0.556043923,0.547084153,0.204742104,15.8804216,4.96500015,0,,,0,1
131783320,0.150000006,0.270588249,,,0.185347974,0.49963367,0.544732928,0.205073386,15.8849669,4.96500015,0,,,0,1
131784688,0.150000006,0.266666681,,,0.193406582,0.5318681,0.542288065,0.205422029,15.8713312,4.96700001,0,,,0,1
131785853,0.150000006,0.293478251,,,0.217582405,0.523809493,0.540030777,0.205747828,15.866787,4.96700001,0,,,0,1
131787016,0.150000006,0.290322572,,,0.217582405,0.5318681,0.539596617,0.205810905,15.8940573,4.96899986,0,,,0,1
131788176,0.150000006,0.350649357,,,0.217582405,0.402930379,0.542737603,0.205357581,15.8713312,4.96899986,0,,,0,1
131789340,0.150000006,0.325581402,,,0.225641012,0.46739924,0.550199389,0.20430921,15.8849669,4.97200012,0,,,0,1
131790500,0.150000006,0.284210533,,,0.217582405,0.547985315,0.557686329,0.203295723,15.866787,4.97200012,0,,,0,1
131791664,0.150000006,0.219178081,,,0.128937721,0.459340632,0.558773756,0.203151599,15.8758764,4.97399998,0,,,0,1
131792824,0.150000006,0.315217406,,,0.23369962,0.507692277,0.555754483,0.203553662,15.8849669,4.97399998,0,,,0,1
131793988,0.150000006,0.252747267,,,0.185347974,0.547985315,0.553597689,0.203844532,15.8622417,4.97599983,0,,,0,1
131795149,0.150000006,0.295918375,,,0.23369962,0.556043923,0.551883101,0.204078019,15.8758764,4.97599983,0,,,0,1
131796316,0.150000006,0.253012061,,,0.169230759,0.49963367,0.549913287,0.204348668,15.8940573,4.97900009,0,,,0,1
131797477,0.150000006,0.285714298,,,0.193406582,0.483516455,0.547410488,0.204696462,15.866787,4.97900009,0,,,0,1
131798640,0.150000006,0.282608688,,,0.209523797,0.5318681,0.545638919,0.204945281,15.8713312,4.98099995,0,,,0,1
131799800,0.150000006,0.292929292,,,0.23369962,0.56410253,0.545417368,0.204976529,15.8804216,4.98099995,0,,,0,1
131800964,0.150000006,0.346153855,,,0.217582405,0.410988986,0.548661172,0.204522118,15.8713312,4.9829998,0,,,0,1
131802124,0.150000006,0.290322572,,,0.217582405,0.5318681,0.55489254,0.203669533,15.8849669,4.9829998,0,,,0,1
131803288,0.150000006,0.319587618,,,0.249816835,0.5318681,0.561272681,0.202823296,15.8622417,4.98600006,0,,,0,1
131804448,0.150000006,0.258426964,,,0.185347974,0.5318681,0.56586802,0.202229843,15.8758764,4.98600006,0,,,0,1
131805815,0.150000006,0.258426964,,,0.185347974,0.5318681,0.566164076,0.202192068,15.8758764,4.98799992,0,,,0,1
131806975,0.150000006,0.276595742,,,0.209523797,0.547985315,0.563920856,0.20247969,15.8758764,4.98799992,0,,,0,1
131808143,0.150000006,0.233333334,,,0.169230759,0.556043923,0.56024456,0.202957883,15.866787,4.99100018,0,,,0,1
131809304,0.150000006,0.277108431,,,0.185347974,0.483516455,0.555261791,0.203619838,15.8849669,4.99100018,0,,,0,1
131810467,0.150000006,0.247191012,,,0.177289367,0.539926708,0.550420463,0.204278737,15.8758764,4.99300003,0,,,0,1
131811627,0.150000006,0.277777791,,,0.201465189,0.523809493,0.546055198,0.204886615,15.8576965,4.99300003,0,,,0,1
131812790,0.150000006,0.288659781,,,0.225641012,0.556043923,0.543723047,0.205216885,15.8895121,4.99499989,0,,,0,1
131813951,0.150000006,0.280487806,,,0.185347974,0.475457847,0.54341954,0.205260143,15.8713312,4.99499989,0,,,0,1
131815114,0.150000006,0.256097555,,,0.169230759,0.491575062,0.542448282,0.205399051,15.8713312,4.99800014,0,,,0,1
131816274,0.150000006,0.300000012,,,0.241758227,0.56410253,0.541228831,0.205574438,15.8758764,4.99800014,0,,,0,1
131817444,0.150000006,0.287356317,,,0.201465189,0.49963367,0.54187566,0.205481261,15.8713312,5,0,,,0,1
131818605,0.150000006,0.311827958,,,0.23369962,0.515750885,0.544540942,0.205100611,15.8758764,5,0,,,0,1
131819772,0.150000006,0.278350502,,,0.217582405,0.56410253,0.548055947,0.204606339,15.8758764,5.00199986,0,,,0,1
131820933,0.150000006,0.25555557,,,0.185347974,0.539926708,0.549459398,0.204411432,15.8713312,5.00199986,0,,,0,1
131822096,0.150000006,0.268292695,,,0.177289367,0.483516455,0.548077345,0.204603359,15.8895121,5.00500011,0,,,0,1
131823257,0.150000006,0.294736832,,,0.225641012,0.539926708,0.547006547,0.204752982,15.8849669,5.00500011,0,,,0,1
131824420,0.150000006,0.284090906,,,0.201465189,0.507692277,0.547750711,0.204648897,15.8576965,5.00699997,0,,,0,1
131825580,0.150000006,0.319587618,,,0.249816835,0.5318681,0.550689876,0.204241648,15.8849669,5.00699997,0,,,0,1
131826948,0.150000006,0.326530606,,,0.257875443,0.5318681,0.55722791,0.203356698,15.8804216,5.00899982,0,,,0,1
131828108,0.150000006,0.25,,,0.177289367,0.5318681,0.563552082,0.202527285,15.8622417,5.00899982,0,,,0,1
131829271,0.150000006,0.284313738,,,0.23369962,0.588278353,0.56605643,0.202205777,15.8713312,5.01200008,0,,,0,1
131830432,0.150000006,0.277777791,,,0.201465189,0.523809493,0.567370713,0.202038601,15.8895121,5.01200008,0,,,0,1
131831600,0.150000006,0.270588249,,,0.185347974,0.49963367,0.568319559,0.201918557,15.866787,5.01399994,0,,,0,1
131832760,0.150000006,0.279569894,,,0.209523797,0.539926708,0.568653822,0.201876402,15.866787,5.01399994,0,,,0,1
131833924,0.150000006,0.302083343,,,0.23369962,0.539926708,0.570358992,0.201662362,15.8895121,5.01600027,0,,,0,1
131835084,0.150000006,0.298701286,,,0.185347974,0.435164809,0.574337602,0.20116964,15.8713312,5.01600027,0,,,0,1
131836248,0.150000006,0.284210533,,,0.217582405,0.547985315,0.578830361,0.200624213,15.8804216,5.01900005,0,,,0,1
131837408,0.150000006,0.290909082,,,0.257875443,0.628571391,0.582924902,0.20013696,15.8758764,5.01900005,0,,,0,1
131838571,0.150000006,0.178571433,,,0.120879114,0.556043923,0.581898928,0.20025818,15.8758764,5.02099991,0,,,0,1
131839731,0.150000006,0.296703309,,,0.217582405,0.515750885,0.57595551,0.200971901,15.8804216,5.02099991,0,,,0,1
131840895,0.150000006,0.25,,,0.177289367,0.5318681,0.571742058,0.201490015,15.8804216,5.02299976,0,,,0,1
131842055,0.150000006,0.282828271,,,0.225641012,0.572161138,0.569535971,0.201765448,15.866787,5.02299976,0,,,0,1
131843223,0.150000006,0.279069781,,,0.193406582,0.49963367,0.568976104,0.201835811,15.8849669,5.02600002,0,,,0,1
131844384,0.150000006,0.302083343,,,0.23369962,0.539926708,0.57086587,0.201599076,15.8758764,5.02600002,0,,,0,1
131845547,0.150000006,0.270833343,,,0.209523797,0.56410253,0.573957503,0.20121631,15.8531513,5.02799988,0,,,0,1
131846911,0.150000006,0.235294119,,,0.161172152,0.523809493,0.574254751,0.201179802,15.8713312,5.02799988,0,,,0,1
131848075,0.150000006,0.247191012,,,0.177289367,0.539926708,0.570377707,0.201660037,15.8758764,5.03100014,0,,,0,1
131849235,0.150000006,0.266666681,,,0.193406582,0.5318681,0.565724015,0.202248231,15.8713312,5.03100014,0,,,0,1
131850399,0.150000006,0.270833343,,,0.209523797,0.56410253,0.562733293,0.202633247,15.866787,5.03299999,0,,,0,1
131851559,0.150000006,0.265060246,,,0.177289367,0.491575062,0.560887456,0.202873662,15.8849669,5.03299999,0,,,0,1
131852723,0.150000006,0.290322572,,,0.217582405,0.5318681,0.560226083,0.202960297,15.8849669,5.03499985,0,,,0,1
131853883,0.150000006,0.316831678,,,0.257875443,0.556043923,0.562982738,0.202600926,15.8531513,5.03499985,0,,,0,1
131855052,0.150000006,0.258064508,,,0.193406582,0.556043923,0.567284048,0.202049583,15.8849669,5.03800011,0,,,0,1
131856212,0.150000006,0.305263162,,,0.23369962,0.5318681,0.570818365,0.201605007,15.8849669,5.03800011,0,,,0,1
131857376,0.150000006,0.258823544,,,0.177289367,0.507692277,0.573849082,0.201229647,15.866787,5.03999996,0,,,0,1
131858536,0.150000006,0.297029704,,,0.241758227,0.572161138,0.576326787,0.200926736,15.8622417,5.03999996,0,,,0,1
131859700,0.150000006,0.306122452,,,0.241758227,0.547985315,0.580728889,0.200397149,15.8895121,5.04199982,0,,,0,1
131860860,0.150000006,0.279569894,,,0.209523797,0.539926708,0.586680472,0.199698061,15.8713312,5.04199982,0,,,0,1
131862023,0.150000006,0.276595742,,,0.209523797,0.547985315,0.591300249,0.199168399,15.8576965,5.04399967,0,,,0,1
131863184,0.150000006,0.247524753,,,0.201465189,0.612454176,0.593115151,0.198963329,15.8849669,5.04399967,0,,,0,1
131864347,0.150000006,0.25,,,0.177289367,0.5318681,0.591612101,0.199133039,15.8713312,5.04699993,0,,,0,1
131865508,0.150000006,0.260869563,,,0.193406582,0.547985315,0.588612854,0.199475154,15.8622417,5.04699993,0,,,0,1
131866676,0.150000006,0.278846145,,,0.23369962,0.604395568,0.586927533,0.199669451,15.8758764,5.04899979,0,,,0,1
131868040,0.150000006,0.25,,,0.177289367,0.5318681,0.586156189,0.199758872,15.8895121,5.04899979,0,,,0,1
131869203,0.150000006,0.265957445,,,0.201465189,0.556043923,0.584729016,0.199925169,15.8713312,5.05200005,0,,,0,1
131870364,0.150000006,0.247311831,,,0.185347974,0.56410253,0.582584798,0.200177073,15.8576965,5.05200005,0,,,0,1
131871527,0.150000006,0.269662917,,,0.193406582,0.523809493,0.58025533,0.200453594,15.8849669,5.0539999,0,,,0,1
131872688,0.150000006,0.25555557,,,0.185347974,0.539926708,0.578270853,0.200691506,15.8804216,5.0539999,0,,,0,1
131873851,0.150000006,0.269662917,,,0.193406582,0.523809493,0.576587617,0.200895041,15.8622417,5.05600023,0,,,0,1
131875011,0.150000006,0.30392158,,,0.249816835,0.572161138,0.577311099,0.200807363,15.866787,5.05600023,0,,,0,1
131876175,0.150000006,0.257731944,,,0.201465189,0.580219746,0.580028415,0.200480685,15.8895121,5.05900002,0,,,0,1
131877340,0.150000006,0.25,,,0.177289367,0.5318681,0.580609858,0.200411335,15.866787,5.05900002,0,,,0,1
131878504,0.150000006,0.258426964,,,0.185347974,0.5318681,0.578756154,0.200633138,15.8576965,5.06099987,0,,,0,1
131879665,0.150000006,0.294117659,,,0.241758227,0.580219746,0.578138649,0.200707436,15.8849669,5.06099987,0,,,0,1
131880828,0.150000006,0.207317069,,,0.136996329,0.523809493,0.576866627,0.200861201,15.8758764,5.06299973,0,,,0,1
131881989,0.150000006,0.252747267,,,0.185347974,0.547985315,0.571761429,0.201487616,15.8622417,5.06299973,0,,,0,1
131883152,0.150000006,0.271844655,,,0.225641012,0.604395568,0.56717366,0.202063605,15.8758764,5.06599998,0,,,0,1
131884312,0.150000006,0.25555557,,,0.185347974,0.539926708,0.564868867,0.202357769,15.8849669,5.06599998,0,,,0,1
131885475,0.150000006,0.232558146,,,0.161172152,0.5318681,0.561563671,0.202785328,15.8622417,5.06799984,0,,,0,1
131886636,0.150000006,0.273684204,,,0.209523797,0.556043923,0.557607234,0.203306228,15.8622417,5.06799984,0,,,0,1
131887799,0.150000006,0.289719611,,,0.249816835,0.612454176,0.55660218,0.203440174,15.8849669,5.07000017,0,,,0,1
131889168,0.150000006,0.291666657,,,0.225641012,0.547985315,0.559226692,0.203091815,15.8804216,5.07000017,0,,,0,1
131890331,0.150000006,0.274725288,,,0.201465189,0.5318681,0.563127875,0.202582121,15.866787,5.07299995,0,,,0,1
131891492,0.150000006,0.270833343,,,0.209523797,0.56410253,0.566247284,0.202181429,15.8622417,5.07299995,0,,,0,1
131892655,0.150000006,0.260869563,,,0.193406582,0.547985315,0.56791687,0.201969445,15.8849669,5.07500029,0,,,0,1
131893815,0.150000006,0.277777791,,,0.201465189,0.523809493,0.568905771,0.201844662,15.8758764,5.07500029,0,,,0,1
131894979,0.150000006,0.272727281,,,0.217582405,0.580219746,0.570361376,0.201662064,15.8531513,5.07700014,0,,,0,1
131896139,0.150000006,0.271739125,,,0.201465189,0.539926708,0.572099447,0.201445684,15.8804216,5.07700014,0,,,0,1
131897303,0.150000006,0.282608688,,,0.209523797,0.5318681,0.574206233,0.201185763,15.8804216,5.07999992,0,,,0,1
131898463,0.150000006,0.247191012,,,0.177289367,0.539926708,0.575574219,0.201018363,15.8622417,5.07999992,0,,,0,1
131899627,0.150000006,0.278350502,,,0.217582405,0.56410253,0.575700104,0.201003015,15.866787,5.08199978,0,,,0,1
131900792,0.150000006,0.258064508,,,0.193406582,0.556043923,0.575805724,0.20099014,15.8895121,5.08199978,0,,,0,1
131901956,0.150000006,0.264705896,,,0.217582405,0.604395568,0.575650275,0.20100908,15.8804216,5.08399963,0,,,0,1
131903116,0.150000006,0.268041223,,,0.209523797,0.572161138,0.575563431,0.201019689,15.8531513,5.08399963,0,,,0,1
131904280,0.150000006,0.263736278,,,0.193406582,0.539926708,0.575806916,0.200989977,15.8758764,5.08699989,0,,,0,1
131905440,0.150000006,0.28125,,,0.217582405,0.556043923,0.576707602,0.200880483,15.8804216,5.08699989,0,,,0,1
131906604,0.150000006,0.257425755,,,0.209523797,0.604395568,0.578065157,0.200716287,15.8622417,5.08899975,0,,,0,1
131907764,0.150000006,0.289999992,,,0.23369962,0.572161138,0.579961061,0.200488731,15.8622417,5.08899975,0,,,0,1
131908927,0.150000006,0.28125,,,0.217582405,0.556043923,0.583589852,0.200058699,15.8849669,5.09100008,0,,,0,1
131910292,0.150000006,0.288659781,,,0.225641012,0.556043923,0.588628411,0.199473366,15.8758764,5.09100008,0,,,0,1
131911455,0.150000006,0.289473683,,,0.26593405,0.652747214,0.594850719,0.19876878,15.8758764,5.09399986,0,,,0,1
131912620,0.150000006,0.227272734,,,0.161172152,0.547985315,0.59903121,0.198306337,15.8758764,5.09399986,0,,,0,1
131913783,0.150000006,0.275862068,,,0.193406582,0.507692277,0.599599957,0.19824408,15.8622417,5.09600019,0,,,0,1
131914944,0.150000006,0.254901975,,,0.209523797,0.612454176,0.599722326,0.198230714,15.8758764,5.09600019,0,,,0,1
131916107,0.150000006,0.259615391,,,0.217582405,0.620512784,0.599846363,0.198217168,15.8804216,5.09899998,0,,,0,1
131917267,0.150000006,0.220779225,,,0.136996329,0.483516455,0.597634852,0.198459849,15.8622417,5.09899998,0,,,0,1
131918431,0.150000006,0.258064508,,,0.193406582,0.556043923,0.59319979,0.198953807,15.8713312,5.10099983,0,,,0,1
131919591,0.150000006,0.282051295,,,0.26593405,0.676923037,0.591076374,0.199193805,15.8758764,5.10099983,0,,,0,1
131920755,0.150000006,0.287234038,,,0.217582405,0.539926708,0.593413293,0.198929802,15.8758764,5.10299969,0,,,0,1
131921915,0.150000006,0.25,,,0.177289367,0.5318681,0.59669441,0.198563769,15.8622417,5.10299969,0,,,0,1
131923079,0.150000006,0.273684204,,,0.209523797,0.556043923,0.598584592,0.198355332,15.8713312,5.10599995,0,,,0,1
131924244,0.150000006,0.264150947,,,0.225641012,0.628571391,0.600401998,0.198156565,15.8804216,5.10599995,0,,,0,1
131925407,0.150000006,0.247191012,,,0.177289367,0.539926708,0.601373613,0.198050976,15.8713312,5.1079998,0,,,0,1
131926567,0.150000006,0.244680852,,,0.185347974,0.572161138,0.600055635,0.198194325,15.8576965,5.1079998,0,,,0,1
131927731,0.150000006,0.268518507,,,0.23369962,0.636629999,0.598437309,0.1983715,15.866787,5.11000013,0,,,0,1
131928891,0.150000006,0.254901975,,,0.209523797,0.612454176,0.598108888,0.19840762,15.8895121,5.11000013,0,,,0,1
131930055,0.150000006,0.274725288,,,0.201465189,0.5318681,0.598896563,0.198321104,15.8713312,5.11299992,0,,,0,1
131931420,0.150000006,0.27619049,,,0.23369962,0.612454176,0.601411521,0.198046863,15.8622417,5.11299992,0,,,0,1
131932583,0.150000006,0.219780222,,,0.161172152,0.572161138,0.602573037,0.197921216,15.866787,5.11500025,0,,,0,1
131933744,0.150000006,0.265306115,,,0.209523797,0.580219746,0.600840926,0.198108807,15.8622417,5.11500025,0,,,0,1
131934907,0.150000006,0.300000012,,,0.26593405,0.620512784,0.601928711,0.19799082,15.8713312,5.1170001,0,,,0,1
131936072,0.150000006,0.242718443,,,0.201465189,0.628571391,0.605749369,0.197580904,15.8758764,5.1170001,0,,,0,1
131937235,0.150000006,0.258064508,,,0.193406582,0.556043923,0.607699156,0.197374359,15.8576965,5.11999989,0,,,0,1
131938396,0.150000006,0.262626261,,,0.209523797,0.588278353,0.608667135,0.197272465,15.866787,5.11999989,0,,,0,1
131939559,0.150000006,0.28318584,,,0.257875443,0.652747214,0.611409903,0.196986064,15.8758764,5.12199974,0,,,0,1
131940720,0.150000006,0.25252524,,,0.201465189,0.596336961,0.61531955,0.196583629,15.8804216,5.12199974,0,,,0,1
131941884,0.150000006,0.270833343,,,0.209523797,0.56410253,0.618725657,0.196238518,15.8576965,5.1239996,0,,,0,1
131943044,0.150000006,0.284313738,,,0.23369962,0.588278353,0.623292148,0.195783556,15.8576965,5.1239996,0,,,0,1
131944207,0.150000006,0.245283023,,,0.209523797,0.644688606,0.628211677,0.195303157,15.8849669,5.12699986,0,,,0,1
131945368,0.150000006,0.228260875,,,0.169230759,0.572161138,0.629282296,0.195199907,15.8758764,5.12699986,0,,,0,1
131946535,0.150000006,0.239130437,,,0.177289367,0.56410253,0.626486242,0.195470527,15.8576965,5.12899971,0,,,0,1
131947696,0.150000006,0.247619048,,,0.209523797,0.636629999,0.623084247,0.195804074,15.8622417,5.12899971,0,,,0,1
131948860,0.150000006,0.275510192,,,0.217582405,0.572161138,0.622110128,0.195900485,15.8895121,5.13100004,0,,,0,1
131950020,0.150000006,0.25999999,,,0.209523797,0.596336961,0.623976946,0.195716083,15.8804216,5.13100004,0,,,0,1
131951184,0.150000006,0.212121218,,,0.169230759,0.628571391,0.6239236,0.195721343,15.8531513,5.13399982,0,,,0,1
131952548,0.150000006,0.231578946,,,0.177289367,0.588278353,0.619446039,0.196166143,15.8713312,5.13399982,0,,,0,1
131953711,0.150000006,0.252631575,,,0.193406582,0.572161138,0.61457783,0.196659446,15.8531513,5.13600016,0,,,0,1
131954871,0.150000006,0.257142872,,,0.217582405,0.628571391,0.612250507,0.196898952,15.8622417,5.13600016,0,,,0,1
131956035,0.150000006,0.252336442,,,0.217582405,0.644688606,0.611791074,0.196946532,15.8849669,5.13800001,0,,,0,1
131957195,0.150000006,0.232558146,,,0.161172152,0.5318681,0.610779762,0.19705157,15.8713312,5.13800001,0,,,0,1
131958363,0.150000006,0.223404258,,,0.169230759,0.588278353,0.607097387,0.197437927,15.8531513,5.14099979,0,,,0,1
131959523,0.150000006,0.233644858,,,0.201465189,0.660805821,0.601607561,0.198025614,15.866787,5.14099979,0,,,0,1
131960687,0.150000006,0.278350502,,,0.217582405,0.56410253,0.598400474,0.198375553,15.8895121,5.14299965,0,,,0,1
131961847,0.150000006,0.228260875,,,0.169230759,0.572161138,0.597429752,0.198482469,15.8758764,5.14299965,0,,,0,1
131963010,0.150000006,0.25688073,,,0.225641012,0.652747214,0.596010327,0.198639631,15.8531513,5.14499998,0,,,0,1
131964171,0.150000006,0.263157904,,,0.201465189,0.56410253,0.59565866,0.198678732,15.866787,5.14499998,0,,,0,1
131965334,0.150000006,0.270000011,,,0.217582405,0.588278353,0.597492933,0.198475495,15.8758764,5.14799976,0,,,0,1
131966494,0.150000006,0.285714298,,,0.257875443,0.644688606,0.601798713,0.198004916,15.8713312,5.14799976,0,,,0,1
131967658,0.150000006,0.24545455,,,0.217582405,0.668864429,0.606925011,0.197456181,15.8713312,5.1500001,0,,,0,1
131968818,0.150000006,0.164705887,,,0.112820506,0.572161138,0.605368793,0.197621435,15.8622417,5.1500001,0,,,0,1
131969986,0.150000006,0.239130437,,,0.177289367,0.56410253,0.596907139,0.198540211,15.866787,5.15199995,0,,,0,1
131971146,0.150000006,0.256637156,,,0.23369962,0.676923037,0.590496838,0.199259698,15.8713312,5.15199995,0,,,0,1
131972309,0.150000006,0.284313738,,,0.23369962,0.588278353,0.589942813,0.199322864,15.8804216,5.15500021,0,,,0,1
131973674,0.150000006,0.295238107,,,0.249816835,0.596336961,0.59490186,0.198763072,15.8804216,5.15500021,0,,,0,1
131974837,0.150000006,0.242718443,,,0.201465189,0.628571391,0.601425767,0.198045313,15.8622417,5.15700006,0,,,0,1
131975997,0.150000006,0.244680852,,,0.185347974,0.572161138,0.604745984,0.197687909,15.8622417,5.15700006,0,,,0,1
131977160,0.150000006,0.270833343,,,0.209523797,0.56410253,0.606616914,0.197488815,15.866787,5.15999985,0,,,0,1
131978321,0.150000006,0.254901975,,,0.209523797,0.612454176,0.609356225,0.197200194,15.866787,5.15999985,0,,,0,1
131979484,0.150000006,0.256637156,,,0.23369962,0.676923037,0.61209476,0.19691509,15.8849669,5.1619997,0,,,0,1
131980644,0.150000006,0.211111113,,,0.153113544,0.572161138,0.612171829,0.196907103,15.8622417,5.1619997,0,,,0,1
131981812,0.150000006,0.221052632,,,0.169230759,0.596336961,0.607801795,0.197363526,15.8531513,5.16400003,0,,,0,1
131982972,0.150000006,0.25454545,,,0.225641012,0.660805821,0.602910757,0.197884798,15.866787,5.16400003,0,,,0,1
131984136,0.150000006,0.285714298,,,0.241758227,0.604395568,0.602679431,0.197909743,15.8804216,5.16699982,0,,,0,1
131985296,0.150000006,0.269230783,,,0.225641012,0.612454176,0.607089221,0.197438791,15.8758764,5.16699982,0,,,0,1
131986459,0.150000006,0.25,,,0.225641012,0.676923037,0.612135649,0.196910828,15.8576965,5.16900015,0,,,0,1
131987619,0.150000006,0.236559138,,,0.177289367,0.572161138,0.614710808,0.196645826,15.8622417,5.16900015,0,,,0,1
131988782,0.150000006,0.252747267,,,0.185347974,0.547985315,0.615269363,0.19658877,15.8622417,5.171,0,,,0,1
131989943,0.150000006,0.236363634,,,0.209523797,0.676923037,0.615063667,0.19660978,15.8713312,5.171,0,,,0,1
131991106,0.150000006,0.252252251,,,0.225641012,0.668864429,0.614689946,0.196647987,15.8804216,5.17400026,0,,,0,1
131992267,0.150000006,0.195402294,,,0.136996329,0.56410253,0.612103641,0.196914151,15.8713312,5.17400026,0,,,0,1
131993435,0.150000006,0.230769232,,,0.169230759,0.56410253,0.605985165,0.19755584,15.8622417,5.17600012,0,,,0,1
131994799,0.150000006,0.227722779,,,0.185347974,0.628571391,0.599505663,0.198254406,15.8576965,5.17600012,0,,,0,1
131995962,0.150000006,0.25,,,0.185347974,0.556043923,0.594859481,0.198767796,15.8622417,5.17799997,0,,,0,1
131997123,0.150000006,0.287128717,,,0.23369962,0.580219746,0.594300807,0.198830247,15.8713312,5.17799997,0,,,0,1
131998287,0.150000006,0.266666681,,,0.257875443,0.709157467,0.598212957,0.198396176,15.8758764,5.18099976,0,,,0,1
131999447,0.150000006,0.237623766,,,0.193406582,0.620512784,0.602184057,0.197963223,15.8804216,5.18099976,0,,,0,1
132000611,0.150000006,0.274509817,,,0.225641012,0.596336961,0.605113029,0.197648719,15.866787,5.18299961,0,,,0,1
132001771,0.150000006,0.257731944,,,0.201465189,0.580219746,0.608994186,0.197238117,15.8486061,5.18299961,0,,,0,1
132002935,0.150000006,0.257425755,,,0.209523797,0.604395568,0.612946391,0.196827099,15.8713312,5.18499994,0,,,0,1
132004095,0.150000006,0.271844655,,,0.225641012,0.604395568,0.617132783,0.196399271,15.8758764,5.18499994,0,,,0,1
132005263,0.150000006,0.238095239,,,0.201465189,0.644688606,0.621019065,0.196008906,15.8758764,5.18799973,0,,,0,1
132006423,0.150000006,0.233009711,,,0.193406582,0.636629999,0.622067332,0.195904732,15.8622417,5.18799973,0,,,0,1
132007587,0.150000006,0.172413796,,,0.120879114,0.580219746,0.61710614,0.196401983,15.8622417,5.19000006,0,,,0,1
132008747,0.150000006,0.247524753,,,0.201465189,0.612454176,0.608406365,0.197299868,15.8713312,5.19000006,0,,,0,1
132009910,0.150000006,0.280701756,,,0.257875443,0.660805821,0.604594529,0.197704092,15.8713312,5.19199991,0,,,0,1
132011071,0.150000006,0.25252524,,,0.201465189,0.596336961,0.606431007,0.197508499,15.8849669,5.19199991,0,,,0,1
132012234,0.150000006,0.25999999,,,0.209523797,0.596336961,0.609424114,0.197193086,15.8622417,5.19500017,0,,,0,1
132013394,0.150000006,0.247619048,,,0.209523797,0.636629999,0.612112105,0.196913287,15.8486061,5.19500017,0,,,0,1
132014557,0.150000006,0.262626261,,,0.209523797,0.588278353,0.614753783,0.19664143,15.866787,5.19700003,0,,,0,1
132015921,0.150000006,0.257731944,,,0.201465189,0.580219746,0.617947221,0.196316928,15.8576965,5.19700003,0,,,0,1
132017089,0.150000006,0.270000011,,,0.217582405,0.588278353,0.622048199,0.195906624,15.8576965,5.19999981,0,,,0,1
132018250,0.150000006,0.25688073,,,0.225641012,0.652747214,0.626812339,0.195438802,15.8804216,5.19999981,0,,,0,1
132019413,0.150000006,0.22115384,,,0.185347974,0.652747214,0.629288733,0.195199296,15.8713312,5.20199966,0,,,0,1
132020574,0.150000006,0.233644858,,,0.201465189,0.660805821,0.627979279,0.195325613,15.8622417,5.20199966,0,,,0,1
132021737,0.150000006,0.24545455,,,0.217582405,0.668864429,0.62594831,0.195522934,15.8576965,5.204,0,,,0,1
132022897,0.150000006,0.192771077,,,0.128937721,0.539926708,0.622158945,0.195895642,15.8622417,5.204,0,,,0,1
132024061,0.150000006,0.257425755,,,0.209523797,0.604395568,0.616689503,0.196444228,15.8713312,5.20699978,0,,,0,1
132025221,0.150000006,0.293103456,,,0.273992658,0.660805821,0.61652118,0.19646129,15.8713312,5.20699978,0,,,0,1
132026385,0.150000006,0.235849053,,,0.201465189,0.652747214,0.620821297,0.19602862,15.8804216,5.20900011,0,,,0,1
132027550,0.150000006,0.237623766,,,0.193406582,0.620512784,0.623110592,0.195801467,15.866787,5.20900011,0,,,0,1
132028714,0.150000006,0.230769232,,,0.193406582,0.644688606,0.622603476,0.195851609,15.8440609,5.21099997,0,,,0,1
132029875,0.150000006,0.25,,,0.201465189,0.604395568,0.62156707,0.195954397,15.8622417,5.21099997,0,,,0,1
132031038,0.150000006,0.239583328,,,0.185347974,0.588278353,0.621076822,0.196003169,15.8622417,5.21400023,0,,,0,1
132032199,0.150000006,0.247706428,,,0.217582405,0.660805821,0.620929778,0.196017817,15.866787,5.21400023,0,,,0,1
132033362,0.150000006,0.256637156,,,0.23369962,0.676923037,0.621942818,0.19591707,15.8758764,5.21600008,0,,,0,1
132034523,0.150000006,0.229166672,,,0.177289367,0.596336961,0.623102486,0.195802271,15.8713312,5.21600008,0,,,0,1
132035890,0.150000006,0.24545455,,,0.217582405,0.668864429,0.623039544,0.1958085,15.8713312,5.21800041,0,,,0,1
132037051,0.150000006,0.245762706,,,0.23369962,0.717216074,0.623279512,0.195784807,15.8713312,5.21800041,0,,,0,1
132038214,0.150000006,0.209302321,,,0.145054936,0.547985315,0.622287273,0.195882916,15.8622417,5.22099972,0,,,0,1
132039379,0.150000006,0.24742268,,,0.193406582,0.588278353,0.619386375,0.196172118,15.8576965,5.22099972,0,,,0,1
132040543,0.150000006,0.27966103,,,0.26593405,0.684981644,0.619692802,0.196141407,15.8576965,5.22300005,0,,,0,1
132041703,0.150000006,0.264705896,,,0.217582405,0.604395568,0.624744833,0.195640668,15.8758764,5.22300005,0,,,0,1
132042866,0.150000006,0.247619048,,,0.209523797,0.636629999,0.63052398,0.195080742,15.8758764,5.2249999,0,,,0,1
132044027,0.150000006,0.266666681,,,0.257875443,0.709157467,0.635870934,0.19457452,15.8622417,5.2249999,0,,,0,1
132045190,0.150000006,0.22115384,,,0.185347974,0.652747214,0.639959335,0.194194898,15.8758764,5.22800016,0,,,0,1
132046350,0.150000006,0.247524753,,,0.201465189,0.612454176,0.641441762,0.194058806,15.8576965,5.22800016,0,,,0,1
132047514,0.150000006,0.266666681,,,0.225641012,0.620512784,0.643817663,0.193842396,15.8440609,5.23000002,0,,,0,1
132048674,0.150000006,0.227272734,,,0.201465189,0.684981644,0.647117019,0.193545282,15.866787,5.23000002,0,,,0,1
132049838,0.150000006,0.271844655,,,0.225641012,0.604395568,0.650316954,0.193260849,15.866787,5.23199987,0,,,0,1
132051003,0.150000006,0.25454545,,,0.225641012,0.660805821,0.655480266,0.192809507,15.866787,5.23199987,0,,,0,1
132052166,0.150000006,0.237288132,,,0.225641012,0.725274682,0.66059351,0.192371503,15.8713312,5.23500013,0,,,0,1
132053326,0.150000006,0.230000004,,,0.185347974,0.620512784,0.662977993,0.192170233,15.8622417,5.23500013,0,,,0,1
132054490,0.150000006,0.188888893,,,0.136996329,0.588278353,0.660269618,0.192398995,15.8531513,5.23699999,0,,,0,1
132055650,0.150000006,0.254385978,,,0.23369962,0.684981644,0.655115545,0.192841083,15.8576965,5.23699999,0,,,0,1
132057018,0.150000006,0.244680852,,,0.185347974,0.572161138,0.653374195,0.192992508,15.8531513,5.23900032,0,,,0,1
132058178,0.150000006,0.20792079,,,0.169230759,0.644688606,0.652017832,0.193111151,15.8531513,5.23900032,0,,,0,1
132059342,0.150000006,0.245762706,,,0.23369962,0.717216074,0.6491431,0.193364769,15.8622417,5.24199963,0,,,0,1
132060502,0.150000006,0.219999999,,,0.177289367,0.628571391,0.646771371,0.193576217,15.8849669,5.24199963,0,,,0,1
132061665,0.150000006,0.242990658,,,0.209523797,0.652747214,0.644797921,0.193753704,15.8758764,5.24399996,0,,,0,1
132062831,0.150000006,0.265486717,,,0.241758227,0.668864429,0.64558506,0.19368273,15.8576965,5.24399996,0,,,0,1
132063994,0.150000006,0.217821777,,,0.177289367,0.636629999,0.647772908,0.193486691,15.8713312,5.24599981,0,,,0,1
132065154,0.150000006,0.210526317,,,0.161172152,0.604395568,0.64614898,0.193632036,15.8576965,5.24599981,0,,,0,1
132066317,0.150000006,0.235294119,,,0.193406582,0.628571391,0.642023385,0.194005623,15.8486061,5.24900007,0,,,0,1
132067478,0.150000006,0.252336442,,,0.217582405,0.644688606,0.640046477,0.194186866,15.8758764,5.24900007,0,,,0,1
132068641,0.150000006,0.240740746,,,0.209523797,0.660805821,0.640683174,0.194128349,15.8713312,5.25099993,0,,,0,1
132069801,0.150000006,0.227272734,,,0.201465189,0.684981644,0.641154051,0.194085151,15.8713312,5.25099993,0,,,0,1
132070965,0.150000006,0.241379306,,,0.225641012,0.709157467,0.640914381,0.194107115,15.8758764,5.25300026,0,,,0,1
132072125,0.150000006,0.217391297,,,0.161172152,0.580219746,0.639929295,0.19419767,15.866787,5.25300026,0,,,0,1
132073289,0.150000006,0.229166672,,,0.177289367,0.596336961,0.637336612,0.194437683,15.8576965,5.25600004,0,,,0,1
132074454,0.150000006,0.23931624,,,0.225641012,0.717216074,0.634936273,0.194662213,15.8576965,5.25600004,0,,,0,1
132075617,0.150000006,0.206185564,,,0.161172152,0.620512784,0.632208049,0.194920093,15.8713312,5.25800037,0,,,0,1
132076778,0.150000006,0.270270258,,,0.241758227,0.652747214,0.630212903,0.195110515,15.8713312,5.25800037,0,,,0,1
132078145,0.150000006,0.264957279,,,0.249816835,0.693040252,0.633085191,0.19483687,15.8531513,5.26099968,0,,,0,1
132079305,0.150000006,0.229166672,,,0.177289367,0.596336961,0.637692213,0.194404617,15.8713312,5.26099968,0,,,0,1
132080469,0.150000006,0.270270258,,,0.241758227,0.652747214,0.641751289,0.194030493,15.8758764,5.26300001,0,,,0,1
132081629,0.150000006,0.264957279,,,0.249816835,0.693040252,0.648233831,0.193445593,15.866787,5.26300001,0,,,0,1
132082792,0.150000006,0.238532111,,,0.209523797,0.668864429,0.655384064,0.192817822,15.8804216,5.26499987,0,,,0,1
132083953,0.150000006,0.238095239,,,0.201465189,0.644688606,0.660021544,0.192420065,15.8713312,5.26499987,0,,,0,1
132085116,0.150000006,0.216981128,,,0.185347974,0.668864429,0.661402285,0.192303032,15.8440609,5.26800013,0,,,0,1
132086281,0.150000006,0.223214284,,,0.201465189,0.701098859,0.659806788,0.192438319,15.8622417,5.26800013,0,,,0,1
132087444,0.150000006,0.1875,,,0.145054936,0.628571391,0.654702783,0.192876875,15.8531513,5.26999998,0,,,0,1
132088605,0.150000006,0.241071433,,,0.217582405,0.684981644,0.648210585,0.193447664,15.8486061,5.26999998,0,,,0,1
132089768,0.150000006,0.22807017,,,0.209523797,0.709157467,0.644423306,0.193787545,15.8713312,5.27199984,0,,,0,1
132090928,0.150000006,0.240384609,,,0.201465189,0.636629999,0.643134296,0.193904415,15.8713312,5.27199984,0,,,0,1
132092092,0.150000006,0.24545455,,,0.217582405,0.668864429,0.643747509,0.193848744,15.8713312,5.2750001,0,,,0,1
132093252,0.150000006,0.236842111,,,0.217582405,0.701098859,0.645707488,0.193671718,15.8713312,5.2750001,0,,,0,1
132094415,0.150000006,0.235849053,,,0.201465189,0.652747214,0.647583008,0.193503633,15.866787,5.27699995,0,,,0,1
132095576,0.150000006,0.20792079,,,0.169230759,0.644688606,0.647356093,0.193523899,15.8531513,5.27699995,0,,,0,1
132096743,0.150000006,0.22807017,,,0.209523797,0.709157467,0.64478898,0.193754509,15.8531513,5.27900028,0,,,0,1
132097904,0.150000006,0.181818187,,,0.128937721,0.580219746,0.639513493,0.194235981,15.8576965,5.27900028,0,,,0,1
132099271,0.150000006,0.259259254,,,0.225641012,0.644688606,0.633884907,0.194761246,15.866787,5.28199959,0,,,0,1
132100431,0.150000006,0.262711853,,,0.249816835,0.701098859,0.633899987,0.194759816,15.8531513,5.28199959,0,,,0,1
132101595,0.150000006,0.225806445,,,0.169230759,0.580219746,0.63706398,0.194463089,15.8576965,5.28399992,0,,,0,1
132102755,0.150000006,0.254716992,,,0.217582405,0.636629999,0.639598191,0.194228187,15.8531513,5.28399992,0,,,0,1
132103919,0.150000006,0.268292695,,,0.26593405,0.725274682,0.644366682,0.193792671,15.8531513,5.28599977,0,,,0,1
132105079,0.150000006,0.230769232,,,0.193406582,0.644688606,0.650435269,0.193250418,15.8713312,5.28599977,0,,,0,1
132106242,0.150000006,0.252173901,,,0.23369962,0.693040252,0.655204833,0.192833334,15.8758764,5.28900003,0,,,0,1
132107403,0.150000006,0.254098356,,,0.249816835,0.73333329,0.660610437,0.192370072,15.8622417,5.28900003,0,,,0,1
132108571,0.150000006,0.220183492,,,0.193406582,0.684981644,0.665469944,0.19196187,15.8804216,5.29099989,0,,,0,1
132109732,0.150000006,0.211538464,,,0.177289367,0.660805821,0.666145802,0.191905707,15.866787,5.29099989,0,,,0,1
132110895,0.150000006,0.24778761,,,0.225641012,0.684981644,0.665291965,0.191976681,15.8440609,5.29300022,0,,,0,1
132112055,0.150000006,0.216981128,,,0.185347974,0.668864429,0.66532141,0.191974223,15.866787,5.29300022,0,,,0,1
132113218,0.150000006,0.210526317,,,0.161172152,0.604395568,0.663349926,0.192139,15.8531513,5.296,0,,,0,1
132114379,0.150000006,0.220183492,,,0.193406582,0.684981644,0.659255564,0.192485258,15.8440609,5.296,0,,,0,1
132115542,0.150000006,0.245762706,,,0.23369962,0.717216074,0.656808317,0.192694902,15.866787,5.29800034,0,,,0,1
132116703,0.150000006,0.231481478,,,0.201465189,0.668864429,0.657102823,0.19266957,15.8622417,5.29800034,0,,,0,1
132117866,0.150000006,0.238532111,,,0.209523797,0.668864429,0.658422351,0.192556411,15.8622417,5.30000019,0,,,0,1
132119026,0.150000006,0.245901644,,,0.241758227,0.741391897,0.660915673,0.192344204,15.8804216,5.30000019,0,,,0,1
132120398,0.150000006,0.209999993,,,0.169230759,0.636629999,0.662830353,0.192182645,15.866787,5.30299997,0,,,0,1
132121559,0.150000006,0.234234229,,,0.209523797,0.684981644,0.662596583,0.1922023,15.8622417,5.30299997,0,,,0,1
132122722,0.150000006,0.234782606,,,0.217582405,0.709157467,0.662729621,0.192191109,15.8758764,5.30499983,0,,,0,1
132123883,0.150000006,0.225490198,,,0.185347974,0.636629999,0.663444102,0.192131102,15.8713312,5.30499983,0,,,0,1
132125046,0.150000006,0.232758626,,,0.217582405,0.717216074,0.663844466,0.19209756,15.8622417,5.30800009,0,,,0,1
132126207,0.150000006,0.21238938,,,0.193406582,0.717216074,0.663407862,0.192134142,15.8713312,5.30800009,0,,,0,1
132127370,0.150000006,0.178947374,,,0.136996329,0.628571391,0.658795357,0.192524523,15.866787,5.30999994,0,,,0,1
132128530,0.150000006,0.240740746,,,0.209523797,0.660805821,0.652160645,0.19309862,15.8531513,5.30999994,0,,,0,1
132129694,0.150000006,0.236842111,,,0.217582405,0.701098859,0.64939338,0.193342566,15.8486061,5.31200027,0,,,0,1
132130854,0.150000006,0.175257728,,,0.136996329,0.644688606,0.64626354,0.193621755,15.8622417,5.31200027,0,,,0,1
132132023,0.150000006,0.216981128,,,0.185347974,0.668864429,0.639295876,0.194256082,15.8531513,5.31400013,0,,,0,1
132133183,0.150000006,0.264000028,,,0.26593405,0.741391897,0.635578096,0.194601953,15.8576965,5.31400013,0,,,0,1
132134346,0.150000006,0.243243247,,,0.217582405,0.676923037,0.637916088,0.194383815,15.8713312,5.31700039,0,,,0,1
132135507,0.150000006,0.28318584,,,0.257875443,0.652747214,0.64463824,0.193768129,15.8713312,5.31700039,0,,,0,1
132136670,0.150000006,0.275590539,,,0.282051265,0.741391897,0.656210005,0.19274646,15.8622417,5.31900024,0,,,0,1
132137830,0.150000006,0.210526317,,,0.193406582,0.725274682,0.667152226,0.191822335,15.8804216,5.31900024,0,,,0,1
132138993,0.150000006,0.267241389,,,0.249816835,0.684981644,0.674681842,0.191208795,15.8713312,5.3210001,0,,,0,1
132140154,0.150000006,0.254237294,,,0.241758227,0.709157467,0.683708489,0.190496013,15.8576965,5.3210001,0,,,0,1
132141521,0.150000006,0.226086959,,,0.209523797,0.717216074,0.692630172,0.189814791,15.8804216,5.32399988,0,,,0,1
132142682,0.150000006,0.238938048,,,0.217582405,0.693040252,0.698784351,0.189357772,15.8713312,5.32399988,0,,,0,1
132143849,0.150000006,0.24166666,,,0.23369962,0.73333329,0.704539716,0.188939527,15.8622417,5.32599974,0,,,0,1
132145010,0.150000006,0.22807017,,,0.209523797,0.709157467,0.710206985,0.188536063,15.8804216,5.32599974,0,,,0,1
132146173,0.150000006,0.203703701,,,0.177289367,0.693040252,0.712638259,0.188365459,15.8622417,5.329,0,,,0,1
132147333,0.150000006,0.216666669,,,0.209523797,0.757509112,0.711346865,0.188455895,15.8486061,5.329,0,,,0,1
132148497,0.150000006,0.219298244,,,0.201465189,0.717216074,0.70938468,0.188594103,15.866787,5.33099985,0,,,0,1
132149657,0.150000006,0.24778761,,,0.225641012,0.684981644,0.710045338,0.188547477,15.8576965,5.33099985,0,,,0,1
132150821,0.150000006,0.207207203,,,0.185347974,0.709157467,0.712198794,0.188396201,15.8349714,5.33300018,0,,,0,1
132151981,0.150000006,0.185840711,,,0.169230759,0.741391897,0.709976315,0.188552335,15.8622417,5.33300018,0,,,0,1
132153144,0.150000006,0.163265303,,,0.128937721,0.660805821,0.700299144,0.189246833,15.8440609,5.33599997,0,,,0,1
132154304,0.150000006,0.214285716,,,0.193406582,0.709157467,0.68806386,0.190160647,15.8349714,5.33599997,0,,,0,1
132155473,0.150000006,0.241071433,,,0.217582405,0.684981644,0.681308985,0.190683126,15.866787,5.3380003,0,,,0,1
132156634,0.150000006,0.237623766,,,0.193406582,0.620512784,0.681104422,0.190699145,15.866787,5.3380003,0,,,0,1
132157798,0.150000006,0.262711853,,,0.249816835,0.701098859,0.685647905,0.190346017,15.8576965,5.34000015,0,,,0,1
132158958,0.150000006,0.24166666,,,0.23369962,0.73333329,0.693602085,0.189741924,15.8758764,5.34000015,0,,,0,1
132160122,0.150000006,0.209523812,,,0.177289367,0.668864429,0.699703515,0.189290375,15.866787,5.34299994,0,,,0,1
132161282,0.150000006,0.232142851,,,0.209523797,0.693040252,0.702085793,0.189116776,15.8576965,5.34299994,0,,,0,1
132162649,0.150000006,0.201680675,,,0.193406582,0.76556772,0.70221734,0.189107239,15.866787,5.34499979,0,,,0,1
132163810,0.150000006,0.201834857,,,0.177289367,0.701098859,0.699053109,0.189338028,15.8576965,5.34499979,0,,,0,1
132164973,0.150000006,0.215517238,,,0.201465189,0.73333329,0.69429481,0.189690158,15.8531513,5.34700012,0,,,0,1
132166134,0.150000006,0.245901644,,,0.241758227,0.741391897,0.692667663,0.189811975,15.8804216,5.34700012,0,,,0,1
132167302,0.150000006,0.231481478,,,0.201465189,0.668864429,0.695202887,0.189622477,15.8622417,5.3499999,0,,,0,1
132168462,0.150000006,0.252032518,,,0.249816835,0.741391897,0.700501978,0.189232022,15.8622417,5.3499999,0,,,0,1
132169625,0.150000006,0.217741936,,,0.217582405,0.781684935,0.706571043,0.188793957,15.8713312,5.35200024,0,,,0,1
132170785,0.150000006,0.222222224,,,0.193406582,0.676923037,0.710444748,0.188519314,15.8713312,5.35200024,0,,,0,1
132171949,0.150000006,0.24166666,,,0.23369962,0.73333329,0.713860929,0.188280225,15.8622417,5.35400009,0,,,0,1
132173110,0.150000006,0.211382121,,,0.209523797,0.781684935,0.717621148,0.188020363,15.8713312,5.35400009,0,,,0,1
132174273,0.150000006,0.207207203,,,0.185347974,0.709157467,0.718558788,0.187956139,15.8622417,5.35700035,0,,,0,1
132175434,0.150000006,0.18965517,,,0.177289367,0.757509112,0.715312123,0.188179538,15.8576965,5.35700035,0,,,0,1
132176597,0.150000006,0.213114753,,,0.209523797,0.773626328,0.710072875,0.188545525,15.866787,5.35900021,0,,,0,1
132177762,0.150000006,0.155339807,,,0.128937721,0.701098859,0.702004969,0.189122647,15.866787,5.35900021,0,,,0,1
132178925,0.150000006,0.22807017,,,0.209523797,0.709157467,0.692377448,0.189833775,15.8576965,5.36100006,0,,,0,1
132180086,0.150000006,0.205128208,,,0.193406582,0.749450505,0.686304808,0.190295428,15.8576965,5.36100006,0,,,0,1
132181250,0.150000006,0.173076928,,,0.145054936,0.693040252,0.679964125,0.190788746,15.8622417,5.36399984,0,,,0,1
132182410,0.150000006,0.218181819,,,0.193406582,0.693040252,0.672015011,0.191424087,15.8395166,5.36399984,0,,,0,1
132183777,0.150000006,0.229508191,,,0.225641012,0.757509112,0.667805791,0.191768393,15.8713312,5.36600018,0,,,0,1
132184938,0.150000006,0.22115384,,,0.185347974,0.652747214,0.667340696,0.191806763,15.8713312,5.36600018,0,,,0,1
132186101,0.150000006,0.211538464,,,0.177289367,0.660805821,0.66707164,0.191829011,15.8622417,5.36899996,0,,,0,1
132187262,0.150000006,0.233333334,,,0.225641012,0.741391897,0.666958034,0.191838413,15.8622417,5.36899996,0,,,0,1
132188425,0.150000006,0.252336442,,,0.217582405,0.644688606,0.670016527,0.191586867,15.8576965,5.37100029,0,,,0,1
132189591,0.150000006,0.241379306,,,0.225641012,0.709157467,0.67644608,0.191067562,15.8531513,5.37100029,0,,,0,1
132190754,0.150000006,0.219512194,,,0.217582405,0.773626328,0.682583451,0.190583527,15.8486061,5.37300014,0,,,0,1
132191914,0.150000006,0.223214284,,,0.201465189,0.701098859,0.686287344,0.190296769,15.8622417,5.37300014,0,,,0,1
132193078,0.150000006,0.186274514,,,0.153113544,0.668864429,0.686048746,0.190315127,15.8486061,5.3760004,0,,,0,1
132194238,0.150000006,0.228346437,,,0.23369962,0.789743543,0.683183849,0.190536782,15.8486061,5.3760004,0,,,0,1
132195402,0.150000006,0.184466019,,,0.153113544,0.676923037,0.679515839,0.190824077,15.8576965,5.37800026,0,,,0,1
132196563,0.150000006,0.207547173,,,0.177289367,0.676923037,0.673946023,0.191267967,15.8440609,5.37800026,0,,,0,1
132197726,0.150000006,0.234375,,,0.241758227,0.789743543,0.670043349,0.191584662,15.8486061,5.38000011,0,,,0,1
132198886,0.150000006,0.220183492,,,0.193406582,0.684981644,0.669733405,0.191610008,15.8622417,5.38000011,0,,,0,1
132200050,0.150000006,0.225225225,,,0.201465189,0.693040252,0.670572102,0.191541478,15.8531513,5.3829999,0,,,0,1
132201215,0.150000006,0.210084036,,,0.201465189,0.757509112,0.670926452,0.19151257,15.8486061,5.3829999,0,,,0,1
132202379,0.150000006,0.196261689,,,0.169230759,0.693040252,0.668939531,0.191675097,15.8622417,5.38499975,0,,,0,1
132203540,0.150000006,0.234234229,,,0.209523797,0.684981644,0.666349471,0.191888824,15.8486061,5.38499975,0,,,0,1
132204907,0.150000006,0.246031746,,,0.249816835,0.76556772,0.667671621,0.19177945,15.8531513,5.38700008,0,,,0,1
132206067,0.150000006,0.190476194,,,0.161172152,0.684981644,0.669752717,0.191608444,15.8576965,5.38700008,0,,,0,1
132207231,0.150000006,0.220183492,,,0.193406582,0.684981644,0.668616235,0.191701666,15.8531513,5.38999987,0,,,0,1
132208391,0.150000006,0.205128208,,,0.193406582,0.749450505,0.666255772,0.191896588,15.8486061,5.38999987,0,,,0,1
132209555,0.150000006,0.173076928,,,0.145054936,0.693040252,0.661073327,0.192330837,15.8576965,5.3920002,0,,,0,1
132210715,0.150000006,0.221238941,,,0.201465189,0.709157467,0.653907955,0.192945972,15.8486061,5.3920002,0,,,0,1
132211879,0.150000006,0.24166666,,,0.23369962,0.73333329,0.650883436,0.1932109,15.8440609,5.39400005,0,,,0,1
132213044,0.150000006,0.164948449,,,0.128937721,0.652747214,0.648534834,0.193418801,15.8531513,5.39400005,0,,,0,1
132214208,0.150000006,0.232142851,,,0.209523797,0.693040252,0.643571913,0.193864688,15.8486061,5.39700031,0,,,0,1
132215369,0.150000006,0.228813559,,,0.217582405,0.73333329,0.641202569,0.194080696,15.8486061,5.39700031,0,,,0,1
132216532,0.150000006,0.224299058,,,0.193406582,0.668864429,0.641668081,0.194038093,15.8576965,5.39900017,0,,,0,1
132217693,0.150000006,0.220183492,,,0.193406582,0.684981644,0.642254293,0.193984568,15.8486061,5.39900017,0,,,0,1
132218856,0.150000006,0.239669427,,,0.23369962,0.741391897,0.64359957,0.19386214,15.8486061,5.40100002,0,,,0,1
132220017,0.150000006,0.231481478,,,0.201465189,0.668864429,0.646545351,0.193596482,15.8576965,5.40100002,0,,,0,1
132221180,0.150000006,0.223214284,,,0.201465189,0.701098859,0.649524331,0.193330958,15.8531513,5.40399981,0,,,0,1
132222341,0.150000006,0.226890758,,,0.217582405,0.741391897,0.651682198,0.193140611,15.8440609,5.40399981,0,,,0,1
132223505,0.150000006,0.217821777,,,0.177289367,0.636629999,0.653062642,0.193019688,15.8576965,5.40600014,0,,,0,1
132224874,0.150000006,0.210526317,,,0.193406582,0.725274682,0.652835011,0.193039581,15.8622417,5.40600014,0,,,0,1
132226038,0.150000006,0.246031746,,,0.249816835,0.76556772,0.653156161,0.193011522,15.866787,5.40899992,0,,,0,1
132227199,0.150000006,0.21296297,,,0.185347974,0.684981644,0.655055165,0.192846313,15.8713312,5.40899992,0,,,0,1
132228362,0.150000006,0.230769232,,,0.217582405,0.725274682,0.656672359,0.1927066,15.8576965,5.41100025,0,,,0,1
132229523,0.150000006,0.236220464,,,0.241758227,0.781684935,0.659191847,0.192490697,15.8713312,5.41100025,0,,,0,1
132230686,0.150000006,0.211009175,,,0.185347974,0.693040252,0.66194272,0.192257389,15.8622417,5.41300011,0,,,0,1
132231847,0.150000006,0.226086959,,,0.209523797,0.717216074,0.663312197,0.192142159,15.8531513,5.41300011,0,,,0,1
132233010,0.150000006,0.24060151,,,0.257875443,0.813919365,0.665803671,0.191934109,15.866787,5.41499996,0,,,0,1
132234170,0.150000006,0.21296297,,,0.185347974,0.684981644,0.669267118,0.191648215,15.866787,5.41499996,0,,,0,1
132235333,0.150000006,0.221238941,,,0.201465189,0.709157467,0.671262383,0.191485241,15.866787,5.41800022,0,,,0,1
132236498,0.150000006,0.227272734,,,0.241758227,0.821977973,0.67299062,0.191345066,15.8713312,5.41800022,0,,,0,1
132237662,0.150000006,0.243478253,,,0.225641012,0.701098859,0.676847041,0.191035584,15.866787,5.42000008,0,,,0,1
132238822,0.150000006,0.210526317,,,0.193406582,0.725274682,0.681365311,0.190678731,15.8622417,5.42000008,0,,,0,1
132239985,0.150000006,0.227272734,,,0.241758227,0.821977973,0.684522867,0.190432891,15.866787,5.42199993,0,,,0,1
132241146,0.150000006,0.200000003,,,0.177289367,0.709157467,0.68601048,0.190318063,15.866787,5.42199993,0,,,0,1
132242309,0.150000006,0.234782606,,,0.217582405,0.709157467,0.686850905,0.190253496,15.8622417,5.42499971,0,,,0,1
132243470,0.150000006,0.230158731,,,0.23369962,0.781684935,0.689792871,0.190028995,15.866787,5.42499971,0,,,0,1
132244634,0.150000006,0.230769232,,,0.217582405,0.725274682,0.694711804,0.189659044,15.866787,5.42700005,0,,,0,1
132245998,0.150000006,0.239669427,,,0.23369962,0.741391897,0.700976014,0.189197481,15.8395166,5.42700005,0,,,0,1
132247167,0.150000006,0.214876026,,,0.209523797,0.76556772,0.707328677,0.188739955,15.8622417,5.42999983,0,,,0,1
132248328,0.150000006,0.192307696,,,0.161172152,0.676923037,0.709653676,0.188575089,15.8576965,5.42999983,0,,,0,1
132249492,0.150000006,0.215517238,,,0.201465189,0.73333329,0.708220899,0.188676521,15.8395166,5.43200016,0,,,0,1
132250652,0.150000006,0.220338985,,,0.209523797,0.741391897,0.707383633,0.188736051,15.8622417,5.43200016,0,,,0,1
132251816,0.150000006,0.190909088,,,0.169230759,0.717216074,0.70619154,0.188821077,15.8486061,5.43400002,0,,,0,1
132252976,0.150000006,0.224137932,,,0.209523797,0.725274682,0.70391649,0.188984394,15.8304262,5.43400002,0,,,0,1
132254140,0.150000006,0.191304341,,,0.177289367,0.749450505,0.701514304,0.189158306,15.8576965,5.43700027,0,,,0,1
132255301,0.150000006,0.211009175,,,0.185347974,0.693040252,0.698083997,0.189409256,15.8440609,5.43700027,0,,,0,1
132256464,0.150000006,0.222222224,,,0.209523797,0.73333329,0.695750117,0.189581811,15.8349714,5.43900013,0,,,0,1
132257625,0.150000006,0.237704918,,,0.23369962,0.749450505,0.697065115,0.189484417,15.8531513,5.43900013,0,,,0,1
132258793,0.150000006,0.209090903,,,0.185347974,0.701098859,0.700029075,0.189266577,15.8440609,5.44099998,0,,,0,1
132259953,0.150000006,0.209677413,,,0.209523797,0.789743543,0.701182306,0.189182445,15.8349714,5.44099998,0,,,0,1
132261117,0.150000006,0.183333337,,,0.177289367,0.789743543,0.698848903,0.189353034,15.8531513,5.44399977,0,,,0,1
132262278,0.150000006,0.162162155,,,0.145054936,0.749450505,0.690964699,0.189940259,15.8440609,5.44399977,0,,,0,1
132263441,0.150000006,0.237704918,,,0.23369962,0.749450505,0.682717621,0.190573081,15.8349714,5.4460001,0,,,0,1
132264602,0.150000006,0.203703701,,,0.177289367,0.693040252,0.679346144,0.190837458,15.8576965,5.4460001,0,,,0,1
132265766,0.150000006,0.213675216,,,0.201465189,0.741391897,0.677716732,0.190966427,15.8486061,5.44799995,0,,,0,1
132267131,0.150000006,0.234848484,,,0.249816835,0.813919365,0.677929044,0.190949574,15.866787,5.44799995,0,,,0,1
132268294,0.150000006,0.241379306,,,0.225641012,0.709157467,0.682243168,0.190610081,15.8804216,5.45100021,0,,,0,1
132269455,0.150000006,0.260162592,,,0.257875443,0.73333329,0.69106096,0.189932972,15.866787,5.45100021,0,,,0,1
132270623,0.150000006,0.240310088,,,0.249816835,0.789743543,0.703105688,0.189042911,15.8576965,5.45300007,0,,,0,1
132271783,0.150000006,0.256410271,,,0.241758227,0.701098859,0.716644645,0.188087523,15.8758764,5.45300007,0,,,0,1
132272947,0.150000006,0.237288132,,,0.225641012,0.725274682,0.73081553,0.18713516,15.8622417,5.45499992,0,,,0,1
132274107,0.150000006,0.212598413,,,0.217582405,0.805860758,0.742158055,0.186405674,15.8486061,5.45499992,0,,,0,1
132275271,0.150000006,0.211864412,,,0.201465189,0.749450505,0.74845171,0.186012805,15.8713312,5.45800018,0,,,0,1
132276431,0.150000006,0.19298245,,,0.177289367,0.741391897,0.749976873,0.185918838,15.8576965,5.45800018,0,,,0,1
132277595,0.150000006,0.203125,,,0.209523797,0.821977973,0.747945845,0.186044097,15.8440609,5.46000004,0,,,0,1
132278755,0.150000006,0.196428567,,,0.177289367,0.725274682,0.744438589,0.186262369,15.8576965,5.46000004,0,,,0,1
132279919,0.150000006,0.198198199,,,0.177289367,0.717216074,0.740017116,0.186541244,15.8440609,5.46199989,0,,,0,1
132281079,0.150000006,0.198473275,,,0.209523797,0.846153796,0.735179543,0.186851159,15.8440609,5.46199989,0,,,0,1
132282248,0.150000006,0.22807017,,,0.209523797,0.709157467,0.732699692,0.187012032,15.8531513,5.46500015,0,,,0,1
132283408,0.150000006,0.237288132,,,0.225641012,0.725274682,0.735419333,0.186835676,15.8440609,5.46500015,0,,,0,1
132284572,0.150000006,0.220472425,,,0.225641012,0.79780215,0.741509676,0.186446622,15.8531513,5.46700001,0,,,0,1
132285732,0.150000006,0.210526317,,,0.193406582,0.725274682,0.746639073,0.186125115,15.8576965,5.46700001,0,,,0,1
132286896,0.150000006,0.193277314,,,0.185347974,0.773626328,0.748024583,0.186039209,15.8486061,5.46899986,0,,,0,1
132288261,0.150000006,0.2074074,,,0.225641012,0.862271011,0.746548295,0.186130747,15.866787,5.46899986,0,,,0,1
132289424,0.150000006,0.21238938,,,0.193406582,0.717216074,0.745467961,0.186198026,15.8622417,5.47200012,0,,,0,1
132290584,0.150000006,0.1965812,,,0.185347974,0.757509112,0.744503558,0.186258286,15.8486061,5.47200012,0,,,0,1
132291748,0.150000006,0.213740453,,,0.225641012,0.830036581,0.743161857,0.186342463,15.8576965,5.47399998,0,,,0,1
132292909,0.150000006,0.205357149,,,0.185347974,0.717216074,0.742578745,0.18637915,15.8486061,5.47399998,0,,,0,1
132294077,0.150000006,0.232000008,,,0.23369962,0.773626328,0.744081259,0.186284751,15.8304262,5.47700024,0,,,0,1
132295237,0.150000006,0.183333337,,,0.177289367,0.789743543,0.745633006,0.186187729,15.8576965,5.47700024,0,,,0,1
132296400,0.150000006,0.19491525,,,0.185347974,0.76556772,0.743248343,0.186337024,15.8440609,5.47900009,0,,,0,1
132297561,0.150000006,0.191666663,,,0.185347974,0.781684935,0.738276839,0.186652139,15.8304262,5.47900009,0,,,0,1
132298725,0.150000006,0.146788985,,,0.128937721,0.749450505,0.729125261,0.187246323,15.8576965,5.48099995,0,,,0,1
132299885,0.150000006,0.185840711,,,0.169230759,0.741391897,0.715721667,0.188151196,15.8486061,5.48099995,0,,,0,1
132301049,0.150000006,0.209302336,,,0.217582405,0.821977973,0.705310404,0.188884169,15.8349714,5.48399973,0,,,0,1
132302209,0.150000006,0.180327863,,,0.177289367,0.805860758,0.698527515,0.189376637,15.866787,5.48399973,0,,,0,1
132303372,0.150000006,0.222222224,,,0.209523797,0.73333329,0.693685591,0.189735681,15.8622417,5.48600006,0,,,0,1
132304533,0.150000006,0.231343284,,,0.249816835,0.830036581,0.693777919,0.189728782,15.8531513,5.48600006,0,,,0,1
132305701,0.150000006,0.23140496,,,0.225641012,0.749450505,0.698747396,0.18936047,15.8804216,5.48799992,0,,,0,1
132306861,0.150000006,0.24166666,,,0.23369962,0.73333329,0.706829131,0.188775569,15.866787,5.48799992,0,,,0,1
132308025,0.150000006,0.236111104,,,0.273992658,0.886446834,0.717406929,0.188035086,15.8531513,5.49000025,0,,,0,1
132309389,0.150000006,0.158878505,,,0.136996329,0.725274682,0.723528326,0.187619045,15.8531513,5.49000025,0,,,0,1
132310552,0.150000006,0.183486238,,,0.161172152,0.717216074,0.719972491,0.18785964,15.8440609,5.49300003,0,,,0,1
132311713,0.150000006,0.200000003,,,0.209523797,0.838095188,0.713384509,0.188313395,15.8486061,5.49300003,0,,,0,1
132312877,0.150000006,0.17757009,,,0.153113544,0.709157467,0.707102478,0.188756049,15.8576965,5.49499989,0,,,0,1
132314037,0.150000006,0.191666663,,,0.185347974,0.781684935,0.699854732,0.189279318,15.8622417,5.49499989,0,,,0,1
132315201,0.150000006,0.204545453,,,0.217582405,0.846153796,0.693948746,0.189716011,15.866787,5.49800014,0,,,0,1
132316361,0.150000006,0.213675216,,,0.201465189,0.741391897,0.691329777,0.189912692,15.866787,5.49800014,0,,,0,1
132317536,0.150000006,0.251968503,,,0.257875443,0.76556772,0.694040835,0.189709112,15.866787,5.5,0,,,0,1
132318696,0.150000006,0.248120308,,,0.26593405,0.805860758,0.703478158,0.189015999,15.866787,5.5,0,,,0,1
132319860,0.150000006,0.218487397,,,0.209523797,0.749450505,0.715159059,0.188190132,15.8576965,5.50199986,0,,,0,1
132321020,0.150000006,0.230158731,,,0.23369962,0.781684935,0.72521019,0.187506273,15.8395166,5.50199986,0,,,0,1
132322183,0.150000006,0.185483873,,,0.185347974,0.813919365,0.731630147,0.187081829,15.8531513,5.50500011,0,,,0,1
132323344,0.150000006,0.196428567,,,0.177289367,0.725274682,0.732442975,0.187028766,15.8440609,5.50500011,0,,,0,1
132324508,0.150000006,0.236220464,,,0.241758227,0.781684935,0.733214974,0.186978489,15.8213358,5.50699997,0,,,0,1
132325668,0.150000006,0.209677413,,,0.209523797,0.789743543,0.73747772,0.186703295,15.8486061,5.50699997,0,,,0,1
132326832,0.150000006,0.188034192,,,0.177289367,0.76556772,0.739940643,0.186546087,15.8440609,5.50899982,0,,,0,1
132327997,0.150000006,0.189393938,,,0.201465189,0.862271011,0.737925708,0.186674595,15.8395166,5.50899982,0,,,0,1
132329161,0.150000006,0.213740453,,,0.225641012,0.830036581,0.735503852,0.186830238,15.8713312,5.51200008,0,,,0,1
132330525,0.150000006,0.19491525,,,0.185347974,0.76556772,0.734612823,0.186887816,15.8622417,5.51200008,0,,,0,1
132331689,0.150000006,0.22794117,,,0.249816835,0.846153796,0.735613406,0.186823159,15.8440609,5.51399994,0,,,0,1
132332849,0.150000006,0.1875,,,0.169230759,0.73333329,0.737570822,0.186697319,15.8531513,5.51399994,0,,,0,1
132334013,0.150000006,0.184210524,,,0.169230759,0.749450505,0.736038148,0.186795771,15.8395166,5.51599979,0,,,0,1
132335173,0.150000006,0.206106856,,,0.217582405,0.838095188,0.732482672,0.187026158,15.8349714,5.51599979,0,,,0,1
132336337,0.150000006,0.181818187,,,0.161172152,0.725274682,0.728967667,0.187256709,15.8576965,5.51900005,0,,,0,1
132337497,0.150000006,0.206896558,,,0.193406582,0.741391897,0.725133717,0.187511384,15.8531513,5.51900005,0,,,0,1
132338661,0.150000006,0.192307696,,,0.201465189,0.846153796,0.722021937,0.187720597,15.866787,5.52099991,0,,,0,1
132339827,0.150000006,0.198275864,,,0.185347974,0.749450505,0.719112992,0.187918231,15.8713312,5.52099991,0,,,0,1
132340990,0.150000006,0.230769232,,,0.241758227,0.805860758,0.718672812,0.187948331,15.8576965,5.52299976,0,,,0,1
132342151,0.150000006,0.219696969,,,0.23369962,0.830036581,0.722716391,0.187673718,15.8622417,5.52299976,0,,,0,1
132343315,0.150000006,0.205128208,,,0.193406582,0.749450505,0.727689564,0.187341243,15.8531513,5.52600002,0,,,0,1
132344475,0.150000006,0.206611574,,,0.201465189,0.773626328,0.730852187,0.187132776,15.8395166,5.52600002,0,,,0,1
132345639,0.150000006,0.204724401,,,0.209523797,0.813919365,0.732771814,0.187007323,15.8531513,5.52799988,0,,,0,1
132346800,0.150000006,0.201754391,,,0.185347974,0.73333329,0.733794391,0.186940849,15.8395166,5.52799988,0,,,0,1
132347963,0.150000006,0.191666663,,,0.185347974,0.781684935,0.733115017,0.186984986,15.825881,5.53000021,0,,,0,1
132349123,0.150000006,0.200000018,,,0.201465189,0.805860758,0.73102051,0.187121734,15.8576965,5.53000021,0,,,0,1
132350287,0.150000006,0.184210524,,,0.169230759,0.749450505,0.727750063,0.187337235,15.8531513,5.53299999,0,,,0,1
132351656,0.150000006,0.205882356,,,0.225641012,0.870329618,0.724146426,0.187577531,15.8531513,5.53299999,0,,,0,1
132352819,0.150000006,0.196721315,,,0.193406582,0.789743543,0.721775472,0.187737256,15.8622417,5.53499985,0,,,0,1
132353980,0.150000006,0.222222224,,,0.209523797,0.73333329,0.721596837,0.187749356,15.8440609,5.53499985,0,,,0,1
132355143,0.150000006,0.1953125,,,0.201465189,0.830036581,0.722873807,0.187663108,15.8395166,5.53800011,0,,,0,1
132356304,0.150000006,0.222222224,,,0.209523797,0.73333329,0.724676251,0.187542006,15.8531513,5.53800011,0,,,0,1
132357468,0.150000006,0.203389823,,,0.193406582,0.757509112,0.727247596,0.187370554,15.8531513,5.53999996,0,,,0,1
132358628,0.150000006,0.177777767,,,0.193406582,0.894505441,0.727269411,0.187369108,15.8622417,5.53999996,0,,,0,1
132359792,0.150000006,0.212598413,,,0.217582405,0.805860758,0.725084424,0.187514693,15.8622417,5.54199982,0,,,0,1
132360953,0.150000006,0.185483873,,,0.185347974,0.813919365,0.723238766,0.187638521,15.8531513,5.54199982,0,,,0,1
132362116,0.150000006,0.217391297,,,0.241758227,0.870329618,0.722247362,0.187705383,15.8576965,5.54500008,0,,,0,1
132363281,0.150000006,0.201754391,,,0.185347974,0.73333329,0.723083138,0.187648997,15.8440609,5.54500008,0,,,0,1
132364445,0.150000006,0.208333328,,,0.201465189,0.76556772,0.724612296,0.187546298,15.8213358,5.54699993,0,,,0,1
132365605,0.150000006,0.200000003,,,0.209523797,0.838095188,0.725837946,0.187464356,15.8486061,5.54699993,0,,,0,1
132366768,0.150000006,0.223140493,,,0.217582405,0.757509112,0.728091776,0.1873146,15.8486061,5.54900026,0,,,0,1
132367929,0.150000006,0.195488736,,,0.209523797,0.862271011,0.731179178,0.187111348,15.8349714,5.54900026,0,,,0,1
132369092,0.150000006,0.220472425,,,0.225641012,0.79780215,0.734294832,0.186908394,15.8713312,5.55200005,0,,,0,1
132370252,0.150000006,0.204918027,,,0.201465189,0.781684935,0.738108873,0.186662883,15.8576965,5.55200005,0,,,0,1
132371416,0.150000006,0.215384617,,,0.225641012,0.821977973,0.742314458,0.186395824,15.8531513,5.5539999,0,,,0,1
132372781,0.150000006,0.198347107,,,0.193406582,0.781684935,0.745963335,0.186167151,15.8440609,5.5539999,0,,,0,1
132373944,0.150000006,0.190082639,,,0.185347974,0.789743543,0.74708724,0.186097294,15.8395166,5.55599976,0,,,0,1
132375110,0.150000006,0.204379573,,,0.225641012,0.878388226,0.746513069,0.186132938,15.8576965,5.55599976,0,,,0,1
132376273,0.150000006,0.237288132,,,0.225641012,0.725274682,0.749405742,0.18595396,15.8622417,5.55900002,0,,,0,1
132377433,0.150000006,0.208000019,,,0.209523797,0.79780215,0.756234229,0.185538277,15.8576965,5.55900002,0,,,0,1
132378597,0.150000006,0.194029853,,,0.209523797,0.870329618,0.761394143,0.1852303,15.8713312,5.56099987,0,,,0,1
132379758,0.150000006,0.203252032,,,0.201465189,0.789743543,0.76351881,0.185104981,15.8531513,5.56099987,0,,,0,1
132380921,0.150000006,0.203125,,,0.209523797,0.821977973,0.765078306,0.185013562,15.8304262,5.56299973,0,,,0,1
132382082,0.150000006,0.1875,,,0.193406582,0.838095188,0.76556921,0.184984863,15.8486061,5.56299973,0,,,0,1
132383245,0.150000006,0.191304341,,,0.177289367,0.749450505,0.763783336,0.185089424,15.8486061,5.56599998,0,,,0,1
132384406,0.150000006,0.200000003,,,0.209523797,0.838095188,0.761511505,0.185223341,15.8395166,5.56599998,0,,,0,1
132385569,0.150000006,0.186046526,,,0.193406582,0.846153796,0.759355485,0.185351357,15.8758764,5.56799984,0,,,0,1
132386734,0.150000006,0.212598413,,,0.217582405,0.805860758,0.75803107,0.185430422,15.866787,5.56799984,0,,,0,1
132387898,0.150000006,0.215827331,,,0.241758227,0.878388226,0.760247231,0.185298294,15.8531513,5.57000017,0,,,0,1
132389059,0.150000006,0.227642283,,,0.225641012,0.76556772,0.766747653,0.184916183,15.8576965,5.57000017,0,,,0,1
132390222,0.150000006,0.185483873,,,0.185347974,0.813919365,0.773253024,0.184541762,15.8440609,5.57299995,0,,,0,1
132391382,0.150000006,0.194029853,,,0.209523797,0.870329618,0.775439441,0.184417665,15.8395166,5.57299995,0,,,0,1
132392546,0.150000006,0.208333328,,,0.201465189,0.76556772,0.776222944,0.184373409,15.8486061,5.57499981,0,,,0,1
132393910,0.150000006,0.200000018,,,0.201465189,0.805860758,0.778124988,0.184266418,15.8440609,5.57499981,0,,,0,1
132395074,0.150000006,0.18045114,,,0.193406582,0.878388226,0.778328538,0.184255004,15.8531513,5.57800007,0,,,0,1
132396235,0.150000006,0.170731708,,,0.169230759,0.821977973,0.774030685,0.184497535,15.8395166,5.57800007,0,,,0,1
132397403,0.150000006,0.196850389,,,0.201465189,0.821977973,0.767944336,0.184846714,15.8349714,5.57999992,0,,,0,1
132398564,0.150000006,0.168000013,,,0.169230759,0.838095188,0.761865079,0.185202435,15.866787,5.57999992,0,,,0,1
132399728,0.150000006,0.193798468,,,0.201465189,0.838095188,0.755382657,0.185589612,15.866787,5.58199978,0,,,0,1
132400888,0.150000006,0.223776206,,,0.257875443,0.894505441,0.753276825,0.185717165,15.8531513,5.58199978,0,,,0,1
132402052,0.150000006,0.203252032,,,0.201465189,0.789743543,0.756580412,0.185517445,15.8622417,5.58500004,0,,,0,1
132403212,0.150000006,0.193277314,,,0.185347974,0.773626328,0.759843588,0.185322285,15.8440609,5.58500004,0,,,0,1
132404376,0.150000006,0.214814797,,,0.23369962,0.854212403,0.762547016,0.185162172,15.8304262,5.58699989,0,,,0,1
132405537,0.150000006,0.176470593,,,0.169230759,0.789743543,0.764403284,0.185053065,15.8440609,5.58699989,0,,,0,1
132406700,0.150000006,0.196969703,,,0.209523797,0.854212403,0.763491511,0.18510659,15.8440609,5.58900023,0,,,0,1
132407861,0.150000006,0.201388896,,,0.23369962,0.926739872,0.762873054,0.185142964,15.8622417,5.58900023,0,,,0,1
132409029,0.150000006,0.184615389,,,0.193406582,0.854212403,0.762893319,0.185141772,15.8576965,5.59100008,0,,,0,1
132410190,0.150000006,0.213740453,,,0.225641012,0.830036581,0.76349932,0.185106114,15.8395166,5.59100008,0,,,0,1
132411353,0.150000006,0.200000003,,,0.209523797,0.838095188,0.766355217,0.184939027,15.8486061,5.59399986,0,,,0,1
132412514,0.150000006,0.183333337,,,0.177289367,0.789743543,0.7683146,0.184825286,15.8349714,5.59399986,0,,,0,1
132413882,0.150000006,0.212765962,,,0.241758227,0.894505441,0.76940757,0.184762135,15.8486061,5.59599972,0,,,0,1
132415042,0.150000006,0.224806219,,,0.23369962,0.805860758,0.774558246,0.184467584,15.8622417,5.59599972,0,,,0,1
132416206,0.150000006,0.216000006,,,0.217582405,0.789743543,0.783822358,0.183949783,15.8486061,5.59899998,0,,,0,1
132417366,0.150000006,0.204225346,,,0.23369962,0.910622656,0.793298841,0.183435544,15.8395166,5.59899998,0,,,0,1
132418530,0.150000006,0.180180177,,,0.161172152,0.73333329,0.79873383,0.183147371,15.8531513,5.60099983,0,,,0,1
132419690,0.150000006,0.193798468,,,0.201465189,0.838095188,0.799478054,0.183108285,15.8576965,5.60099983,0,,,0,1
132420858,0.150000006,0.184397176,,,0.209523797,0.926739872,0.798300207,0.183170184,15.8622417,5.60300016,0,,,0,1
132422018,0.150000006,0.1640625,,,0.169230759,0.862271011,0.794113398,0.183392048,15.8576965,5.60300016,0,,,0,1
132423182,0.150000006,0.190839678,,,0.201465189,0.854212403,0.787718296,0.183736533,15.8395166,5.60599995,0,,,0,1
132424342,0.150000006,0.189393938,,,0.201465189,0.862271011,0.783190668,0.183984622,15.8440609,5.60599995,0,,,0,1
132425506,0.150000006,0.186440676,,,0.177289367,0.773626328,0.780243933,0.184148014,15.8395166,5.60800028,0,,,0,1
132426666,0.150000006,0.191176474,,,0.209523797,0.886446834,0.777717113,0.184289321,15.8304262,5.60800028,0,,,0,1
132427830,0.150000006,0.162962958,,,0.177289367,0.910622656,0.773687124,0.184517071,15.8713312,5.61000013,0,,,0,1
132428990,0.150000006,0.212598413,,,0.217582405,0.805860758,0.769729674,0.184743583,15.8622417,5.61000013,0,,,0,1
132430154,0.150000006,0.202797189,,,0.23369962,0.918681264,0.770377815,0.184706286,15.8440609,5.61299992,0,,,0,1
132431314,0.150000006,0.158333331,,,0.153113544,0.813919365,0.770372331,0.184706599,15.8486061,5.61299992,0,,,0,1
132432482,0.150000006,0.1953125,,,0.201465189,0.830036581,0.766519845,0.184929445,15.8349714,5.61499977,0,,,0,1
132433643,0.150000006,0.202898547,,,0.225641012,0.886446834,0.764720678,0.185034484,15.8440609,5.61499977,0,,,0,1
132435010,0.150000006,0.195121944,,,0.193406582,0.79780215,0.765963554,0.184961855,15.8576965,5.61699963,0,,,0,1
132436171,0.150000006,0.192000017,,,0.193406582,0.813919365,0.767269433,0.184885874,15.8304262,5.61699963,0,,,0,1
132437334,0.150000006,0.20769231,,,0.217582405,0.830036581,0.76911211,0.184779182,15.8531513,5.61999989,0,,,0,1
132438495,0.150000006,0.183333337,,,0.177289367,0.789743543,0.771084368,0.184665725,15.8531513,5.61999989,0,,,0,1
132439658,0.150000006,0.179104477,,,0.193406582,0.886446834,0.770176113,0.184717879,15.8486061,5.62199974,0,,,0,1
132440818,0.150000006,0.202898547,,,0.225641012,0.886446834,0.768452883,0.184817269,15.866787,5.62199974,0,,,0,1
132441981,0.150000006,0.213235289,,,0.23369962,0.862271011,0.770487487,0.184699982,15.8486061,5.62400007,0,,,0,1
132443142,0.150000006,0.224489778,,,0.26593405,0.918681264,0.777757704,0.184287027,15.8349714,5.62400007,0,,,0,1
132444310,0.150000006,0.177966103,,,0.169230759,0.781684935,0.785448074,0.183860481,15.8486061,5.62699986,0,,,0,1
132445470,0.150000006,0.16260162,,,0.161172152,0.830036581,0.785903513,0.183835551,15.8531513,5.62699986,0,,,0,1
132446633,0.150000006,0.186206907,,,0.217582405,0.950915694,0.781031251,0.184104204,15.8622417,5.62900019,0,,,0,1
132447794,0.150000006,0.184873953,,,0.177289367,0.781684935,0.776661098,0.184348702,15.8622417,5.62900019,0,,,0,1
132448957,0.150000006,0.200000018,,,0.201465189,0.805860758,0.774519682,0.184469774,15.8304262,5.63100004,0,,,0,1
132450118,0.150000006,0.18110235,,,0.185347974,0.838095188,0.773491561,0.184528187,15.8440609,5.63100004,0,,,0,1
132451281,0.150000006,0.190476194,,,0.193406582,0.821977973,0.771872997,0.184620544,15.8395166,5.63399982,0,,,0,1
132452442,0.150000006,0.183098584,,,0.209523797,0.934798479,0.769813955,0.184738725,15.8395166,5.63399982,0,,,0,1
132453606,0.150000006,0.21804513,,,0.23369962,0.838095188,0.770165503,0.184718505,15.8713312,5.63599968,0,,,0,1
132454766,0.150000006,0.200000018,,,0.201465189,0.805860758,0.774310827,0.184481621,15.8576965,5.63599968,0,,,0,1
132456139,0.150000006,0.1875,,,0.217582405,0.942857087,0.778309047,0.184256107,15.8531513,5.63899994,0,,,0,1
132457299,0.150000006,0.200000003,,,0.209523797,0.838095188,0.780808747,0.184116557,15.8576965,5.63899994,0,,,0,1
132458463,0.150000006,0.217391297,,,0.241758227,0.870329618,0.785496712,0.183857813,15.8440609,5.64099979,0,,,0,1
132459624,0.150000006,0.162790701,,,0.169230759,0.870329618,0.789484501,0.183640689,15.8486061,5.64099979,0,,,0,1
132460787,0.150000006,0.201550394,,,0.209523797,0.830036581,0.789669871,0.183630675,15.8349714,5.64300013,0,,,0,1
132461947,0.150000006,0.210144922,,,0.23369962,0.878388226,0.791816115,0.183514997,15.8349714,5.64300013,0,,,0,1
132463111,0.150000006,0.189393938,,,0.201465189,0.862271011,0.796368241,0.183272213,15.8713312,5.64599991,0,,,0,1
132464271,0.150000006,0.233082727,,,0.249816835,0.821977973,0.803169608,0.182915732,15.8440609,5.64599991,0,,,0,1
132465435,0.150000006,0.181818172,,,0.209523797,0.942857087,0.811874866,0.182470158,15.8349714,5.64800024,0,,,0,1
132466595,0.150000006,0.165289253,,,0.161172152,0.813919365,0.814662516,0.182329923,15.8440609,5.64800024,0,,,0,1
132467763,0.150000006,0.186046526,,,0.193406582,0.846153796,0.811466336,0.182490811,15.8486061,5.6500001,0,,,0,1
132468923,0.150000006,0.181818172,,,0.209523797,0.942857087,0.807950675,0.182669565,15.866787,5.6500001,0,,,0,1
132470087,0.150000006,0.194029853,,,0.209523797,0.870329618,0.80599755,0.182769701,15.8531513,5.65299988,0,,,0,1
132471247,0.150000006,0.177777767,,,0.193406582,0.894505441,0.80476892,0.182832986,15.8213358,5.65299988,0,,,0,1
132472411,0.150000006,0.15200001,,,0.153113544,0.854212403,0.79979068,0.183091909,15.8440609,5.65499973,0,,,0,1
132473571,0.150000006,0.1796875,,,0.185347974,0.846153796,0.79119432,0.183548436,15.8486061,5.65499973,0,,,0,1
132474735,0.150000006,0.188405797,,,0.209523797,0.902564049,0.78470391,0.183901325,15.8486061,5.65699959,0,,,0,1
132475895,0.150000006,0.174242422,,,0.185347974,0.878388226,0.780528486,0.184132159,15.8576965,5.65699959,0,,,0,1
132477262,0.150000006,0.189393938,,,0.201465189,0.862271011,0.776971698,0.184331238,15.8486061,5.65999985,0,,,0,1
132478427,0.150000006,0.183098584,,,0.209523797,0.934798479,0.77463758,0.184463084,15.8576965,5.65999985,0,,,0,1
132479591,0.150000006,0.190839678,,,0.201465189,0.854212403,0.773463845,0.184529766,15.866787,5.6619997,0,,,0,1
132480751,0.150000006,0.192307696,,,0.201465189,0.846153796,0.77354908,0.184524924,15.8349714,5.6619997,0,,,0,1
132481915,0.150000006,0.1640625,,,0.169230759,0.862271011,0.772318661,0.184595078,15.8440609,5.66400003,0,,,0,1
132483076,0.150000006,0.204545453,,,0.217582405,0.846153796,0.770132244,0.184720412,15.8395166,5.66400003,0,,,0,1
132484239,0.150000006,0.223776206,,,0.257875443,0.894505441,0.773358524,0.184535772,15.8440609,5.66700029,0,,,0,1
132485400,0.150000006,0.190839678,,,0.201465189,0.854212403,0.780826092,0.184115589,15.866787,5.66700029,0,,,0,1
132486563,0.150000006,0.200000003,,,0.209523797,0.838095188,0.787164211,0.183766708,15.8440609,5.66900015,0,,,0,1
132487723,0.150000006,0.20863308,,,0.23369962,0.886446834,0.793542504,0.183422506,15.8304262,5.66900015,0,,,0,1
132488887,0.150000006,0.193798468,,,0.201465189,0.838095188,0.800539196,0.183052719,15.8486061,5.671,0,,,0,1
132490052,0.150000006,0.189781025,,,0.209523797,0.894505441,0.805699944,0.182784989,15.8486061,5.671,0,,,0,1
132491215,0.150000006,0.171232879,,,0.201465189,0.975091517,0.807222962,0.182706803,15.8531513,5.67399979,0,,,0,1
132492376,0.150000006,0.178861782,,,0.177289367,0.813919365,0.805135369,0.182814077,15.8304262,5.67399979,0,,,0,1
132493539,0.150000006,0.169117644,,,0.185347974,0.910622656,0.800776899,0.183040291,15.825881,5.67599964,0,,,0,1
132494700,0.150000006,0.155555546,,,0.169230759,0.918681264,0.793403447,0.183429942,15.866787,5.67599964,0,,,0,1
132495863,0.150000006,0.186567158,,,0.201465189,0.878388226,0.785254776,0.18387109,15.8622417,5.67799997,0,,,0,1
132497024,0.150000006,0.200000003,,,0.241758227,0.967032909,0.781822383,0.184060305,15.8349714,5.67799997,0,,,0,1
132498391,0.150000006,0.153225809,,,0.153113544,0.846153796,0.779751122,0.184175476,15.8576965,5.68099976,0,,,0,1
132499552,0.150000006,0.212121218,,,0.225641012,0.838095188,0.777278602,0.184313953,15.8486061,5.68099976,0,,,0,1
132500715,0.150000006,0.186206907,,,0.217582405,0.950915694,0.778318942,0.18425554,15.8531513,5.68300009,0,,,0,1
132501881,0.150000006,0.173228338,,,0.177289367,0.846153796,0.779191554,0.184206709,15.8304262,5.68300009,0,,,0,1
132503044,0.150000006,0.224489778,,,0.26593405,0.918681264,0.781161368,0.184096962,15.8304262,5.68599987,0,,,0,1
132504205,0.150000006,0.194244593,,,0.217582405,0.902564049,0.78781414,0.183731318,15.866787,5.68599987,0,,,0,1
132505368,0.150000006,0.212121218,,,0.225641012,0.838095188,0.796404362,0.18327029,15.8622417,5.6880002,0,,,0,1
132506529,0.150000006,0.205479458,,,0.241758227,0.934798479,0.806324184,0.182752907,15.8304262,5.6880002,0,,,0,1
132507692,0.150000006,0.12931034,,,0.120879114,0.813919365,0.81000632,0.18256481,15.8486061,5.69000006,0,,,0,1
132508853,0.150000006,0.186567158,,,0.201465189,0.878388226,0.804438353,0.182850048,15.8531513,5.69000006,0,,,0,1
132510016,0.150000006,0.218543038,,,0.26593405,0.950915694,0.802669227,0.182941705,15.8576965,5.69200039,0,,,0,1
132511177,0.150000006,0.159663871,,,0.153113544,0.805860758,0.804949582,0.182823658,15.8349714,5.69200039,0,,,0,1
132512341,0.150000006,0.165354326,,,0.169230759,0.854212403,0.801950097,0.182979107,15.825881,5.69499969,0,,,0,1
132513506,0.150000006,0.179310352,,,0.209523797,0.958974302,0.795957804,0.183293954,15.8622417,5.69499969,0,,,0,1
132514669,0.150000006,0.198529407,,,0.217582405,0.878388226,0.793123126,0.183444932,15.8576965,5.69700003,0,,,0,1
132515830,0.150000006,0.1875,,,0.217582405,0.942857087,0.794005871,0.183397785,15.8349714,5.69700003,0,,,0,1
132516993,0.150000006,0.16260162,,,0.161172152,0.830036581,0.793580055,0.183420524,15.8395166,5.69899988,0,,,0,1
132518153,0.150000006,0.181159422,,,0.201465189,0.910622656,0.790071487,0.183608964,15.8486061,5.69899988,0,,,0,1
132519521,0.150000006,0.179856107,,,0.201465189,0.918681264,0.786719501,0.183790937,15.8395166,5.70200014,0,,,0,1
132520681,0.150000006,0.167938918,,,0.177289367,0.878388226,0.783221841,0.183982894,15.8440609,5.70200014,0,,,0,1
132521845,0.150000006,0.208588973,,,0.273992658,1.03956032,0.781547546,0.184075534,15.8395166,5.704,0,,,0,1
132523005,0.150000006,0.177777767,,,0.193406582,0.894505441,0.783335924,0.183976606,15.8531513,5.704,0,,,0,1
132524168,0.150000006,0.201550394,,,0.209523797,0.830036581,0.786294222,0.183814183,15.8395166,5.70700026,0,,,0,1
132525333,0.150000006,0.181208059,,,0.217582405,0.983150125,0.789684057,0.1836299,15.8440609,5.70700026,0,,,0,1
132526497,0.150000006,0.174242422,,,0.185347974,0.878388226,0.791222632,0.183546916,15.8576965,5.70900011,0,,,0,1
132527658,0.150000006,0.197183102,,,0.225641012,0.918681264,0.791925251,0.183509141,15.8349714,5.70900011,0,,,0,1
132528821,0.150000006,0.201388896,,,0.23369962,0.926739872,0.795764685,0.183304191,15.8440609,5.71099997,0,,,0,1
132529982,0.150000006,0.161538467,,,0.169230759,0.878388226,0.799166441,0.183124647,15.8395166,5.71099997,0,,,0,1
132531145,0.150000006,0.200000003,,,0.241758227,0.967032909,0.800269485,0.18306683,15.8440609,5.71399975,0,,,0,1
132532306,0.150000006,0.187969938,,,0.201465189,0.870329618,0.803027391,0.182923108,15.8622417,5.71399975,0,,,0,1
132533469,0.150000006,0.174603179,,,0.177289367,0.838095188,0.805472672,0.182796687,15.8349714,5.7159996,0,,,0,1
132534630,0.150000006,0.194444448,,,0.225641012,0.934798479,0.80677098,0.182729959,15.8395166,5.7159996,0,,,0,1
132535794,0.150000006,0.173228338,,,0.177289367,0.846153796,0.808002234,0.182666928,15.8576965,5.71799994,0,,,0,1
132536959,0.150000006,0.20714286,,,0.23369962,0.894505441,0.810155988,0.18255721,15.8349714,5.71799994,0,,,0,1
132538122,0.150000006,0.161971837,,,0.185347974,0.958974302,0.812472224,0.182439998,15.8440609,5.72099972,0,,,0,1
132539283,0.150000006,0.15384616,,,0.161172152,0.886446834,0.80928421,0.182601526,15.8440609,5.72099972,0,,,0,1
132540650,0.150000006,0.179310352,,,0.209523797,0.958974302,0.802588046,0.182945922,15.825881,5.72300005,0,,,0,1
132541810,0.150000006,0.141666666,,,0.136996329,0.830036581,0.794596851,0.183366284,15.8395166,5.72300005,0,,,0,1
132542973,0.150000006,0.188405797,,,0.209523797,0.902564049,0.786024332,0.18382892,15.8531513,5.7249999,0,,,0,1
132544134,0.150000006,0.211920515,,,0.257875443,0.958974302,0.783996582,0.183940202,15.8531513,5.7249999,0,,,0,1
132545297,0.150000006,0.189393938,,,0.201465189,0.862271011,0.788495541,0.183694288,15.8395166,5.72800016,0,,,0,1
132546457,0.150000006,0.202797189,,,0.23369962,0.918681264,0.794752836,0.183357969,15.8213358,5.72800016,0,,,0,1
132547625,0.150000006,0.171428576,,,0.193406582,0.934798479,0.799917221,0.183085263,15.8622417,5.73000002,0,,,0,1
132548786,0.150000006,0.192592576,,,0.209523797,0.878388226,0.802808464,0.182934478,15.8531513,5.73000002,0,,,0,1
132549949,0.150000006,0.171232879,,,0.201465189,0.975091517,0.804282665,0.182858109,15.8304262,5.73200035,0,,,0,1
132551109,0.150000006,0.13934426,,,0.136996329,0.846153796,0.800343037,0.183062971,15.8440609,5.73200035,0,,,0,1
132552272,0.150000006,0.205673769,,,0.23369962,0.902564049,0.794285893,0.183382839,15.8440609,5.73499966,0,,,0,1
132553432,0.150000006,0.200000003,,,0.241758227,0.967032909,0.794955969,0.183347166,15.8531513,5.73499966,0,,,0,1
132554595,0.150000006,0.190839678,,,0.201465189,0.854212403,0.800244093,0.183068141,15.8304262,5.73699999,0,,,0,1
132555756,0.150000006,0.171428576,,,0.193406582,0.934798479,0.803881586,0.182878837,15.8304262,5.73699999,0,,,0,1
132556919,0.150000006,0.1875,,,0.217582405,0.942857087,0.805194259,0.182811052,15.866787,5.73899984,0,,,0,1
132558079,0.150000006,0.195488736,,,0.209523797,0.862271011,0.807689011,0.182682931,15.8395166,5.73899984,0,,,0,1
132559247,0.150000006,0.190476179,,,0.225641012,0.958974302,0.812305391,0.182448432,15.8213358,5.7420001,0,,,0,1
132560408,0.150000006,0.1640625,,,0.169230759,0.862271011,0.814991117,0.182313487,15.8576965,5.7420001,0,,,0,1
132561776,0.150000006,0.170370355,,,0.185347974,0.902564049,0.813145638,0.182406083,15.8213358,5.74399996,0,,,0,1
132562936,0.150000006,0.159090906,,,0.169230759,0.894505441,0.807933807,0.182670429,15.8576965,5.74399996,0,,,0,1
132564100,0.150000006,0.201438844,,,0.225641012,0.894505441,0.803953767,0.182875112,15.8576965,5.74700022,0,,,0,1
132565260,0.150000006,0.208053708,,,0.249816835,0.950915694,0.806724668,0.182732344,15.8349714,5.74700022,0,,,0,1
132566423,0.150000006,0.169230774,,,0.177289367,0.870329618,0.812044561,0.182461575,15.8349714,5.74900007,0,,,0,1
132567584,0.150000006,0.183823526,,,0.201465189,0.894505441,0.81414783,0.182355732,15.8486061,5.74900007,0,,,0,1
132568747,0.150000006,0.198675483,,,0.241758227,0.975091517,0.816592693,0.182233527,15.8531513,5.7510004,0,,,0,1
132569907,0.150000006,0.184615389,,,0.193406582,0.854212403,0.821100473,0.182010531,15.8349714,5.7510004,0,,,0,1
132571076,0.150000006,0.197183102,,,0.225641012,0.918681264,0.826191485,0.181762263,15.8213358,5.75399971,0,,,0,1
132572236,0.150000006,0.185185179,,,0.201465189,0.886446834,0.831591845,0.181502953,15.866787,5.75399971,0,,,0,1
132573400,0.150000006,0.200000003,,,0.225641012,0.902564049,0.83748877,0.18122445,15.8531513,5.75600004,0,,,0,1
132574560,0.150000006,0.180555552,,,0.209523797,0.950915694,0.843426883,0.180948779,15.8304262,5.75600004,0,,,0,1
132575723,0.150000006,0.155038774,,,0.161172152,0.878388226,0.844629288,0.180893525,15.8486061,5.7579999,0,,,0,1
132576884,0.150000006,0.169014081,,,0.193406582,0.950915694,0.839958608,0.181109205,15.8395166,5.7579999,0,,,0,1
132578047,0.150000006,0.188311711,,,0.23369962,1.00732589,0.835908532,0.181298599,15.8395166,5.76100016,0,,,0,1
132579208,0.150000006,0.165413544,,,0.177289367,0.894505441,0.833874881,0.181394562,15.8440609,5.76100016,0,,,0,1
132580371,0.150000006,0.180000007,,,0.217582405,0.991208732,0.831508696,0.181506917,15.8395166,5.76300001,0,,,0,1
132581531,0.150000006,0.200000003,,,0.225641012,0.902564049,0.832060337,0.181480646,15.8531513,5.76300001,0,,,0,1
132582904,0.150000006,0.161971837,,,0.185347974,0.958974302,0.834207892,0.181378797,15.8486061,5.76499987,0,,,0,1
132584064,0.150000006,0.196202517,,,0.249816835,1.02344322,0.835574389,0.181314334,15.8531513,5.76499987,0,,,0,1
132585228,0.150000006,0.187969938,,,0.201465189,0.870329618,0.839265347,0.181141466,15.8304262,5.76800013,0,,,0,1
132586389,0.150000006,0.159420297,,,0.177289367,0.934798479,0.84176892,0.181025252,15.8349714,5.76800013,0,,,0,1
132587552,0.150000006,0.201438844,,,0.225641012,0.894505441,0.842692554,0.180982605,15.866787,5.76999998,0,,,0,1
132588713,0.150000006,0.163120583,,,0.185347974,0.950915694,0.844406307,0.180903748,15.8304262,5.76999998,0,,,0,1
132589876,0.150000006,0.174496651,,,0.209523797,0.991208732,0.843937755,0.18092528,15.8349714,5.77200031,0,,,0,1
132591037,0.150000006,0.183823526,,,0.201465189,0.894505441,0.843085945,0.18096447,15.8576965,5.77200031,0,,,0,1
132592201,0.150000006,0.184397176,,,0.209523797,0.926739872,0.844423711,0.180902958,15.8349714,5.77499962,0,,,0,1
132593361,0.150000006,0.203947365,,,0.249816835,0.975091517,0.849240184,0.180683419,15.8486061,5.77499962,0,,,0,1
132594529,0.150000006,0.173913047,,,0.193406582,0.918681264,0.855881393,0.180385619,15.8576965,5.77699995,0,,,0,1
132595690,0.150000006,0.200000003,,,0.257875443,1.03150177,0.862358987,0.180100501,15.8349714,5.77699995,0,,,0,1
132596854,0.150000006,0.170370355,,,0.185347974,0.902564049,0.868452907,0.179836944,15.8349714,5.77899981,0,,,0,1
132598014,0.150000006,0.161764711,,,0.177289367,0.918681264,0.870030642,0.179769456,15.8440609,5.77899981,0,,,0,1
132599177,0.150000006,0.174999997,,,0.225641012,1.0637362,0.86783576,0.179863453,15.8576965,5.78200006,0,,,0,1
132600338,0.150000006,0.178294584,,,0.185347974,0.854212403,0.866457641,0.179922745,15.8304262,5.78200006,0,,,0,1
132601501,0.150000006,0.201388896,,,0.23369962,0.926739872,0.869032979,0.179812104,15.825881,5.78399992,0,,,0,1
132602865,0.150000006,0.167832166,,,0.193406582,0.958974302,0.873806,0.179609105,15.8440609,5.78399992,0,,,0,1
132604028,0.150000006,0.18045114,,,0.193406582,0.878388226,0.876464605,0.179497197,15.8440609,5.78600025,0,,,0,1
132605189,0.150000006,0.161290318,,,0.201465189,1.04761899,0.876301467,0.179504022,15.8531513,5.78600025,0,,,0,1
132606357,0.150000006,0.151079133,,,0.169230759,0.950915694,0.871642828,0.179700777,15.8349714,5.78900003,0,,,0,1
132607518,0.150000006,0.153846145,,,0.177289367,0.975091517,0.862566829,0.180091441,15.8213358,5.78900003,0,,,0,1
132608681,0.150000006,0.162162155,,,0.193406582,0.99926734,0.852736473,0.180525944,15.8713312,5.79100037,0,,,0,1
132609842,0.150000006,0.179104477,,,0.193406582,0.886446834,0.84592849,0.180834055,15.8440609,5.79100037,0,,,0,1
132611005,0.150000006,0.178807944,,,0.217582405,0.99926734,0.843471646,0.180946708,15.8304262,5.79300022,0,,,0,1
132612166,0.150000006,0.197278902,,,0.23369962,0.950915694,0.845632434,0.180847585,15.8531513,5.79300022,0,,,0,1
132613329,0.150000006,0.173913047,,,0.193406582,0.918681264,0.85036236,0.18063271,15.8349714,5.796,0,,,0,1
132614489,0.150000006,0.173913047,,,0.193406582,0.918681264,0.853364348,0.18049781,15.8440609,5.796,0,,,0,1
132615653,0.150000006,0.182481766,,,0.201465189,0.902564049,0.855032325,0.180423379,15.8531513,5.79799986,0,,,0,1
132616813,0.150000006,0.209876537,,,0.273992658,1.03150177,0.860623658,0.180176377,15.8349714,5.79799986,0,,,0,1
132617981,0.150000006,0.183823526,,,0.201465189,0.894505441,0.870482922,0.179750144,15.8349714,5.79999971,0,,,0,1
132619142,0.150000006,0.144927531,,,0.161172152,0.950915694,0.875163615,0.179551855,15.8395166,5.79999971,0,,,0,1
132620306,0.150000006,0.184713379,,,0.23369962,1.03150177,0.873624086,0.179616794,15.8486061,5.80299997,0,,,0,1
132621466,0.150000006,0.161538467,,,0.169230759,0.878388226,0.871780276,0.179694936,15.8304262,5.80299997,0,,,0,1
132622630,0.150000006,0.166666687,,,0.201465189,1.00732589,0.8687675,0.179823473,15.8304262,5.80499983,0,,,0,1
132623994,0.150000006,0.151515156,,,0.161172152,0.902564049,0.862985015,0.180073217,15.8440609,5.80499983,0,,,0,1
132625158,0.150000006,0.162962958,,,0.177289367,0.910622656,0.855118632,0.180419549,15.8486061,5.80800009,0,,,0,1
132626318,0.150000006,0.171974525,,,0.217582405,1.04761899,0.848386526,0.180722103,15.8440609,5.80800009,0,,,0,1
132627482,0.150000006,0.151079133,,,0.169230759,0.950915694,0.842381835,0.18099694,15.825881,5.80999994,0,,,0,1
132628647,0.150000006,0.193333328,,,0.23369962,0.975091517,0.838035285,0.181198865,15.8349714,5.80999994,0,,,0,1
132629811,0.150000006,0.186206907,,,0.217582405,0.950915694,0.839268446,0.181141332,15.8440609,5.81200027,0,,,0,1
132630972,0.150000006,0.164285719,,,0.185347974,0.942857087,0.841943622,0.181017175,15.825881,5.81200027,0,,,0,1
132632135,0.150000006,0.171597645,,,0.23369962,1.12820506,0.842066467,0.181011513,15.8486061,5.81500006,0,,,0,1
132633295,0.150000006,0.18571429,,,0.209523797,0.918681264,0.842845678,0.180975541,15.8440609,5.81500006,0,,,0,1
132634458,0.150000006,0.154411763,,,0.169230759,0.926739872,0.843413353,0.18094939,15.8122463,5.81699991,0,,,0,1
132635619,0.150000006,0.138888896,,,0.161172152,0.99926734,0.837971687,0.181201845,15.8576965,5.81699991,0,,,0,1
132636782,0.150000006,0.193103462,,,0.225641012,0.942857087,0.831308186,0.181516469,15.8395166,5.81899977,0,,,0,1
132637943,0.150000006,0.183544323,,,0.23369962,1.03956032,0.831094265,0.181526676,15.825881,5.81899977,0,,,0,1
132639106,0.150000006,0.142857149,,,0.145054936,0.870329618,0.831021488,0.181530163,15.8576965,5.82200003,0,,,0,1
132640271,0.150000006,0.201388896,,,0.23369962,0.926739872,0.829459131,0.181604862,15.825881,5.82200003,0,,,0,1
132641434,0.150000006,0.159722224,,,0.185347974,0.975091517,0.830261409,0.181566447,15.8440609,5.82399988,0,,,0,1
132642594,0.150000006,0.177777767,,,0.193406582,0.894505441,0.83053261,0.181553498,15.8486061,5.82399988,0,,,0,1
132643757,0.150000006,0.242603555,,,0.330402911,1.03150177,0.837316453,0.181232512,15.8304262,5.82600021,0,,,0,1
132645122,0.150000006,0.197080299,,,0.217582405,0.886446834,0.854415059,0.180450886,15.8486061,5.82600021,0,,,0,1
132646285,0.150000006,0.167832166,,,0.193406582,0.958974302,0.869416535,0.179795682,15.8304262,5.829,0,,,0,1
132647446,0.150000006,0.172413796,,,0.201465189,0.967032909,0.87618798,0.179508805,15.8440609,5.829,0,,,0,1
132648610,0.150000006,0.139705881,,,0.153113544,0.942857087,0.875199914,0.17955032,15.8531513,5.83100033,0,,,0,1
132649770,0.150000006,0.207547158,,,0.26593405,1.01538455,0.872937024,0.179645866,15.8349714,5.83100033,0,,,0,1
132650934,0.150000006,0.143939391,,,0.153113544,0.910622656,0.873060942,0.179640621,15.8349714,5.83300018,0,,,0,1
132652099,0.150000006,0.192052975,,,0.23369962,0.983150125,0.872487307,0.179664925,15.8576965,5.83300018,0,,,0,1
132653262,0.150000006,0.184210524,,,0.225641012,0.99926734,0.875092506,0.17955485,15.8531513,5.83599997,0,,,0,1
132654422,0.150000006,0.140740737,,,0.153113544,0.934798479,0.876291037,0.179504469,15.8304262,5.83599997,0,,,0,1
132655586,0.150000006,0.177215189,,,0.225641012,1.04761899,0.872561932,0.179661766,15.8349714,5.83799982,0,,,0,1
132656746,0.150000006,0.183823526,,,0.201465189,0.894505441,0.871398509,0.179711163,15.8486061,5.83799982,0,,,0,1
132657910,0.150000006,0.178571433,,,0.201465189,0.926739872,0.87403059,0.179599628,15.8349714,5.84000015,0,,,0,1
132659070,0.150000006,0.180645153,,,0.225641012,1.02344322,0.877780437,0.179442093,15.8531513,5.84000015,0,,,0,1
132660233,0.150000006,0.152173907,,,0.169230759,0.942857087,0.879129291,0.179385841,15.8349714,5.84299994,0,,,0,1
132661393,0.150000006,0.15646258,,,0.185347974,0.99926734,0.87512058,0.179553673,15.8213358,5.84299994,0,,,0,1
132662557,0.150000006,0.164473683,,,0.201465189,1.02344322,0.868928611,0.179816574,15.8576965,5.84500027,0,,,0,1
132663722,0.150000006,0.142857149,,,0.161172152,0.967032909,0.861423135,0.180141374,15.8304262,5.84500027,0,,,0,1
132664885,0.150000006,0.176470593,,,0.217582405,1.01538455,0.853762746,0.180480018,15.8395166,5.84700012,0,,,0,1
132666250,0.150000006,0.139705881,,,0.153113544,0.942857087,0.846642554,0.180801451,15.825881,5.84700012,0,,,0,1
132667413,0.150000006,0.194968551,,,0.249816835,1.03150177,0.841387391,0.18104291,15.8349714,5.85000038,0,,,0,1
132668574,0.150000006,0.150000006,,,0.169230759,0.958974302,0.839165032,0.181146145,15.8395166,5.85000038,0,,,0,1
132669738,0.150000006,0.133333325,,,0.145054936,0.942857087,0.832570612,0.181456402,15.8349714,5.85200024,0,,,0,1
132670898,0.150000006,0.192771077,,,0.257875443,1.07985342,0.824828684,0.181828365,15.8576965,5.85200024,0,,,0,1
132672062,0.150000006,0.184397176,,,0.209523797,0.926739872,0.824487686,0.181844935,15.8304262,5.85500002,0,,,0,1
132673222,0.150000006,0.181818187,,,0.225641012,1.01538455,0.828825951,0.181635246,15.8349714,5.85500002,0,,,0,1
132674385,0.150000006,0.152777776,,,0.177289367,0.983150125,0.831344604,0.181514725,15.8486061,5.85699987,0,,,0,1
132675550,0.150000006,0.157142863,,,0.177289367,0.950915694,0.828969002,0.181628361,15.8395166,5.85699987,0,,,0,1
132676714,0.150000006,0.192546591,,,0.249816835,1.04761899,0.827137947,0.181716517,15.8395166,5.85899973,0,,,0,1
132677874,0.150000006,0.187919468,,,0.225641012,0.975091517,0.831053793,0.181528598,15.825881,5.85899973,0,,,0,1
132679038,0.150000006,0.176470593,,,0.217582405,1.01538455,0.837540686,0.181222022,15.825881,5.86199999,0,,,0,1
132680198,0.150000006,0.186666667,,,0.225641012,0.983150125,0.844098747,0.180917859,15.8531513,5.86199999,0,,,0,1
132681361,0.150000006,0.158273369,,,0.177289367,0.942857087,0.84895277,0.180696443,15.825881,5.86399984,0,,,0,1
132682522,0.150000006,0.180124238,,,0.23369962,1.0637362,0.851315856,0.180589721,15.8440609,5.86399984,0,,,0,1
132683685,0.150000006,0.170068026,,,0.201465189,0.983150125,0.853675902,0.180483907,15.8304262,5.86600018,0,,,0,1
132684845,0.150000006,0.16993463,,,0.209523797,1.02344322,0.855800331,0.180389225,15.8167906,5.86600018,0,,,0,1
132686009,0.150000006,0.185430452,,,0.225641012,0.991208732,0.858769238,0.180257872,15.8622417,5.86800003,0,,,0,1
132687378,0.150000006,0.137681156,,,0.153113544,0.958974302,0.859784245,0.180213228,15.8440609,5.86800003,0,,,0,1
132688541,0.150000006,0.188679248,,,0.241758227,1.03956032,0.85817498,0.180284068,15.8440609,5.87100029,0,,,0,1
132689701,0.150000006,0.153284684,,,0.169230759,0.934798479,0.857533336,0.180312395,15.825881,5.87100029,0,,,0,1
132690865,0.150000006,0.18238993,,,0.23369962,1.04761899,0.857536256,0.180312276,15.8304262,5.87300014,0,,,0,1
132692025,0.150000006,0.182432428,,,0.217582405,0.975091517,0.860447943,0.180184081,15.8531513,5.87300014,0,,,0,1
132693189,0.150000006,0.145038158,,,0.153113544,0.902564049,0.862512052,0.180093825,15.8349714,5.87599993,0,,,0,1
132694349,0.150000006,0.193939403,,,0.257875443,1.07179475,0.862824738,0.180080205,15.8531513,5.87599993,0,,,0,1
132695513,0.150000006,0.190140843,,,0.217582405,0.926739872,0.868272424,0.179844692,15.8304262,5.87799978,0,,,0,1
132696673,0.150000006,0.19480519,,,0.241758227,0.99926734,0.878881633,0.179396138,15.825881,5.87799978,0,,,0,1
132697841,0.150000006,0.171052635,,,0.209523797,1.01538455,0.889717042,0.178951293,15.8576965,5.88000011,0,,,0,1
132699001,0.150000006,0.174825162,,,0.201465189,0.950915694,0.897359073,0.178645313,15.8304262,5.88000011,0,,,0,1
132700165,0.150000006,0.145569608,,,0.185347974,1.08791208,0.899534523,0.178559348,15.8486061,5.8829999,0,,,0,1
132701325,0.150000006,0.140845075,,,0.161172152,0.983150125,0.89398092,0.178779796,15.825881,5.8829999,0,,,0,1
132702489,0.150000006,0.15646258,,,0.185347974,0.99926734,0.884339213,0.17917046,15.8213358,5.88500023,0,,,0,1
132703649,0.150000006,0.173076928,,,0.217582405,1.03956032,0.877563298,0.179451168,15.8576965,5.88500023,0,,,0,1
132704813,0.150000006,0.156716421,,,0.169230759,0.910622656,0.873945475,0.179603219,15.825881,5.88700008,0,,,0,1
132705974,0.150000006,0.168674693,,,0.225641012,1.11208785,0.871019065,0.179727301,15.8486061,5.88700008,0,,,0,1
132707137,0.150000006,0.186206907,,,0.217582405,0.950915694,0.871435761,0.179709584,15.8395166,5.89000034,0,,,0,1
132708501,0.150000006,0.198757768,,,0.257875443,1.03956032,0.878512025,0.179411545,15.8304262,5.89000034,0,,,0,1
132709670,0.150000006,0.118518509,,,0.128937721,0.958974302,0.882929921,0.17922841,15.8349714,5.8920002,0,,,0,1
132710830,0.150000006,0.181208059,,,0.217582405,0.983150125,0.879601479,0.179366186,15.8440609,5.8920002,0,,,0,1
132711993,0.150000006,0.172839507,,,0.225641012,1.07985342,0.878342986,0.179418594,15.8349714,5.89400005,0,,,0,1
132713154,0.150000006,0.172413796,,,0.201465189,0.967032909,0.880645394,0.179322839,15.8304262,5.89400005,0,,,0,1
132714317,0.150000006,0.218934923,,,0.29816848,1.0637362,0.888716638,0.178991824,15.8304262,5.89699984,0,,,0,1
132715478,0.150000006,0.143884882,,,0.161172152,0.958974302,0.899626791,0.178555712,15.8304262,5.89699984,0,,,0,1
132716642,0.150000006,0.166666672,,,0.193406582,0.967032909,0.903478861,0.178404734,15.8440609,5.89900017,0,,,0,1
132717802,0.150000006,0.167741939,,,0.209523797,1.03956032,0.903659821,0.17839767,15.8395166,5.89900017,0,,,0,1
132718966,0.150000006,0.1586207,,,0.185347974,0.983150125,0.903337955,0.178410232,15.8349714,5.90100002,0,,,0,1
132720126,0.150000006,0.161490679,,,0.209523797,1.08791208,0.901348174,0.178488061,15.8349714,5.90100002,0,,,0,1
132721294,0.150000006,0.125874132,,,0.145054936,1.00732589,0.89475143,0.178749025,15.8349714,5.90400028,0,,,0,1
132722455,0.150000006,0.150684938,,,0.177289367,0.99926734,0.882946551,0.179227725,15.8486061,5.90400028,0,,,0,1
132723619,0.150000006,0.15384616,,,0.193406582,1.0637362,0.871761084,0.17969574,15.8395166,5.90600014,0,,,0,1
132724779,0.150000006,0.142857149,,,0.161172152,0.967032909,0.861931086,0.180119172,15.8395166,5.90600014,0,,,0,1
132725943,0.150000006,0.194968551,,,0.249816835,1.03150177,0.856286526,0.180367619,15.8304262,5.90799999,0,,,0,1
132727103,0.150000006,0.177631572,,,0.217582405,1.00732589,0.85867101,0.180262178,15.8349714,5.90799999,0,,,0,1
132728266,0.150000006,0.173611104,,,0.201465189,0.958974302,0.864160657,0.180022106,15.8531513,5.91100025,0,,,0,1
132729631,0.150000006,0.148648649,,,0.177289367,1.01538455,0.866406858,0.17992495,15.8486061,5.91100025,0,,,0,1
132730794,0.150000006,0.16883117,,,0.209523797,1.03150177,0.865143836,0.179979518,15.8349714,5.91300011,0,,,0,1
132731955,0.150000006,0.175757587,,,0.23369962,1.09597063,0.865251601,0.179974839,15.8213358,5.91300011,0,,,0,1
132733123,0.150000006,0.171428576,,,0.193406582,0.934798479,0.867985785,0.179857001,15.8395166,5.91599989,0,,,0,1
132734283,0.150000006,0.146666661,,,0.177289367,1.03150177,0.868662238,0.179827973,15.8122463,5.91599989,0,,,0,1
132735447,0.150000006,0.147435904,,,0.185347974,1.07179475,0.864175856,0.180021465,15.8531513,5.91799974,0,,,0,1
132736607,0.150000006,0.175324664,,,0.217582405,1.02344322,0.859357893,0.180231944,15.8349714,5.91799974,0,,,0,1
132737771,0.150000006,0.145569608,,,0.185347974,1.08791208,0.856200993,0.180371419,15.8349714,5.92000008,0,,,0,1
132738931,0.150000006,0.168918923,,,0.201465189,0.991208732,0.852816224,0.180522367,15.8440609,5.92000008,0,,,0,1
132740094,0.150000006,0.173333332,,,0.209523797,0.99926734,0.851810277,0.180567503,15.8122463,5.92299986,0,,,0,1
132741255,0.150000006,0.165562913,,,0.201465189,1.01538455,0.853165865,0.180506706,15.8713312,5.92299986,0,,,0,1
132742418,0.150000006,0.159420297,,,0.177289367,0.934798479,0.853631854,0.18048586,15.8167906,5.92500019,0,,,0,1
132743578,0.150000006,0.179190755,,,0.249816835,1.14432228,0.854381025,0.180452406,15.8395166,5.92500019,0,,,0,1
132744747,0.150000006,0.160839155,,,0.185347974,0.967032909,0.856471002,0.180359453,15.8349714,5.92700005,0,,,0,1
132745907,0.150000006,0.19480519,,,0.241758227,0.99926734,0.860708117,0.180172667,15.8213358,5.92700005,0,,,0,1
132747071,0.150000006,0.162337676,,,0.201465189,1.03956032,0.867076814,0.179896072,15.8531513,5.93000031,0,,,0,1
132748231,0.150000006,0.156028375,,,0.177289367,0.958974302,0.870281398,0.179758757,15.825881,5.93000031,0,,,0,1
132749394,0.150000006,0.181818187,,,0.257875443,1.16043949,0.871838331,0.179692462,15.8440609,5.93200016,0,,,0,1
132750759,0.150000006,0.173333332,,,0.209523797,0.99926734,0.87629056,0.179504499,15.8486061,5.93200016,0,,,0,1
132751922,0.150000006,0.187878802,,,0.249816835,1.07985342,0.88373667,0.17919521,15.8213358,5.93400002,0,,,0,1
132753083,0.150000006,0.154362425,,,0.185347974,1.01538455,0.890885115,0.178904116,15.8395166,5.93400002,0,,,0,1
132754246,0.150000006,0.179487184,,,0.225641012,1.03150177,0.895744085,0.178709462,15.8304262,5.9369998,0,,,0,1
132755406,0.150000006,0.167741939,,,0.209523797,1.03956032,0.90075326,0.178511396,15.8440609,5.9369998,0,,,0,1
132756575,0.150000006,0.1586207,,,0.185347974,0.983150125,0.904384494,0.178369462,15.8531513,5.93900013,0,,,0,1
132757735,0.150000006,0.16883117,,,0.209523797,1.03150177,0.905942142,0.178309008,15.8213358,5.93900013,0,,,0,1
132758899,0.150000006,0.130434781,,,0.145054936,0.967032909,0.903531909,0.178402677,15.8440609,5.94099998,0,,,0,1
132760059,0.150000006,0.160256416,,,0.201465189,1.05567765,0.89644438,0.178681612,15.8167906,5.94099998,0,,,0,1
132761223,0.150000006,0.152866244,,,0.193406582,1.07179475,0.889718175,0.178951249,15.8486061,5.94400024,0,,,0,1
132762384,0.150000006,0.185185179,,,0.241758227,1.0637362,0.887571394,0.179038361,15.8349714,5.94400024,0,,,0,1
132763547,0.150000006,0.159509212,,,0.209523797,1.10402918,0.889745951,0.178950146,15.825881,5.9460001,0,,,0,1
132764708,0.150000006,0.148648649,,,0.177289367,1.01538455,0.890107274,0.178935528,15.8395166,5.9460001,0,,,0,1
132765871,0.150000006,0.149350628,,,0.185347974,1.05567765,0.886109293,0.179097965,15.8077011,5.94799995,0,,,0,1
132767032,0.150000006,0.18238993,,,0.23369962,1.04761899,0.883630931,0.179199547,15.8576965,5.94799995,0,,,0,1
132768200,0.150000006,0.147651002,,,0.177289367,1.02344322,0.883847177,0.179190665,15.8304262,5.95100021,0,,,0,1
132769361,0.150000006,0.162650585,,,0.217582405,1.12014651,0.88276273,0.179235294,15.8440609,5.95100021,0,,,0,1
132770524,0.150000006,0.137931049,,,0.161172152,1.00732589,0.878937125,0.179393843,15.8213358,5.95300007,0,,,0,1
132771889,0.150000006,0.184971109,,,0.257875443,1.13626361,0.875962615,0.179518268,15.8167906,5.95300007,0,,,0,1
132773053,0.150000006,0.140845075,,,0.161172152,0.983150125,0.875203431,0.179550186,15.8395166,5.95599985,0,,,0,1
132774214,0.150000006,0.175324664,,,0.217582405,1.02344322,0.874278367,0.179589152,15.825881,5.95599985,0,,,0,1
132775377,0.150000006,0.164473683,,,0.201465189,1.02344322,0.875167608,0.179551691,15.8395166,5.95799971,0,,,0,1
132776537,0.150000006,0.191358,,,0.249816835,1.05567765,0.880223632,0.179340333,15.8440609,5.95799971,0,,,0,1
132777701,0.150000006,0.180232555,,,0.249816835,1.13626361,0.889981151,0.178940624,15.8122463,5.96000004,0,,,0,1
132778866,0.150000006,0.163398698,,,0.201465189,1.03150177,0.900007725,0.178540707,15.8486061,5.96000004,0,,,0,1
132780030,0.150000006,0.152777776,,,0.177289367,0.983150125,0.904991925,0.178345859,15.8077011,5.96199989,0,,,0,1
132781190,0.150000006,0.157575756,,,0.209523797,1.12014651,0.905402482,0.178329915,15.8576965,5.96199989,0,,,0,1
132782354,0.150000006,0.159999996,,,0.193406582,1.01538455,0.904502273,0.178364888,15.8349714,5.96500015,0,,,0,1
132783514,0.150000006,0.170588255,,,0.23369962,1.13626361,0.905128539,0.178340554,15.825881,5.96500015,0,,,0,1
132784677,0.150000006,0.160839155,,,0.185347974,0.967032909,0.907387972,0.178253099,15.8349714,5.96700001,0,,,0,1
132785838,0.150000006,0.170068026,,,0.201465189,0.983150125,0.910100162,0.178148806,15.8167906,5.96700001,0,,,0,1
132787001,0.150000006,0.164634153,,,0.217582405,1.10402918,0.91340363,0.178022772,15.8531513,5.96899986,0,,,0,1
132788161,0.150000006,0.157894731,,,0.193406582,1.03150177,0.915920198,0.177927479,15.8304262,5.96899986,0,,,0,1
132789324,0.150000006,0.163742676,,,0.225641012,1.15238094,0.91723758,0.177877843,15.8440609,5.97200012,0,,,0,1
132790490,0.150000006,0.165517256,,,0.193406582,0.975091517,0.919051528,0.177809805,15.825881,5.97200012,0,,,0,1
132791857,0.150000006,0.174698815,,,0.23369962,1.10402918,0.922901452,0.177666411,15.8122463,5.97399998,0,,,0,1
132793017,0.150000006,0.139072835,,,0.169230759,1.04761899,0.925265491,0.177579045,15.8440609,5.97399998,0,,,0,1
132794181,0.150000006,0.174193546,,,0.217582405,1.03150177,0.924949825,0.177590698,15.8122463,5.97699976,0,,,0,1
132795341,0.150000006,0.144736841,,,0.177289367,1.04761899,0.924299598,0.177614704,15.8486061,5.97699976,0,,,0,1
132796505,0.150000006,0.16883117,,,0.209523797,1.03150177,0.923183978,0.17765595,15.8304262,5.97900009,0,,,0,1
132797665,0.150000006,0.168674693,,,0.225641012,1.11208785,0.924388349,0.177611411,15.8349714,5.97900009,0,,,0,1
132798828,0.150000006,0.1875,,,0.241758227,1.04761899,0.930781722,0.177377298,15.8213358,5.98099995,0,,,0,1
132799989,0.150000006,0.148809522,,,0.201465189,1.15238094,0.938410819,0.177102923,15.8167906,5.98099995,0,,,0,1
132801152,0.150000006,0.162499994,,,0.209523797,1.07985342,0.94212836,0.176971138,15.8486061,5.98400021,0,,,0,1
132802317,0.150000006,0.167741939,,,0.209523797,1.03956032,0.944869995,0.176874742,15.8304262,5.98400021,0,,,0,1
132803481,0.150000006,0.157303378,,,0.225641012,1.20879114,0.948267579,0.176756188,15.8395166,5.98600006,0,,,0,1
132804641,0.150000006,0.111888103,,,0.128937721,1.02344322,0.944475472,0.17688857,15.8349714,5.98600006,0,,,0,1
132805805,0.150000006,0.173652694,,,0.23369962,1.11208785,0.935648084,0.177201688,15.825881,5.98799992,0,,,0,1
132806966,0.150000006,0.146666661,,,0.177289367,1.03150177,0.930661321,0.177381694,15.8304262,5.98799992,0,,,0,1
132808129,0.150000006,0.165562913,,,0.201465189,1.01538455,0.928479433,0.177461177,15.8349714,5.99100018,0,,,0,1
132809290,0.150000006,0.146496817,,,0.185347974,1.07985342,0.926577091,0.177530825,15.8304262,5.99100018,0,,,0,1
132810453,0.150000006,0.1863354,,,0.241758227,1.05567765,0.927452683,0.177498728,15.8440609,5.99300003,0,,,0,1
132811614,0.150000006,0.164634153,,,0.217582405,1.10402918,0.933305442,0.177285954,15.8167906,5.99300003,0,,,0,1
132812981,0.150000006,0.132867128,,,0.153113544,0.99926734,0.935938478,0.177191257,15.8213358,5.99499989,0,,,0,1
132814147,0.150000006,0.166666672,,,0.225641012,1.12820506,0.933362961,0.177283883,15.8213358,5.99499989,0,,,0,1
132815310,0.150000006,0.128378376,,,0.153113544,1.03956032,0.928683341,0.177453727,15.825881,5.99800014,0,,,0,1
132816471,0.150000006,0.1863354,,,0.241758227,1.05567765,0.925026357,0.177587882,15.8349714,5.99800014,0,,,0,1
132817642,0.150000006,0.151515156,,,0.201465189,1.12820506,0.926120162,0.177547619,15.8304262,6,0,,,1,1
132818802,0.150000006,0.160256416,,,0.201465189,1.05567765,0.92770803,0.177489385,15.8486061,6,0,,,1,1
132819966,0.150000006,0.173652694,,,0.23369962,1.11208785,0.93023169,0.177397296,15.8122463,6,0,,,1,1
132821126,0.150000006,0.143749997,,,0.185347974,1.10402918,0.933125675,0.177292436,15.8486061,6,0,,,1,1
132822290,0.150000006,0.167741939,,,0.209523797,1.03956032,0.934036791,0.177259594,15.8077011,6,0,,,1,1
132823450,0.150000006,0.145569608,,,0.185347974,1.08791208,0.93402946,0.177259862,15.8576965,6,0,,,1,1
132824614,0.150000006,0.166666687,,,0.201465189,1.00732589,0.933569193,0.177276447,15.825881,6,0,,,1,1
132825779,0.150000006,0.178571433,,,0.241758227,1.11208785,0.936859369,0.177158311,15.8349714,6,0,,,1,1
132826943,0.150000006,0.160256416,,,0.201465189,1.05567765,0.943554044,0.176920936,15.825881,6,0,,,1,1
132828103,0.150000006,0.171779126,,,0.225641012,1.08791208,0.950244963,0.176687643,15.8213358,6,0,,,1,1
132829266,0.150000006,0.136054412,,,0.161172152,1.02344322,0.953448772,0.17657733,15.8349714,6,0,,,1,1
132830426,0.150000006,0.151898727,,,0.193406582,1.07985342,0.950704098,0.176671788,15.8349714,6,0,,,1,1
132831590,0.150000006,0.155172408,,,0.217582405,1.18461537,0.946692944,0.17681101,15.825881,6,0,,,1,1
132832750,0.150000006,0.154838696,,,0.193406582,1.05567765,0.94425106,0.176896453,15.8486061,6,0,,,1,1
132834118,0.150000006,0.149425283,,,0.209523797,1.19267392,0.941902816,0.17697911,15.8304262,6,0,,,1,1
132835278,0.150000006,0.15384616,,,0.193406582,1.0637362,0.939203799,0.177074715,15.8213358,6,0,,,1,1
132836442,0.150000006,0.172839507,,,0.225641012,1.07985342,0.939231694,0.177073717,15.8213358,6,0,,,1,1
132837607,0.150000006,0.146341458,,,0.193406582,1.12820506,0.941261351,0.177001774,15.8395166,6,0,,,1,1
132838770,0.150000006,0.137254909,,,0.169230759,1.0637362,0.939022243,0.177081168,15.8395166,6,0,,,1,1
132839930,0.150000006,0.186440691,,,0.26593405,1.16043949,0.937488854,0.17713581,15.8304262,6,0,,,1,1
132841094,0.150000006,0.137500003,,,0.177289367,1.11208785,0.93967402,0.177058011,15.8395166,6,0,,,1,1
132842255,0.150000006,0.167630062,,,0.23369962,1.16043949,0.940896094,0.177014694,15.8077011,6,0,,,1,1
132843418,0.150000006,0.152777776,,,0.177289367,0.983150125,0.942278147,0.176965848,15.8440609,6,0,,,1,1
132844579,0.150000006,0.158227861,,,0.201465189,1.07179475,0.943646669,0.176917672,15.8122463,6,0,,,1,1
132845742,0.150000006,0.149350628,,,0.185347974,1.05567765,0.943623483,0.176918492,15.8486061,6,0,,,1,1
132846902,0.150000006,0.153846145,,,0.177289367,0.975091517,0.942151845,0.176970318,15.8395166,6,0,,,1,1
132848071,0.150000006,0.166666672,,,0.225641012,1.12820506,0.941785336,0.176983252,15.8304262,6,0,,,1,1
132849231,0.150000006,0.181818187,,,0.225641012,1.01538455,0.946758747,0.1768087,15.8304262,6,0,,,1,1
132850395,0.150000006,0.161290318,,,0.201465189,1.04761899,0.955336034,0.176512733,15.8213358,6,0,,,1,1
132851555,0.150000006,0.155279517,,,0.201465189,1.09597063,0.961518824,0.176303282,15.8440609,6,0,,,1,1
132852718,0.150000006,0.162337676,,,0.201465189,1.03956032,0.964851737,0.176191688,15.8395166,6,0,,,1,1
132853878,0.150000006,0.147928998,,,0.201465189,1.16043949,0.966323137,0.176142722,15.825881,6,0,,,1,1
132855246,0.150000006,0.151898727,,,0.193406582,1.07985342,0.965105653,0.176183224,15.8349714,6,0,,,1,1
132856406,0.150000006,0.162790701,,,0.225641012,1.16043949,0.964068949,0.176217809,15.8304262,6,0,,,1,1
132857570,0.150000006,0.119999997,,,0.145054936,1.0637362,0.960253775,0.176345885,15.8213358,6,0,,,1,1
132858730,0.150000006,0.166666672,,,0.225641012,1.12820506,0.953214109,0.176585376,15.8304262,6,0,,,1,1
132859898,0.150000006,0.145569608,,,0.185347974,1.08791208,0.948763251,0.176738977,15.8304262,6,0,,,1,1
132861058,0.150000006,0.172839507,,,0.225641012,1.07985342,0.94801873,0.176764846,15.8304262,6,0,,,1,1
132862222,0.150000006,0.155555561,,,0.225641012,1.22490835,0.950564265,0.176676616,15.8213358,6,0,,,1,1
132863382,0.150000006,0.144736841,,,0.177289367,1.04761899,0.951892614,0.17663081,15.8440609,6,0,,,1,1
132864546,0.150000006,0.169696972,,,0.225641012,1.10402918,0.952238739,0.176618889,15.8213358,6,0,,,1,1
132865706,0.150000006,0.159235671,,,0.201465189,1.0637362,0.955313444,0.176513523,15.8395166,6,0,,,1,1
132866870,0.150000006,0.162499994,,,0.209523797,1.07985342,0.959566712,0.176369071,15.8167906,6,0,,,1,1
132868030,0.150000006,0.170731708,,,0.225641012,1.09597063,0.965229928,0.176179096,15.8440609,6,0,,,1,1
132869193,0.150000006,0.130718961,,,0.161172152,1.07179475,0.968347847,0.176075608,15.8395166,6,0,,,1,1
132870354,0.150000006,0.144508675,,,0.201465189,1.19267392,0.964372993,0.176207647,15.825881,6,0,,,1,1
132871522,0.150000006,0.143749997,,,0.185347974,1.10402918,0.95754236,0.176437631,15.8395166,6,0,,,1,1
132872683,0.150000006,0.159090906,,,0.225641012,1.19267392,0.952713788,0.176602557,15.8077011,6,0,,,1,1
132873846,0.150000006,0.122448988,,,0.145054936,1.03956032,0.947037458,0.176798999,15.8486061,6,0,,,1,1
132875007,0.150000006,0.157894731,,,0.193406582,1.03150177,0.93904382,0.177080408,15.8122463,6,0,,,1,1
132876374,0.150000006,0.151315793,,,0.185347974,1.03956032,0.933602929,0.177275226,15.8304262,6,0,,,1,1
132877534,0.150000006,0.173076928,,,0.217582405,1.03956032,0.933035433,0.1772957,15.825881,6,0,,,1,1
132878698,0.150000006,0.136645958,,,0.177289367,1.12014651,0.933599651,0.177275345,15.8440609,6,0,,,1,1
132879859,0.150000006,0.157575756,,,0.209523797,1.12014651,0.931703806,0.17734386,15.8213358,6,0,,,1,1
132881022,0.150000006,0.176470578,,,0.26593405,1.24102557,0.932891846,0.177300885,15.8304262,6,0,,,1,1
132882182,0.150000006,0.165644169,,,0.217582405,1.09597063,0.939703822,0.177056968,15.8122463,6,0,,,1,1
132883350,0.150000006,0.143678173,,,0.201465189,1.20073247,0.945339739,0.176858291,15.8213358,6,0,,,1,1
132884511,0.150000006,0.127388537,,,0.161172152,1.10402918,0.94332397,0.176929027,15.8213358,6,0,,,1,1
132885674,0.150000006,0.155688629,,,0.209523797,1.13626361,0.937010586,0.177152902,15.8349714,6,0,,,1,1
132886834,0.150000006,0.136904761,,,0.185347974,1.16849804,0.931307197,0.177358255,15.825881,6,0,,,1,1
132887998,0.150000006,0.169811308,,,0.217582405,1.0637362,0.928165674,0.177472651,15.8395166,6,0,,,1,1
132889158,0.150000006,0.158192098,,,0.225641012,1.20073247,0.929723382,0.177415803,15.8167906,6,0,,,1,1
132890322,0.150000006,0.174999997,,,0.225641012,1.0637362,0.935509741,0.177206635,15.8304262,6,0,,,1,1
132891482,0.150000006,0.143790841,,,0.177289367,1.05567765,0.94155848,0.176991269,15.8122463,6,0,,,1,1
132892646,0.150000006,0.154321,,,0.201465189,1.10402918,0.943966806,0.176906422,15.8486061,6,0,,,1,1
132893806,0.150000006,0.144736841,,,0.177289367,1.04761899,0.943414271,0.176925853,15.8349714,6,0,,,1,1
132894975,0.150000006,0.158192098,,,0.225641012,1.20073247,0.942313135,0.176964626,15.8304262,6,0,,,1,1
132896135,0.150000006,0.131578952,,,0.161172152,1.0637362,0.939666688,0.177058265,15.8440609,6,0,,,1,1
132897502,0.150000006,0.160919547,,,0.225641012,1.17655671,0.935747087,0.177198127,15.8486061,6,0,,,1,1
132898662,0.150000006,0.1369863,,,0.161172152,1.01538455,0.932243049,0.17732434,15.8213358,6,0,,,1,1
132899825,0.150000006,0.151515156,,,0.201465189,1.12820506,0.928016603,0.17747809,15.825881,6,0,,,1,1
132900986,0.150000006,0.149350628,,,0.185347974,1.05567765,0.924227417,0.177617356,15.8304262,6,0,,,1,1
132902150,0.150000006,0.161290318,,,0.201465189,1.04761899,0.922653139,0.177675635,15.8304262,6,0,,,1,1
132903310,0.150000006,0.153374225,,,0.201465189,1.11208785,0.923003376,0.177662641,15.8349714,6,0,,,1,1
132904474,0.150000006,0.172839507,,,0.225641012,1.07985342,0.925828815,0.177558333,15.8304262,6,0,,,1,1
132905634,0.150000006,0.161849722,,,0.225641012,1.16849804,0.93168956,0.177344382,15.8304262,6,0,,,1,1
132906802,0.150000006,0.145695373,,,0.177289367,1.03956032,0.936163247,0.177183211,15.8213358,6,0,,,1,1
132907962,0.150000006,0.153374225,,,0.201465189,1.11208785,0.93687129,0.177157879,15.8213358,6,0,,,1,1
132909126,0.150000006,0.160256416,,,0.201465189,1.05567765,0.937302709,0.177142456,15.8213358,6,0,,,1,1
132910286,0.150000006,0.149068326,,,0.193406582,1.10402918,0.938123465,0.17711316,15.825881,6,0,,,1,1
132911450,0.150000006,0.146198824,,,0.201465189,1.17655671,0.937016368,0.177152678,15.8349714,6,0,,,1,1
132912610,0.150000006,0.175757587,,,0.23369962,1.09597063,0.93754667,0.177133739,15.8440609,6,0,,,1,1
132913774,0.150000006,0.176470593,,,0.241758227,1.12820506,0.944708407,0.176880404,15.8304262,6,0,,,1,1
132914934,0.150000006,0.145695373,,,0.177289367,1.03956032,0.953085601,0.176589772,15.825881,6,0,,,1,1
132916098,0.150000006,0.15060243,,,0.201465189,1.13626361,0.956185222,0.176483795,15.8167906,6,0,,,1,1
132917258,0.150000006,0.15384616,,,0.193406582,1.0637362,0.95634228,0.176478446,15.8304262,6,0,,,1,1
132918630,0.150000006,0.135135129,,,0.161172152,1.03150177,0.953870177,0.17656289,15.8077011,6,0,,,1,1
132919791,0.150000006,0.142857149,,,0.193406582,1.16043949,0.947545052,0.176781327,15.8440609,6,0,,,1,1
132920954,0.150000006,0.151898727,,,0.193406582,1.07985342,0.941155255,0.177005529,15.8213358,6,0,,,1,1
132922114,0.150000006,0.165745854,,,0.241758227,1.2168498,0.939031124,0.177080855,15.8349714,6,0,,,1,1
132923277,0.150000006,0.136645958,,,0.177289367,1.12014651,0.938546181,0.17709811,15.8349714,6,0,,,1,1
132924438,0.150000006,0.162790701,,,0.225641012,1.16043949,0.937221169,0.177145377,15.8077011,6,0,,,1,1
132925602,0.150000006,0.15625,,,0.201465189,1.08791208,0.937942326,0.177119628,15.8440609,6,0,,,1,1
132926762,0.150000006,0.15625,,,0.201465189,1.08791208,0.940122068,0.177042112,15.7986107,6,0,,,1,1
132927926,0.150000006,0.151162788,,,0.209523797,1.17655671,0.941696465,0.176986381,15.8486061,6,0,,,1,1
132929091,0.150000006,0.147435904,,,0.185347974,1.07179475,0.941689372,0.17698665,15.8395166,6,0,,,1,1
132930255,0.150000006,0.161676645,,,0.217582405,1.12820506,0.941650391,0.176988021,15.8304262,6,0,,,1,1
132931415,0.150000006,0.165605083,,,0.209523797,1.05567765,0.944680214,0.176881388,15.8395166,6,0,,,1,1
132932579,0.150000006,0.159763321,,,0.217582405,1.14432228,0.950083256,0.176693246,15.8077011,6,0,,,1,1
132933740,0.150000006,0.164556965,,,0.209523797,1.0637362,0.956182539,0.176483884,15.8349714,6,0,,,1,1
132934903,0.150000006,0.173913047,,,0.225641012,1.07179475,0.964387715,0.17620717,15.8167906,6,0,,,1,1
132936063,0.150000006,0.154321,,,0.201465189,1.10402918,0.973336995,0.17591165,15.825881,6,0,,,1,1
132937227,0.150000006,0.166666672,,,0.225641012,1.12820506,0.98084408,0.175668657,15.825881,6,0,,,1,1
132938387,0.150000006,0.150000006,,,0.217582405,1.2329669,0.986937761,0.175474614,15.825881,6,0,,,1,1
132939755,0.150000006,0.113333344,,,0.136996329,1.07179475,0.984932184,0.175538167,15.8213358,6,0,,,1,1
132940920,0.150000006,0.158192098,,,0.225641012,1.20073247,0.976346552,0.175813705,15.8304262,6,0,,,1,1
132942083,0.150000006,0.121019118,,,0.153113544,1.11208785,0.967328906,0.176109329,15.8349714,6,0,,,1,1
132943243,0.150000006,0.147727266,,,0.209523797,1.20879114,0.95737493,0.176443309,15.8077011,6,0,,,1,1
132944406,0.150000006,0.158227861,,,0.201465189,1.07179475,0.951102436,0.176658049,15.8486061,6,0,,,1,1
132945567,0.150000006,0.135483861,,,0.169230759,1.07985342,0.947620332,0.176778689,15.8077011,6,0,,,1,1
132946730,0.150000006,0.156069368,,,0.217582405,1.17655671,0.943774343,0.176913187,15.8440609,6,0,,,1,1
132947890,0.150000006,0.139240503,,,0.177289367,1.09597063,0.940343499,0.177034259,15.825881,6,0,,,1,1
132949053,0.150000006,0.143712565,,,0.193406582,1.15238094,0.935823381,0.1771954,15.8213358,6,0,,,1,1
132950214,0.150000006,0.137500003,,,0.177289367,1.11208785,0.929734826,0.177415386,15.8395166,6,0,,,1,1
132951378,0.150000006,0.170454547,,,0.241758227,1.17655671,0.926297426,0.177541107,15.8213358,6,0,,,1,1
132952543,0.150000006,0.166666657,,,0.217582405,1.08791208,0.929483473,0.17742455,15.8213358,6,0,,,1,1
132953706,0.150000006,0.168604657,,,0.23369962,1.15238094,0.937302709,0.177142456,15.825881,6,0,,,1,1
132954866,0.150000006,0.14465408,,,0.185347974,1.09597063,0.944216251,0.176897675,15.8304262,6,0,,,1,1
132956029,0.150000006,0.164705887,,,0.225641012,1.14432228,0.948703289,0.176741064,15.8304262,6,0,,,1,1
132957190,0.150000006,0.142011836,,,0.193406582,1.16849804,0.951763928,0.176635221,15.8395166,6,0,,,1,1
132958354,0.150000006,0.149700597,,,0.201465189,1.14432228,0.952178478,0.17662096,15.8167906,6,0,,,1,1
132959514,0.150000006,0.163043484,,,0.241758227,1.24102557,0.953154981,0.176587403,15.8349714,6,0,,,1,1
132960882,0.150000006,0.178343952,,,0.225641012,1.03956032,0.959888816,0.176358208,15.8395166,6,0,,,1,1
132962042,0.150000006,0.167630062,,,0.23369962,1.16043949,0.971864283,0.17595984,15.8167906,6,0,,,1,1
132963206,0.150000006,0.137724549,,,0.185347974,1.16043949,0.981111646,0.175660059,15.8395166,6,0,,,1,1
132964371,0.150000006,0.168604657,,,0.23369962,1.15238094,0.986083329,0.17550166,15.8122463,6,0,,,1,1
132965534,0.150000006,0.141025648,,,0.177289367,1.07985342,0.990077198,0.17537573,15.8395166,6,0,,,1,1
132966695,0.150000006,0.132911399,,,0.169230759,1.10402918,0.9888708,0.175413638,15.8349714,6,0,,,1,1
132967858,0.150000006,0.125,,,0.169230759,1.18461537,0.980365276,0.17568402,15.8213358,6,0,,,1,1
132969019,0.150000006,0.161490679,,,0.209523797,1.08791208,0.971786976,0.175962374,15.8304262,6,0,,,1,1
132970182,0.150000006,0.154285714,,,0.217582405,1.19267392,0.969406366,0.176040649,15.8349714,6,0,,,1,1
132971343,0.150000006,0.128378376,,,0.153113544,1.03956032,0.967265368,0.176111445,15.8122463,6,0,,,1,1
132972507,0.150000006,0.168478265,,,0.249816835,1.2329669,0.964305282,0.176209927,15.8213358,6,0,,,1,1
132973667,0.150000006,0.164473683,,,0.201465189,1.02344322,0.967193186,0.176113829,15.8349714,6,0,,,1,1
132974831,0.150000006,0.158536583,,,0.209523797,1.11208785,0.973864436,0.175894439,15.8077011,6,0,,,1,1
132975996,0.150000006,0.131249994,,,0.169230759,1.12014651,0.976656318,0.175803646,15.8576965,6,0,,,1,1
132977160,0.150000006,0.135483861,,,0.169230759,1.07985342,0.972117305,0.17595154,15.8213358,6,0,,,1,1
132978320,0.150000006,0.169491515,,,0.241758227,1.18461537,0.967985213,0.176087603,15.825881,6,0,,,1,1
132979484,0.150000006,0.162337676,,,0.201465189,1.03956032,0.970717072,0.175997511,15.8304262,6,0,,,1,1
132980848,0.150000006,0.146892652,,,0.209523797,1.2168498,0.975190401,0.175851256,15.8349714,6,0,,,1,1
132982012,0.150000006,0.171974525,,,0.217582405,1.04761899,0.979842067,0.175700843,15.825881,6,0,,,1,1
132983172,0.150000006,0.173410401,,,0.241758227,1.15238094,0.98924458,0.175401896,15.8122463,6,0,,,1,1
132984302,0.150000006,0.125,,,0.169230759,1.18461537,0.98924458,0.175401896,15.8304262,6,0,,,1,1
132985429,0.150000006,0,,,0,1.40219772,0.98924458,0.175401896,15.7667952,6,0,,,1,1
132986593,0.150000006,0,,,0,1.45860791,0.916482747,0.177906275,15.8349714,6,0,,,1,1
132987757,0.150000006,0,,,0,1.36190462,0.844256401,0.180910647,15.7986107,6,0,,,1,1
132988921,0.150000006,0,,,0,1.54725266,0.775894403,0.184391961,15.8077011,6,0,,,1,1
132990082,0.150000006,0,,,0,1.36996329,0.715273976,0.18818216,15.8077011,6,0,,,1,1
132991245,0.150000006,0,,,0,1.40219772,0.662568271,0.192204684,15.7667952,6,0,,,1,1
132992406,0.150000006,0,,,0,1.33772886,0.616786838,0.196434334,15.8167906,6,0,,,1,1
132993569,0.150000006,0,,,0,1.27326,0.576814294,0.200867563,15.7667952,6,0,,,1,1
132994729,0.150000006,0,,,0,1.35384607,0.541668832,0.205511034,15.8031559,6,0,,,1,1
132995892,0.150000006,0,,,0,1.31355309,0.510546684,0.21037659,15.7895203,6,0,,,1,1
132997052,0.150000006,0,,,0,1.44249082,0.482801616,0.215479091,15.7758856,6,0,,,1,1
132998220,0.150000006,0,,,0,1.36996329,0.457914978,0.220835686,15.7758856,6,0,,,1,1
132999380,0.150000006,0,,,0,1.46666658,0.435467571,0.226465538,15.7713404,6,0,,,1,1
133000544,0.150000006,0,,,0,1.32967019,0.41511789,0.232390001,15.7667952,6,0,,,1,1
133001908,0.150000006,0,,,0,1.48278379,0.396585107,0.238632813,15.7486153,6,0,,,1,1
133003071,0.150000006,0,,,0,1.27326,0.379636407,0.245220304,15.7713404,6,0,,,1,1
133004231,0.150000006,0,,,0,1.39413905,0.364076942,0.252181798,15.7349796,6,0,,,1,1
133005394,0.150000006,0,,,0,1.35384607,0.349742681,0.259550124,15.7577057,6,0,,,1,1
133006554,0.150000006,0,,,0,1.40219772,0.336494356,0.267361999,15.7167997,6,0,,,1,1
133007717,0.150000006,0,,,0,1.47472525,0.324213177,0.275658667,15.7667952,6,0,,,1,1
133008877,0.150000006,0,,,0,1.26520133,0.312796831,0.284486741,15.7395248,6,0,,,1,1
133010045,0.150000006,0,,,0,1.47472525,0.302157134,0.293899059,15.7258902,6,0,,,1,1
133011205,0.150000006,0,,,0,1.36996329,0.292217433,0.303955406,15.7440701,6,0,,,1,1
133012369,0.150000006,0,,,0,1.49890101,0.282910883,0.314724386,15.680439,6,0,,,1,1
133013529,0.150000006,0,,,0,1.34578753,0.274178833,0.326284438,15.7077093,6,0,,,1,1
133014693,0.150000006,0,,,0,1.32967019,0.265969664,0.338726103,15.680439,6,0,,,1,1
133015853,0.150000006,0,,,0,1.35384607,0.258237779,0.352154195,15.680439,6,0,,,1,1
133017016,0.150000006,0,,,0,1.39413905,0.250942707,0.366690934,15.6577139,6,0,,,1,1
133018177,0.150000006,0.435000002,,,0.701098859,0.910622656,0.247722968,0.373790145,15.8622417,6,0,,,1,1
133019340,0.150000006,0.649999976,,,0.838095188,0.451282024,0.254091054,0.360169828,15.8349714,6,0,,,1,1
133020501,0.150000006,0.650273204,,,0.958974302,0.515750885,0.263064027,0.343558878,15.8486061,6,0,,,1,1
133021668,0.150000006,0.641025662,,,0.805860758,0.451282024,0.272693932,0.328412563,15.8576965,6,0,,,1,1
133023033,0.150000006,0.612903237,,,0.918681264,0.580219746,0.283055693,0.314545363,15.8576965,6,0,,,1,1
133024196,0.150000006,0.618749976,,,0.79780215,0.491575062,0.294236004,0.301801801,15.8395166,6,0,,,1,1
133025357,0.150000006,0.581920922,,,0.830036581,0.596336961,0.306335837,0.290050596,15.8304262,6,0,,,1,1
133026520,0.150000006,0.506493509,,,0.628571391,0.612454176,0.319473535,0.279180229,15.8395166,6,0,,,1,1
133027680,0.150000006,0.478260905,,,0.620512784,0.676923037,0.333788574,0.269095212,15.7986107,6,0,,,1,1
133028844,0.150000006,0.473684192,,,0.652747214,0.725274682,0.349446684,0.259713382,15.8440609,6,0,,,1,1
133030004,0.150000006,0.434782624,,,0.56410253,0.73333329,0.366646111,0.250963718,15.8395166,6,0,,,1,1
133031135,0.150000006,0.441988975,,,0.644688606,0.813919365,0.366646111,0.250963718,15.8213358,6,0,,,1,1
133032261,0.150000006,0,,,0,1.35384607,0.366646111,0.250963718,15.7440701,6,0,,,1,1
133033396,0.150000006,0,,,0,1.47472525,0.366646111,0.250963718,15.7258902,6,0,,,1,1
133034523,0.150000006,0,,,0,1.28937721,0.366646111,0.250963718,15.7577057,6,0,,,1,1
133035653,0.150000006,0,,,0,1.40219772,0.366646111,0.250963718,15.7349796,6,0,,,1,1
133036813,0.150000006,0,,,0,1.32967019,0.385626286,0.242784381,15.7577057,6,0,,,1,1
133037977,0.150000006,0,,,0,1.44249082,0.406678826,0.235121384,15.7440701,6,0,,,1,1
133039137,0.150000006,0,,,0,1.48278379,0.430162758,0.227927297,15.7804308,6,0,,,1,1
133040300,0.150000006,0,,,0,1.33772886,0.456525087,0.221160382,15.7713404,6,0,,,1,1
133041460,0.150000006,0,,,0,1.53113544,0.486329585,0.214783713,15.7758856,6,0,,,1,1
133042623,0.150000006,0,,,0,1.32161164,0.520297527,0.208764449,15.7940655,6,0,,,1,1
133043987,0.150000006,0,,,0,1.46666658,0.559366703,0.203073338,15.7895203,6,0,,,1,1
133045155,0.150000006,0,,,0,1.31355309,0.558736622,0.203156501,15.7986107,6,0,,,1,1
133046315,0.150000006,0,,,0,1.46666658,0.525674403,0.207911134,15.7531605,6,0,,,1,1
133047478,0.150000006,0,,,0,1.34578753,0.496305346,0.212893859,15.8031559,6,0,,,1,1
133048638,0.150000006,0,,,0,1.36190462,0.470044047,0.21812129,15.7486153,6,0,,,1,1
133049802,0.150000006,0,,,0,1.39413905,0.44642207,0.223611966,15.7895203,6,0,,,1,1
133050962,0.150000006,0,,,0,1.39413905,0.42506066,0.22938621,15.7713404,6,0,,,1,1
133052125,0.150000006,0,,,0,1.45860791,0.405650198,0.235466585,15.7804308,6,0,,,1,1
133053286,0.150000006,0,,,0,1.33772886,0.387935042,0.241878077,15.7531605,6,0,,,1,1
133054449,0.150000006,0,,,0,1.50695968,0.371702492,0.248648509,15.7531605,6,0,,,1,1
133055609,0.150000006,0,,,0,1.32967019,0.356773794,0.25580886,15.7667952,6,0,,,1,1
133056777,0.150000006,0,,,0,1.36190462,0.342997938,0.263393849,15.7122545,6,0,,,1,1
133057937,0.150000006,0,,,0,1.31355309,0.330246389,0.271442384,15.7440701,6,0,,,1,1
133059100,0.150000006,0,,,0,1.49084234,0.318408966,0.279998273,15.7122545,6,0,,,1,1
133060261,0.150000006,0,,,0,1.40219772,0.307390809,0.289111108,15.7349796,6,0,,,1,1
133061424,0.150000006,0,,,0,1.36996329,0.297109634,0.298837125,15.6986198,6,0,,,1,1
133062584,0.150000006,0,,,0,1.41025639,0.287494004,0.309240222,15.7304344,6,0,,,1,1
133063747,0.150000006,0,,,0,1.39413905,0.278481215,0.320393801,15.6986198,6,0,,,1,1
133065112,0.150000006,0,,,0,1.52307677,0.270016372,0.332382053,15.7213449,6,0,,,1,1
133066275,0.150000006,0,,,0,1.32161164,0.262050956,0.345302284,15.6895294,6,0,,,1,1
133067435,0.150000006,0,,,0,1.53113544,0.254541993,0.359267622,15.6849842,6,0,,,1,1
133068603,0.150000006,0.502793252,,,0.725274682,0.717216074,0.251829088,0.364814639,15.8622417,6,0,,,1,1
133069763,0.150000006,0.609625638,,,0.918681264,0.588278353,0.25931856,0.350163996,15.8304262,6,0,,,1,1
133070927,0.150000006,0.654321015,,,0.854212403,0.451282024,0.268671364,0.334443003,15.8304262,6,0,,,1,1
133072087,0.150000006,0.614942551,,,0.862271011,0.539926708,0.278724015,0.320073009,15.8349714,6,0,,,1,1
133073250,0.150000006,0.616883099,,,0.76556772,0.475457847,0.289558202,0.306887001,15.8486061,6,0,,,1,1
133074411,0.150000006,0.601226985,,,0.789743543,0.523809493,0.301268756,0.294744462,15.8167906,6,0,,,1,1
133075574,0.150000006,0.573863626,,,0.813919365,0.604395568,0.313966393,0.283526212,15.8486061,6,0,,,1,1
133076734,0.150000006,0.50289017,,,0.701098859,0.693040252,0.327781498,0.273130566,15.8213358,6,0,,,1,1
133077898,0.150000006,0.480663002,,,0.701098859,0.757509112,0.342868358,0.263470322,15.825881,6,0,,,1,1
133079063,0.150000006,0.453987718,,,0.596336961,0.717216074,0.359411001,0.25447008,15.8213358,6,0,,,1,1
133080226,0.150000006,0.427083343,,,0.660805821,0.886446834,0.37763086,0.246064425,15.8304262,6,0,,,1,1
133081353,0.150000006,0.400000006,,,0.5318681,0.79780215,0.37763086,0.246064425,15.8213358,6,0,,,1,1
133082483,0.150000006,0,,,0,1.52307677,0.37763086,0.246064425,15.7077093,6,0,,,1,1
133083610,0.150000006,0,,,0,1.40219772,0.37763086,0.246064425,15.7804308,6,0,,,1,1
133084740,0.150000006,0,,,0,1.27326,0.37763086,0.246064425,15.7304344,6,0,,,1,1
133086071,0.150000006,0,,,0,1.39413905,0.37763086,0.246064425,15.7577057,6,0,,,1,1
133087234,0.150000006,0,,,0,1.37802196,0.397796631,0.238196298,15.7440701,6,0,,,1,1
133088394,0.150000006,0,,,0,1.48278379,0.42023766,0.230815798,15.784976,6,0,,,1,1
133089558,0.150000006,0,,,0,1.33772886,0.445362002,0.223878905,15.7577057,6,0,,,1,1
133090723,0.150000006,0,,,0,1.52307677,0.473681509,0.217346802,15.7622499,6,0,,,1,1
133091886,0.150000006,0,,,0,1.36996329,0.505847156,0.211185053,15.784976,6,0,,,1,1
133093046,0.150000006,0,,,0,1.52307677,0.542699516,0.205363065,15.7667952,6,0,,,1,1
133094209,0.150000006,0,,,0,1.35384607,0.585343361,0.199853465,15.7758856,6,0,,,1,1
133095370,0.150000006,0,,,0,1.5553112,0.556004465,0.203520134,15.7713404,6,0,,,1,1
133096533,0.150000006,0,,,0,1.36190462,0.523255169,0.208292022,15.8031559,6,0,,,1,1
133097693,0.150000006,0,,,0,1.32967019,0.494148374,0.213293195,15.7440701,6,0,,,1,1
133098857,0.150000006,0,,,0,1.49084234,0.468108773,0.218540549,15.8077011,6,0,,,1,1
133100017,0.150000006,0,,,0,1.32161164,0.444676071,0.224052608,15.7758856,6,0,,,1,1
133101181,0.150000006,0,,,0,1.47472525,0.423477441,0.229849949,15.7667952,6,0,,,1,1
133102346,0.150000006,0,,,0,1.30549443,0.404208034,0.235955268,15.7622499,6,0,,,1,1
133103509,0.150000006,0,,,0,1.49890101,0.386615932,0.242393747,15.7577057,6,0,,,1,1
133104670,0.150000006,0,,,0,1.36190462,0.370491236,0.24919346,15.7622499,6,0,,,1,1
133105833,0.150000006,0,,,0,1.48278379,0.355657756,0.256385684,15.7213449,6,0,,,1,1
133107198,0.150000006,0,,,0,1.32161164,0.341966301,0.264005482,15.7486153,6,0,,,1,1
133108361,0.150000006,0,,,0,1.45054936,0.329289913,0.272091985,15.7031641,6,0,,,1,1
133109521,0.150000006,0,,,0,1.36996329,0.317519754,0.280689538,15.7486153,6,0,,,1,1
133110684,0.150000006,0,,,0,1.42637348,0.306561977,0.289848179,15.7077093,6,0,,,1,1
133111845,0.150000006,0,,,0,1.36996329,0.29633531,0.299624622,15.7258902,6,0,,,1,1
133113008,0.150000006,0,,,0,1.43443215,0.286768883,0.310083628,15.6895294,6,0,,,1,1
133114172,0.150000006,0,,,0,1.49890101,0.277800769,0.321299225,15.7304344,6,0,,,1,1
133115336,0.150000006,0,,,0,1.35384607,0.269376636,0.333356589,15.7031641,6,0,,,1,1
133116496,0.150000006,0,,,0,1.48278379,0.261448354,0.346354187,15.6713495,6,0,,,1,1
133117659,0.150000006,0,,,0,1.39413905,0.253973395,0.360406458,15.6895294,6,0,,,1,1
133118819,0.150000006,0.455445558,,,0.741391897,0.886446834,0.250855565,0.366877198,15.8395166,6,0,,,1,1
133119982,0.150000006,0.633540392,,,0.821977973,0.475457847,0.257618427,0.353312522,15.8395166,6,0,,,1,1
133121142,0.150000006,0.646739125,,,0.958974302,0.523809493,0.266846806,0.33731401,15.825881,6,0,,,1,1
133122305,0.150000006,0.639751554,,,0.830036581,0.46739924,0.276760876,0.322701633,15.8395166,6,0,,,1,1
133123466,0.150000006,0.600000024,,,0.821977973,0.547985315,0.287440062,0.309302688,15.8395166,6,0,,,1,1
133124629,0.150000006,0.588607609,,,0.749450505,0.523809493,0.298976481,0.296972066,15.8349714,6,0,,,1,1
133125794,0.150000006,0.587209284,,,0.813919365,0.572161138,0.311477631,0.285586864,15.8167906,6,0,,,1,1
133126957,0.150000006,0.511494279,,,0.717216074,0.684981644,0.325069815,0.275042385,15.8349714,6,0,,,1,1
133128322,0.150000006,0.473053873,,,0.636629999,0.709157467,0.339902431,0.265248865,15.7986107,6,0,,,1,1
133129486,0.150000006,0.458563566,,,0.668864429,0.789743543,0.356153339,0.256128788,15.8304262,6,0,,,1,1
133130646,0.150000006,0.421965331,,,0.588278353,0.805860758,0.374036193,0.247615024,15.825881,6,0,,,1,1
133131777,0.150000006,0.422222227,,,0.612454176,0.838095188,0.374036193,0.247615024,15.8213358,6,0,,,1,1
133132903,0.150000006,0,,,0,1.42637348,0.374036193,0.247615024,15.7304344,6,0,,,1,1
133134033,0.150000006,0,,,0,1.57142854,0.374036193,0.247615024,15.7531605,6,0,,,1,1
133135160,0.150000006,0,,,0,1.39413905,0.374036193,0.247615024,15.7304344,6,0,,,1,1
133136290,0.150000006,0,,,0,1.53919411,0.374036193,0.247615024,15.7304344,6,0,,,1,1
133137455,0.150000006,0,,,0,1.37802196,0.393809825,0.239649028,15.7713404,6,0,,,1,1
133138618,0.150000006,0,,,0,1.37802196,0.415790856,0.232179627,15.7304344,6,0,,,1,1
133139778,0.150000006,0,,,0,1.40219772,0.440370739,0.225161776,15.7713404,6,0,,,1,1
133140941,0.150000006,0,,,0,1.34578753,0.468039334,0.218555689,15.7667952,6,0,,,1,1
133142101,0.150000006,0,,,0,1.50695968,0.499417901,0.212326199,15.7940655,6,0,,,1,1
133143264,0.150000006,0,,,0,1.35384607,0.535306156,0.206441998,15.7758856,6,0,,,1,1
133144424,0.150000006,0,,,0,1.47472525,0.576751709,0.200875148,15.784976,6,0,,,1,1
133145588,0.150000006,0,,,0,1.47472525,0.553370416,0.203875363,15.7986107,6,0,,,1,1
133146748,0.150000006,0,,,0,1.46666658,0.520921767,0.208664104,15.7713404,6,0,,,1,1
133147916,0.150000006,0,,,0,1.32967019,0.49206686,0.213683382,15.7667952,6,0,,,1,1
133149280,0.150000006,0,,,0,1.53919411,0.466240466,0.218950167,15.7622499,6,0,,,1,1
133150444,0.150000006,0,,,0,1.35384607,0.442989767,0.224483177,15.7667952,6,0,,,1,1
133151604,0.150000006,0,,,0,1.47472525,0.421947837,0.230303079,15.7395248,6,0,,,1,1
133152767,0.150000006,0,,,0,1.39413905,0.402814239,0.236432821,15.7804308,6,0,,,1,1
133153927,0.150000006,0,,,0,1.3860805,0.385340571,0.242897779,15.7349796,6,0,,,1,1
133155090,0.150000006,0,,,0,1.44249082,0.369319886,0.249726191,15.7531605,6,0,,,1,1
133156250,0.150000006,0,,,0,1.41831493,0.354578197,0.256949663,15.7258902,6,0,,,1,1
133157414,0.150000006,0,,,0,1.53919411,0.340968132,0.264603466,15.7667952,6,0,,,1,1
133158574,0.150000006,0,,,0,1.35384607,0.328364283,0.272727251,15.7440701,6,0,,,1,1
133159742,0.150000006,0,,,0,1.54725266,0.316659033,0.281365663,15.7122545,6,0,,,1,1
133160903,0.150000006,0,,,0,1.43443215,0.305759549,0.290569186,15.7258902,6,0,,,1,1
133162066,0.150000006,0,,,0,1.50695968,0.295585424,0.300395131,15.7077093,6,0,,,1,1
133163226,0.150000006,0,,,0,1.42637348,0.286066592,0.310908943,15.7122545,6,0,,,1,1
133164389,0.150000006,0,,,0,1.50695968,0.27714172,0.322185427,15.6758938,6,0,,,1,1
133165549,0.150000006,0,,,0,1.36190462,0.268756866,0.334310621,15.680439,6,0,,,1,1
133166713,0.150000006,0,,,0,1.49890101,0.260864466,0.347384185,15.6622591,6,0,,,1,1
133167873,0.150000006,0,,,0,1.41025639,0.253422439,0.36152184,15.6940746,6,0,,,1,1
133169037,0.150000006,0.445652187,,,0.660805821,0.821977973,0.250232279,0.368218571,15.8122463,6,0,,,1,1
133170401,0.150000006,0.642424285,,,0.854212403,0.475457847,0.256860435,0.354748219,15.8486061,6,0,,,1,1
133171569,0.150000006,0.655367255,,,0.934798479,0.491575062,0.26603362,0.338622421,15.8122463,6,0,,,1,1
133172729,0.150000006,0.631868124,,,0.926739872,0.539926708,0.275886238,0.323898911,15.8486061,6,0,,,1,1
133173892,0.150000006,0.609467506,,,0.830036581,0.5318681,0.286496729,0.310402453,15.8440609,6,0,,,1,1
133175052,0.150000006,0.594285667,,,0.838095188,0.572161138,0.29795602,0.297985733,15.8486061,6,0,,,1,1
133176216,0.150000006,0.601190448,,,0.813919365,0.539926708,0.310370237,0.286524206,15.8349714,6,0,,,1,1
133177377,0.150000006,0.524324358,,,0.781684935,0.709157467,0.323863864,0.275911689,15.8213358,6,0,,,1,1
133178541,0.150000006,0.473053873,,,0.636629999,0.709157467,0.338584125,0.266057253,15.8395166,6,0,,,1,1
133179701,0.150000006,0.453038692,,,0.660805821,0.79780215,0.354706228,0.256882459,15.8304262,6,0,,,1,1
133180865,0.150000006,0.442424268,,,0.588278353,0.741391897,0.372440457,0.248319373,15.8213358,6,0,,,1,1
133181992,0.150000006,0.426315784,,,0.652747214,0.878388226,0.372440457,0.248319373,15.8077011,6,0,,,1,1
133183126,0.150000006,0,,,0,1.45054936,0.372440457,0.248319373,15.7349796,6,0,,,1,1
133184253,0.150000006,0,,,0,1.41025639,0.372440457,0.248319373,15.7304344,6,0,,,1,1
133185382,0.150000006,0,,,0,1.42637348,0.372440457,0.248319373,15.7577057,6,0,,,1,1
133186509,0.150000006,0,,,0,1.45860791,0.372440457,0.248319373,15.7486153,6,0,,,1,1
133187639,0.150000006,0,,,0,1.57142854,0.372440457,0.248319373,15.7622499,6,0,,,1,1
133188799,0.150000006,0,,,0,1.41831493,0.392041296,0.240308732,15.7486153,6,0,,,1,1
133189963,0.150000006,0,,,0,1.61978006,0.413819879,0.232798785,15.7395248,6,0,,,1,1
133191327,0.150000006,0,,,0,1.41025639,0.438160449,0.225744009,15.7577057,6,0,,,1,1
133192490,0.150000006,0,,,0,1.52307677,0.465543389,0.219104245,15.7577057,6,0,,,1,1
133193650,0.150000006,0,,,0,1.36996329,0.496577054,0.212843895,15.7986107,6,0,,,1,1
133194818,0.150000006,0,,,0,1.56336987,0.532043695,0.206931338,15.7577057,6,0,,,1,1
133195978,0.150000006,0,,,0,1.40219772,0.564963818,0.20234558,15.7667952,6,0,,,1,1
133197142,0.150000006,0,,,0,1.53919411,0.531182826,0.207061887,15.7577057,6,0,,,1,1
133198302,0.150000006,0,,,0,1.3860805,0.501212537,0.212003484,15.7940655,6,0,,,1,1
133199466,0.150000006,0,,,0,1.47472525,0.474443346,0.217186779,15.7486153,6,0,,,1,1
133200626,0.150000006,0,,,0,1.45054936,0.450388461,0.22262989,15.7804308,6,0,,,1,1
133201790,0.150000006,0,,,0,1.41025639,0.428654999,0.228352889,15.7349796,6,0,,,1,1
133202950,0.150000006,0,,,0,1.50695968,0.408922493,0.234377876,15.784976,6,0,,,1,1
133204114,0.150000006,0,,,0,1.33772886,0.390926749,0.240729451,15.7622499,6,0,,,1,1
133205274,0.150000006,0,,,0,1.51501822,0.374448121,0.24743484,15.7667952,6,0,,,1,1
133206443,0.150000006,0,,,0,1.32161164,0.35930258,0.25452444,15.7486153,6,0,,,1,1
133207603,0.150000006,0,,,0,1.57142854,0.345334589,0.26203233,15.7213449,6,0,,,1,1
133208766,0.150000006,0,,,0,1.45860791,0.332411975,0.269996613,15.7577057,6,0,,,1,1
133209927,0.150000006,0,,,0,1.52307677,0.320421606,0.278460205,15.7258902,6,0,,,1,1
133211091,0.150000006,0,,,0,1.45054936,0.30926615,0.287471592,15.7258902,6,0,,,1,1
133212455,0.150000006,0,,,0,1.53919411,0.298861295,0.297085762,15.7077093,6,0,,,1,1
133213618,0.150000006,0,,,0,1.35384607,0.289133787,0.307365209,15.7122545,6,0,,,1,1
133214779,0.150000006,0,,,0,1.43443215,0.280019552,0.318381488,15.6713495,6,0,,,1,1
133215942,0.150000006,0,,,0,1.43443215,0.271462351,0.330216855,15.6986198,6,0,,,1,1
133217103,0.150000006,0,,,0,1.46666658,0.263412654,0.34296611,15.6713495,6,0,,,1,1
133218271,0.150000006,0,,,0,1.45860791,0.255826592,0.356739283,15.7077093,6,0,,,1,1
133219431,0.150000006,0,,,0,1.3860805,0.248665243,0.371665061,15.6622591,6,0,,,1,1
133220595,0.150000006,0.510638297,,,0.773626328,0.741391897,0.246141911,0.37744844,15.825881,6,0,,,1,1
133221755,0.150000006,0.640449464,,,0.918681264,0.515750885,0.253711373,0.36093545,15.8167906,6,0,,,1,1
133222918,0.150000006,0.654639184,,,1.02344322,0.539926708,0.262657106,0.344255447,15.866787,6,0,,,1,1
133224079,0.150000006,0.646341443,,,0.854212403,0.46739924,0.272256702,0.329049021,15.8531513,6,0,,,1,1
133225242,0.150000006,0.616666675,,,0.894505441,0.556043923,0.282584608,0.315129161,15.8395166,6,0,,,1,1
133226402,0.150000006,0.624277472,,,0.870329618,0.523809493,0.29372701,0.302339196,15.8395166,6,0,,,1,1
133227566,0.150000006,0.5775401,,,0.870329618,0.636629999,0.305784166,0.290546954,15.8349714,6,0,,,1,1
133228731,0.150000006,0.5,,,0.693040252,0.693040252,0.318873554,0.279640019,15.8395166,6,0,,,1,1
133229895,0.150000006,0.476190507,,,0.725274682,0.79780215,0.333133698,0.269522339,15.8167906,6,0,,,1,1
133231055,0.150000006,0.467065841,,,0.628571391,0.717216074,0.348728955,0.260111243,15.8077011,6,0,,,1,1
133232218,0.150000006,0.455958575,,,0.709157467,0.846153796,0.365856111,0.251335204,15.8077011,6,0,,,1,1
133233549,0.150000006,0.4142012,,,0.56410253,0.79780215,0.365856111,0.251335204,15.8122463,6,0,,,1,1
133234678,0.150000006,0,,,0,1.61172152,0.365856111,0.251335204,15.680439,6,0,,,1,1
133235805,0.150000006,0,,,0,1.51501822,0.365856111,0.251335204,15.7667952,6,0,,,1,1
133236934,0.150000006,0,,,0,1.44249082,0.365856111,0.251335204,15.7258902,6,0,,,1,1
133238061,0.150000006,0,,,0,1.44249082,0.365856111,0.251335204,15.7577057,6,0,,,1,1
133239191,0.150000006,0,,,0,1.36190462,0.365856111,0.251335204,15.7440701,6,0,,,1,1
133240356,0.150000006,0,,,0,1.58754563,0.384752452,0.243132025,15.7531605,6,0,,,1,1
133241520,0.150000006,0,,,0,1.3860805,0.405707091,0.235447392,15.7531605,6,0,,,1,1
133242681,0.150000006,0,,,0,1.51501822,0.429075718,0.228233665,15.7440701,6,0,,,1,1
133243845,0.150000006,0.00595238106,,,0.00805860758,1.34578753,0.455300927,0.221448839,15.7804308,6,0,,,1,1
133245005,0.150000006,0,,,0,1.51501822,0.484940588,0.215055734,15.7577057,6,0,,,1,1
133246168,0.150000006,0,,,0,1.44249082,0.518707991,0.209021419,15.7895203,6,0,,,1,1
133247329,0.150000006,0,,,0,1.54725266,0.557529986,0.203316495,15.7440701,6,0,,,1,1
133248492,0.150000006,0,,,0,1.43443215,0.529018104,0.207392693,15.7622499,6,0,,,1,1
133249653,0.150000006,0,,,0,1.49084234,0.499305427,0.212346554,15.7531605,6,0,,,1,1
133250816,0.150000006,0,,,0,1.44249082,0.472741753,0.217545226,15.7986107,6,0,,,1,1
133251981,0.150000006,0,,,0,1.45860791,0.448857427,0.223005891,15.7440701,6,0,,,1,1
133253144,0.150000006,0,,,0,1.49890101,0.427269012,0.228748187,15.784976,6,0,,,1,1
133254508,0.150000006,0,,,0,1.49084234,0.407661378,0.234794199,15.7440701,6,0,,,1,1
133255672,0.150000006,0,,,0,1.45860791,0.389774114,0.241168573,15.7713404,6,0,,,1,1
133256832,0.150000006,0,,,0,1.45860791,0.373390585,0.247898787,15.7122545,6,0,,,1,1
133257996,0.150000006,0,,,0,1.47472525,0.35832876,0.255015403,15.7667952,6,0,,,1,1
133259157,0.150000006,0,,,0,1.41025639,0.344434887,0.262552708,15.7349796,6,0,,,1,1
133260320,0.150000006,0,,,0,1.51501822,0.331578285,0.270549148,15.7486153,6,0,,,1,1
133261480,0.150000006,0,,,0,1.3860805,0.319646925,0.279047936,15.7440701,6,0,,,1,1
133262644,0.150000006,0,,,0,1.48278379,0.308544368,0.288098037,15.7122545,6,0,,,1,1
133263809,0.150000006,0,,,0,1.42637348,0.298187226,0.297754884,15.7213449,6,0,,,1,1
133264972,0.150000006,0,,,0,1.60366297,0.288502842,0.308081448,15.7031641,6,0,,,1,1
133266132,0.150000006,0,,,0,1.40219772,0.279427677,0.31915009,15.7258902,6,0,,,1,1
133267296,0.150000006,0,,,0,1.53113544,0.270906091,0.33104369,15.6668043,6,0,,,1,1
133268456,0.150000006,0,,,0,1.51501822,0.262888849,0.343858093,15.6713495,6,0,,,1,1
133269619,0.150000006,0,,,0,1.48278379,0.2553325,0.35770452,15.6486235,6,0,,,1,1
133270779,0.150000006,0,,,0,1.48278379,0.24819842,0.372712821,15.6668043,6,0,,,1,1
133271942,0.150000006,0.456730783,,,0.76556772,0.910622656,0.245230734,0.379611433,15.8213358,6,0,,,1,1
133273102,0.150000006,0.642857134,,,0.870329618,0.483516455,0.251795322,0.364885509,15.8486061,6,0,,,1,1
133274266,0.150000006,0.643678188,,,0.902564049,0.49963367,0.260604084,0.347847044,15.8122463,6,0,,,1,1
133275635,0.150000006,0.641176462,,,0.878388226,0.491575062,0.270051509,0.332328796,15.8576965,6,0,,,1,1
133276798,0.150000006,0.608187079,,,0.838095188,0.539926708,0.28020969,0.318136066,15.8213358,6,0,,,1,1
133277958,0.150000006,0.610465109,,,0.846153796,0.539926708,0.291161925,0.305105925,15.8486061,6,0,,,1,1
133279121,0.150000006,0.590062141,,,0.76556772,0.5318681,0.303005189,0.293101102,15.8031559,6,0,,,1,1
133280281,0.150000006,0.532608688,,,0.789743543,0.693040252,0.315852761,0.28200525,15.8349714,6,0,,,1,1
133281445,0.150000006,0.485714257,,,0.684981644,0.725274682,0.329838067,0.27171886,15.825881,6,0,,,1,1
133282605,0.150000006,0.466292143,,,0.668864429,0.76556772,0.345119238,0.262156457,15.8440609,6,0,,,1,1
133283768,0.150000006,0.447674423,,,0.620512784,0.76556772,0.361885101,0.253244221,15.8349714,6,0,,,1,1
133284895,0.150000006,0.42162165,,,0.628571391,0.862271011,0.361885101,0.253244221,15.8122463,6,0,,,1,1
133286025,0.150000006,0,,,0,1.48278379,0.361885101,0.253244221,15.7213449,6,0,,,1,1
133287156,0.150000006,0,,,0,1.66007316,0.361885101,0.253244221,15.7395248,6,0,,,1,1
133288286,0.150000006,0,,,0,1.44249082,0.361885101,0.253244221,15.7440701,6,0,,,1,1
133289413,0.150000006,0,,,0,1.58754563,0.361885101,0.253244221,15.7077093,6,0,,,1,1
133290576,0.150000006,0,,,0,1.49890101,0.380363137,0.244918033,15.7349796,6,0,,,1,1
133291736,0.150000006,0,,,0,1.62783873,0.400829673,0.237121925,15.7077093,6,0,,,1,1
133292899,0.150000006,0,,,0,1.57142854,0.423624009,0.229806796,15.7895203,6,0,,,1,1
133294060,0.150000006,0,,,0,1.39413905,0.449167192,0.222929507,15.7304344,6,0,,,1,1
133295223,0.150000006,0,,,0,1.52307677,0.477988362,0.216451898,15.7804308,6,0,,,1,1
133296587,0.150000006,0,,,0,1.53113544,0.510761797,0.210340098,15.7440701,6,0,,,1,1
133297755,0.150000006,0,,,0,1.45860791,0.548360348,0.204563946,15.8077011,6,0,,,1,1
133298915,0.150000006,0,,,0,1.30549443,0.550262749,0.204300463,15.7440701,6,0,,,1,1
133300078,0.150000006,0,,,0,1.45054936,0.518167019,0.209109426,15.7940655,6,0,,,1,1
133301238,0.150000006,0,,,0,1.43443215,0.48960802,0.214150429,15.7622499,6,0,,,1,1
133302402,0.150000006,0,,,0,1.53919411,0.464032352,0.219440535,15.7986107,6,0,,,1,1
133303562,0.150000006,0,,,0,1.41831493,0.440995991,0.224998653,15.784976,6,0,,,1,1
133304725,0.150000006,0,,,0,1.5553112,0.420138568,0.23084569,15.7667952,6,0,,,1,1
133305886,0.150000006,0,,,0,1.41831493,0.401164979,0.237004727,15.7577057,6,0,,,1,1
133307050,0.150000006,0,,,0,1.5553112,0.383831084,0.24350141,15.7349796,6,0,,,1,1
133308210,0.150000006,0,,,0,1.3860805,0.367933095,0.250364304,15.7622499,6,0,,,1,1
133309379,0.150000006,0,,,0,1.5956043,0.353299677,0.257625252,15.7440701,6,0,,,1,1
133310539,0.150000006,0,,,0,1.47472525,0.339785755,0.265319973,15.7577057,6,0,,,1,1
133311703,0.150000006,0,,,0,1.61172152,0.327267557,0.273488462,15.7122545,6,0,,,1,1
133312863,0.150000006,0,,,0,1.42637348,0.31563893,0.282175928,15.7258902,6,0,,,1,1
133314026,0.150000006,0,,,0,1.48278379,0.304808378,0.291433424,15.6895294,6,0,,,1,1
133315187,0.150000006,0,,,0,1.35384607,0.29469642,0.301318914,15.7031641,6,0,,,1,1
133316350,0.150000006,0,,,0,1.51501822,0.285233825,0.311898619,15.6713495,6,0,,,1,1
133317720,0.150000006,0,,,0,1.42637348,0.276360035,0.323248327,15.6895294,6,0,,,1,1
133318883,0.150000006,0,,,0,1.51501822,0.268021733,0.335455149,15.6440792,6,0,,,1,1
133320043,0.150000006,0,,,0,1.47472525,0.260171831,0.348620176,15.680439,6,0,,,1,1
133321211,0.150000006,0,,,0,1.5553112,0.252768666,0.36286065,15.6622591,6,0,,,1,1
133322372,0.150000006,0.494623661,,,0.741391897,0.757509112,0.250021845,0.368675172,15.8486061,6,0,,,1,1
133323535,0.150000006,0.614525139,,,0.886446834,0.556043923,0.257295132,0.353922427,15.8122463,6,0,,,1,1
133324695,0.150000006,0.638888896,,,0.926739872,0.523809493,0.266499937,0.337869912,15.8486061,6,0,,,1,1
133325858,0.150000006,0.639053285,,,0.870329618,0.491575062,0.276387781,0.323210359,15.8077011,6,0,,,1,1
133327019,0.150000006,0.622950792,,,0.918681264,0.556043923,0.287037611,0.309770018,15.8395166,6,0,,,1,1
133328182,0.150000006,0.602339149,,,0.830036581,0.547985315,0.298541129,0.297402859,15.8304262,6,0,,,1,1
133329342,0.150000006,0.569148958,,,0.862271011,0.652747214,0.311005116,0.285985231,15.8531513,6,0,,,1,1
133330506,0.150000006,0.494252861,,,0.693040252,0.709157467,0.324555218,0.275411874,15.8304262,6,0,,,1,1
133331666,0.150000006,0.476190507,,,0.725274682,0.79780215,0.339339823,0.265592486,15.8304262,6,0,,,1,1
133332834,0.150000006,0.454022974,,,0.636629999,0.76556772,0.355535716,0.256449193,15.825881,6,0,,,1,1
133333994,0.150000006,0.445652187,,,0.660805821,0.821977973,0.373355031,0.247914448,15.8077011,6,0,,,1,1
133335124,0.150000006,0.406779677,,,0.580219746,0.846153796,0.373355031,0.247914448,15.8213358,6,0,,,1,1
133336251,0.150000006,0,,,0,1.58754563,0.373355031,0.247914448,15.7122545,6,0,,,1,1
133337381,0.150000006,0,,,0,1.47472525,0.373355031,0.247914448,15.7667952,6,0,,,1,1
133338712,0.150000006,0,,,0,1.5956043,0.373355031,0.247914448,15.7349796,6,0,,,1,1
133339842,0.150000006,0,,,0,1.48278379,0.373355031,0.247914448,15.7667952,6,0,,,1,1
133341002,0.150000006,0,,,0,1.61172152,0.393054843,0.239929482,15.7258902,6,0,,,1,1
133342165,0.150000006,0,,,0,1.42637348,0.414949298,0.232442871,15.7486153,6,0,,,1,1
133343325,0.150000006,0,,,0,1.57948709,0.439426869,0.225409329,15.7077093,6,0,,,1,1
133344493,0.150000006,0,,,0,1.46666658,0.466973275,0.218788937,15.7667952,6,0,,,1,1
133345653,0.150000006,0,,,0,1.53113544,0.498204291,0.212546319,15.7258902,6,0,,,1,1
133346816,0.150000006,0,,,0,1.46666658,0.533912122,0.206650093,15.8031559,6,0,,,1,1
133347976,0.150000006,0,,,0,1.42637348,0.575133741,0.201072156,15.7486153,6,0,,,1,1
133349140,0.150000006,0,,,0,1.47472525,0.552184761,0.204036787,15.8031559,6,0,,,1,1
133350300,0.150000006,0,,,0,1.36996329,0.519870877,0.208833203,15.7349796,6,0,,,1,1
133351463,0.150000006,0,,,0,1.5956043,0.491129041,0.21386072,15.784976,6,0,,,1,1
133352624,0.150000006,0,,,0,1.45860791,0.465398431,0.219136357,15.7531605,6,0,,,1,1
133353788,0.150000006,0,,,0,1.5956043,0.442229509,0.224678904,15.7940655,6,0,,,1,1
133354948,0.150000006,0,,,0,1.43443215,0.421258092,0.230509102,15.7758856,6,0,,,1,1
133356116,0.150000006,0,,,0,1.61978006,0.402185559,0.23664993,15.7758856,6,0,,,1,1
133357277,0.150000006,0,,,0,1.36996329,0.384765238,0.243126929,15.7713404,6,0,,,1,1
133358440,0.150000006,0,,,0,1.5553112,0.368791372,0.249968439,15.7304344,6,0,,,1,1
133359804,0.150000006,0,,,0,1.3860805,0.354090989,0.257206112,15.7531605,6,0,,,1,1
133360968,0.150000006,0,,,0,1.53113544,0.340517581,0.264875442,15.7395248,6,0,,,1,1
133362128,0.150000006,0,,,0,1.41831493,0.327946395,0.273016185,15.7440701,6,0,,,1,1
133363291,0.150000006,0,,,0,1.60366297,0.316270381,0.281673163,15.6986198,6,0,,,1,1
133364451,0.150000006,0,,,0,1.40219772,0.305397183,0.290897161,15.7258902,6,0,,,1,1
133365615,0.150000006,0,,,0,1.52307677,0.29524678,0.300745726,15.6986198,6,0,,,1,1
133366775,0.150000006,0,,,0,1.45860791,0.285749406,0.311284482,15.7258902,6,0,,,1,1
133367942,0.150000006,0,,,0,1.6358974,0.276843995,0.322588712,15.680439,6,0,,,1,1
133369103,0.150000006,0,,,0,1.53113544,0.268476874,0.334744841,15.6986198,6,0,,,1,1
133370266,0.150000006,0,,,0,1.57948709,0.260600686,0.347853065,15.6622591,6,0,,,1,1
133371426,0.150000006,0,,,0,1.41831493,0.25317347,0.362029701,15.6668043,6,0,,,1,1
133372589,0.150000006,0.446601927,,,0.741391897,0.918681264,0.249997839,0.368727386,15.8167906,6,0,,,1,1
133373749,0.150000006,0.632768393,,,0.902564049,0.523809493,0.256542236,0.355356961,15.8167906,6,0,,,1,1
133374912,0.150000006,0.632558107,,,1.09597063,0.636629999,0.265692294,0.339177012,15.8167906,6,0,,,1,1
133376072,0.150000006,0.636871457,,,0.918681264,0.523809493,0.275519192,0.324406296,15.8440609,6,0,,,1,1
133377235,0.150000006,0.600000024,,,0.894505441,0.596336961,0.286100954,0.310868382,15.8167906,6,0,,,1,1
133378400,0.150000006,0.593220353,,,0.846153796,0.580219746,0.297527969,0.298415124,15.8440609,6,0,,,1,1
133379564,0.150000006,0.565934062,,,0.830036581,0.636629999,0.309905767,0.286921173,15.825881,6,0,,,1,1
133380928,0.150000006,0.5,,,0.693040252,0.693040252,0.323358178,0.276279777,15.8213358,6,0,,,1,1
133382091,0.150000006,0.478494614,,,0.717216074,0.781684935,0.338031471,0.266399503,15.8077011,6,0,,,1,1
133383252,0.150000006,0.435028255,,,0.620512784,0.805860758,0.354099721,0.257201523,15.825881,6,0,,,1,1
133384416,0.150000006,0.422857136,,,0.596336961,0.813919365,0.371771842,0.248617485,15.8122463,6,0,,,1,1
133385576,0.150000006,0.398876399,,,0.572161138,0.862271011,0.391300529,0.240587905,15.8349714,6,0,,,1,1
133386706,0.150000006,0.383333325,,,0.556043923,0.894505441,0.391300529,0.240587905,15.7940655,6,0,,,1,1
133387833,0.150000006,0,,,0,1.61978006,0.391300529,0.240587905,15.7349796,6,0,,,1,1
133388962,0.150000006,0,,,0,1.40219772,0.391300529,0.240587905,15.7258902,6,0,,,1,1
133390094,0.150000006,0,,,0,1.5956043,0.391300529,0.240587905,15.7667952,6,0,,,1,1
133391223,0.150000006,0,,,0,1.45860791,0.391300529,0.240587905,15.7667952,6,0,,,1,1
133392350,0.150000006,0,,,0,1.60366297,0.391300529,0.240587905,15.7440701,6,0,,,1,1
133393513,0.150000006,0,,,0,1.47472525,0.412994623,0.233060762,15.7577057,6,0,,,1,1
133394673,0.150000006,0,,,0,1.57142854,0.437235355,0.225990355,15.7349796,6,0,,,1,1
133395836,0.150000006,0,,,0,1.43443215,0.464499176,0.219336301,15.7713404,6,0,,,1,1
133396996,0.150000006,0,,,0,1.62783873,0.495389193,0.213062868,15.7622499,6,0,,,1,1
133398159,0.150000006,0,,,0,1.47472525,0.530680358,0.207138315,15.7895203,6,0,,,1,1
133399319,0.150000006,0,,,0,1.70036626,0.571385443,0.201534361,15.7622499,6,0,,,1,1
133400483,0.150000006,0,,,0,1.42637348,0.582744539,0.200158224,15.7940655,6,0,,,1,1
133401852,0.150000006,0,,,0,1.61172152,0.546871006,0.204771981,15.7667952,6,0,,,1,1
133403015,0.150000006,0,,,0,1.48278379,0.515157104,0.209603623,15.8031559,6,0,,,1,1
133404176,0.150000006,0,,,0,1.6358974,0.486919582,0.21466884,15.7577057,6,0,,,1,1
133405339,0.150000006,0,,,0,1.34578753,0.461616635,0.219984949,15.7804308,6,0,,,1,1
133406499,0.150000006,0,,,0,1.60366297,0.438813508,0.225571051,15.7258902,6,0,,,1,1
133407662,0.150000006,0,,,0,1.49084234,0.41815719,0.231448263,15.7486153,6,0,,,1,1
133408822,0.150000006,0,,,0,1.47472525,0.399358124,0.237639919,15.7167997,6,0,,,1,1
133409985,0.150000006,0,,,0,1.45054936,0.382176667,0.244171962,15.7622499,6,0,,,1,1
133411145,0.150000006,0,,,0,1.50695968,0.36641261,0.251073241,15.7167997,6,0,,,1,1
133412308,0.150000006,0,,,0,1.56336987,0.351897478,0.258376002,15.7667952,6,0,,,1,1
133413473,0.150000006,0,,,0,1.50695968,0.338488579,0.266116261,15.7077093,6,0,,,1,1
133414637,0.150000006,0,,,0,1.46666658,0.32606405,0.274334639,15.7531605,6,0,,,1,1
133415797,0.150000006,0,,,0,1.36190462,0.314519316,0.283076793,15.6940746,6,0,,,1,1
133416960,0.150000006,0,,,0,1.48278379,0.303764135,0.292394459,15.7167997,6,0,,,1,1
133418120,0.150000006,0,,,0,1.37802196,0.293720186,0.302346408,15.6713495,6,0,,,1,1
133419284,0.150000006,0,,,0,1.61172152,0.284319222,0.312999636,15.7122545,6,0,,,1,1
133420444,0.150000006,0,,,0,1.44249082,0.275501341,0.324431062,15.6758938,6,0,,,1,1
133421811,0.150000006,0,,,0,1.5956043,0.267214,0.336729079,15.6895294,6,0,,,1,1
133422971,0.150000006,0,,,0,1.42637348,0.25941065,0.349996269,15.639534,6,0,,,1,1
133424134,0.150000006,0,,,0,1.52307677,0.252050102,0.364351749,15.680439,6,0,,,1,1
133425299,0.150000006,0.505494535,,,0.741391897,0.725274682,0.249413252,0.370006472,15.8031559,6,0,,,1,1
133426463,0.150000006,0.633663356,,,1.03150177,0.596336961,0.257029682,0.354425937,15.8304262,6,0,,,1,1
133427623,0.150000006,0.646067441,,,0.926739872,0.507692277,0.266215175,0.338328719,15.8167906,6,0,,,1,1
133428786,0.150000006,0.631313145,,,1.00732589,0.588278353,0.276081502,0.323630214,15.8531513,6,0,,,1,1
133429946,0.150000006,0.615819216,,,0.878388226,0.547985315,0.286707312,0.31015566,15.8486061,6,0,,,1,1
133431110,0.150000006,0.589189231,,,0.878388226,0.612454176,0.298183769,0.297758251,15.8531513,6,0,,,1,1
133432270,0.150000006,0.582352936,,,0.79780215,0.572161138,0.310617357,0.286313891,15.8531513,6,0,,,1,1
133433434,0.150000006,0.502645493,,,0.76556772,0.757509112,0.324132979,0.275716692,15.8304262,6,0,,,1,1
133434594,0.150000006,0.473988473,,,0.660805821,0.73333329,0.338878274,0.265875906,15.8213358,6,0,,,1,1
133435757,0.150000006,0.448979586,,,0.709157467,0.870329618,0.355029076,0.25671339,15.8031559,6,0,,,1,1
133436922,0.150000006,0.4342857,,,0.612454176,0.79780215,0.372796386,0.24816139,15.8167906,6,0,,,1,1
133438052,0.150000006,0.423645318,,,0.693040252,0.942857087,0.372796386,0.24816139,15.8167906,6,0,,,1,1
133439178,0.150000006,0,,,0,1.53919411,0.372796386,0.24816139,15.7304344,6,0,,,1,1
133440308,0.150000006,0,,,0,1.6358974,0.372796386,0.24816139,15.7440701,6,0,,,1,1
133441435,0.150000006,0,,,0,1.39413905,0.372796386,0.24816139,15.7622499,6,0,,,1,1
133442564,0.150000006,0,,,0,1.57948709,0.372796386,0.24816139,15.7077093,6,0,,,1,1
133443928,0.150000006,0,,,0,1.51501822,0.3924357,0.240160793,15.7622499,6,0,,,1,1
133445092,0.150000006,0,,,0,1.6358974,0.414259344,0.232659936,15.7349796,6,0,,,1,1
133446252,0.150000006,0,,,0,1.50695968,0.438653201,0.22561343,15.7758856,6,0,,,1,1
133447420,0.150000006,0,,,0,1.6358974,0.46609965,0.218981236,15.7304344,6,0,,,1,1
133448580,0.150000006,0,,,0,1.49890101,0.497210026,0.21272783,15.7667952,6,0,,,1,1
133449744,0.150000006,0,,,0,1.51501822,0.532770395,0.206821635,15.7531605,6,0,,,1,1
133450904,0.150000006,0,,,0,1.41831493,0.573809147,0.201234549,15.7622499,6,0,,,1,1
133452068,0.150000006,0,,,0,1.53919411,0.555404305,0.203600675,15.7440701,6,0,,,1,1
133453228,0.150000006,0,,,0,1.50695968,0.522723615,0.208376378,15.7804308,6,0,,,1,1
133454392,0.150000006,0,,,0,1.53919411,0.493674308,0.213381663,15.7167997,6,0,,,1,1
133455553,0.150000006,0,,,0,1.56336987,0.467683375,0.218633413,15.7667952,6,0,,,1,1
133456716,0.150000006,0,,,0,1.54725266,0.444292247,0.224150196,15.7395248,6,0,,,1,1
133457876,0.150000006,0,,,0,1.52307677,0.423129261,0.229952648,15.7895203,6,0,,,1,1
133459045,0.150000006,0,,,0,1.5553112,0.403890818,0.236063465,15.7258902,6,0,,,1,1
133460205,0.150000006,0,,,0,1.49084234,0.386325717,0.242507964,15.7713404,6,0,,,1,1
133461369,0.150000006,0,,,0,1.48278379,0.370224714,0.249314204,15.7122545,6,0,,,1,1
133462529,0.150000006,0,,,0,1.57948709,0.355412126,0.256513506,15.7622499,6,0,,,1,1
133463896,0.150000006,0,,,0,1.5553112,0.341739237,0.264140934,15.6940746,6,0,,,1,1
133465056,0.150000006,0,,,0,1.49890101,0.32907936,0.2722359,15.7486153,6,0,,,1,1
133466220,0.150000006,0,,,0,1.43443215,0.317323983,0.280842721,15.6986198,6,0,,,1,1
133467380,0.150000006,0,,,0,1.51501822,0.306379467,0.290011495,15.7304344,6,0,,,1,1
133468544,0.150000006,0,,,0,1.48278379,0.296164751,0.299799174,15.6940746,6,0,,,1,1
133469705,0.150000006,0,,,0,1.57142854,0.286609143,0.310270578,15.7167997,6,0,,,1,1
133470873,0.150000006,0,,,0,1.56336987,0.277650923,0.321499914,15.6713495,6,0,,,1,1
133472033,0.150000006,0,,,0,1.57948709,0.2692357,0.333572656,15.680439,6,0,,,1,1
133473196,0.150000006,0,,,0,1.48278379,0.261315584,0.346587449,15.639534,6,0,,,1,1
133474357,0.150000006,0,,,0,1.61978006,0.253848135,0.360659003,15.6577139,6,0,,,1,1
133475520,0.150000006,0.44615382,,,0.701098859,0.870329618,0.250651747,0.367314041,15.8031559,6,0,,,1,1
133476680,0.150000006,0.631016016,,,0.950915694,0.556043923,0.257206321,0.354090571,15.8395166,6,0,,,1,1
133477844,0.150000006,0.657303393,,,0.942857087,0.491575062,0.266404659,0.338023156,15.8122463,6,0,,,1,1
133479004,0.150000006,0.641711175,,,0.967032909,0.539926708,0.276285291,0.323350579,15.8440609,6,0,,,1,1
133480167,0.150000006,0.614942551,,,0.862271011,0.539926708,0.286927104,0.309898823,15.8122463,6,0,,,1,1
133481327,0.150000006,0.581151783,,,0.894505441,0.644688606,0.298421562,0.297521591,15.8486061,6,0,,,1,1
133482496,0.150000006,0.574850261,,,0.773626328,0.572161138,0.310875386,0.286095023,15.8349714,6,0,,,1,1
133483656,0.150000006,0.502673805,,,0.757509112,0.749450505,0.324413955,0.275513679,15.8349714,6,0,,,1,1
133485023,0.150000006,0.474576294,,,0.676923037,0.749450505,0.339185387,0.265687168,15.7804308,6,0,,,1,1
133486183,0.150000006,0.470297039,,,0.76556772,0.862271011,0.3553662,0.256537467,15.8213358,6,0,,,1,1
133487346,0.150000006,0.4375,,,0.620512784,0.79780215,0.373168111,0.247996941,15.8077011,6,0,,,1,1
133488473,0.150000006,0.420212775,,,0.636629999,0.878388226,0.373168111,0.247996941,15.825881,6,0,,,1,1
133489602,0.150000006,0,,,0,1.54725266,0.373168111,0.247996941,15.7122545,6,0,,,1,1
133490729,0.150000006,0,,,0,1.5553112,0.373168111,0.247996941,15.7531605,6,0,,,1,1
133491859,0.150000006,0,,,0,1.37802196,0.373168111,0.247996941,15.7577057,6,0,,,1,1
133492986,0.150000006,0,,,0,1.61172152,0.373168111,0.247996941,15.7167997,6,0,,,1,1
133494154,0.150000006,0,,,0,1.45860791,0.392847657,0.24000676,15.7531605,6,0,,,1,1
133495314,0.150000006,0,,,0,1.70842481,0.414718419,0.232515395,15.7122545,6,0,,,1,1
133496478,0.150000006,0,,,0,1.52307677,0.439167947,0.225477532,15.7713404,6,0,,,1,1
133497638,0.150000006,0,,,0,1.61172152,0.466680884,0.218853191,15.7440701,6,0,,,1,1
133498802,0.150000006,0,,,0,1.50695968,0.497871488,0.212606966,15.784976,6,0,,,1,1
133499962,0.150000006,0,,,0,1.65201449,0.533529937,0.206707403,15.7577057,6,0,,,1,1
133501125,0.150000006,0,,,0,1.47472525,0.574690282,0.201126426,15.7895203,6,0,,,1,1
133502285,0.150000006,0,,,0,1.66007316,0.555957973,0.203526378,15.7622499,6,0,,,1,1
133503448,0.150000006,0,,,0,1.57142854,0.523214042,0.208298549,15.7986107,6,0,,,1,1
133504608,0.150000006,0,,,0,1.61978006,0.494111687,0.213300049,15.7667952,6,0,,,1,1
133505980,0.150000006,0,,,0,1.46666658,0.468075901,0.218547717,15.7758856,6,0,,,1,1
133507140,0.150000006,0,,,0,1.6358974,0.444646388,0.224060163,15.7486153,6,0,,,1,1
133508303,0.150000006,0,,,0,1.49084234,0.423450559,0.229857862,15.7667952,6,0,,,1,1
133509463,0.150000006,0,,,0,1.75677645,0.404183537,0.235963598,15.7440701,6,0,,,1,1
133510626,0.150000006,0,,,0,1.5553112,0.386593521,0.242402568,15.7622499,6,0,,,1,1
133511786,0.150000006,0,,,0,1.58754563,0.370470613,0.249202803,15.7440701,6,0,,,1,1
133512950,0.150000006,0,,,0,1.47472525,0.355638742,0.256395578,15.7667952,6,0,,,1,1
133514110,0.150000006,0,,,0,1.56336987,0.341948748,0.264015913,15.7258902,6,0,,,1,1
133515274,0.150000006,0,,,0,1.42637348,0.329273611,0.272103101,15.7486153,6,0,,,1,1
133516434,0.150000006,0,,,0,1.74065924,0.317504615,0.280701369,15.6895294,6,0,,,1,1
133517602,0.150000006,0,,,0,1.61978006,0.30654788,0.289860815,15.7304344,6,0,,,1,1
133518762,0.150000006,0,,,0,1.64395595,0.296322078,0.299638122,15.680439,6,0,,,1,1
133519925,0.150000006,0,,,0,1.51501822,0.286756545,0.310098052,15.7122545,6,0,,,1,1
133521085,0.150000006,0,,,0,1.48278379,0.277789205,0.321314722,15.6577139,6,0,,,1,1
133522248,0.150000006,0,,,0,1.49890101,0.269365728,0.333373308,15.680439,6,0,,,1,1
133523408,0.150000006,0,,,0,1.62783873,0.261438072,0.346372187,15.6349888,6,0,,,1,1
133524571,0.150000006,0,,,0,1.53113544,0.253963709,0.360425949,15.6668043,6,0,,,1,1
133525732,0.150000006,0.451456308,,,0.749450505,0.910622656,0.25081104,0.366972506,15.8077011,6,0,,,1,1
133527099,0.150000006,0.618784547,,,0.902564049,0.556043923,0.257360101,0.353799552,15.8349714,6,0,,,1,1
133528264,0.150000006,0.62500006,,,1.08791208,0.652747214,0.266569644,0.337757915,15.8349714,6,0,,,1,1
133529428,0.150000006,0.625,,,0.886446834,0.5318681,0.276462764,0.323107868,15.8531513,6,0,,,1,1
133530588,0.150000006,0.602094233,,,0.926739872,0.612454176,0.287118495,0.309675872,15.8349714,6,0,,,1,1
133531752,0.150000006,0.594285667,,,0.838095188,0.572161138,0.298628598,0.297316045,15.8440609,6,0,,,1,1
133532912,0.150000006,0.572164953,,,0.894505441,0.668864429,0.311100066,0.285904974,15.825881,6,0,,,1,1
133534075,0.150000006,0.508771896,,,0.701098859,0.676923037,0.324658632,0.275337458,15.8213358,6,0,,,1,1
133535235,0.150000006,0.48989898,,,0.781684935,0.813919365,0.339452893,0.265523255,15.8077011,6,0,,,1,1
133536398,0.150000006,0.459016383,,,0.676923037,0.79780215,0.355659813,0.256384611,15.8077011,6,0,,,1,1
133537559,0.150000006,0.439999998,,,0.709157467,0.902564049,0.373491913,0.247854128,15.7986107,6,0,,,1,1
133538689,0.150000006,0.419540226,,,0.588278353,0.813919365,0.373491913,0.247854128,15.8031559,6,0,,,1,1
133539820,0.150000006,0,,,0,1.60366297,0.373491913,0.247854128,15.6668043,6,0,,,1,1
133540950,0.150000006,0,,,0,1.5553112,0.373491913,0.247854128,15.7531605,6,0,,,1,1
133542076,0.150000006,0,,,0,1.54725266,0.373491913,0.247854128,15.7077093,6,0,,,1,1
133543206,0.150000006,0,,,0,1.56336987,0.373491913,0.247854128,15.7758856,6,0,,,1,1
133544367,0.150000006,0,,,0,1.44249082,0.393206537,0.239873022,15.7213449,6,0,,,1,1
133545530,0.150000006,0,,,0,1.56336987,0.415118366,0.232389852,15.7713404,6,0,,,1,1
133546691,0.150000006,0,,,0,1.50695968,0.439616472,0.225359455,15.7213449,6,0,,,1,1
133548058,0.150000006,0,,,0,1.52307677,0.467187405,0.218741953,15.7486153,6,0,,,1,1
133549219,0.150000006,0,,,0,1.52307677,0.498448014,0.212502018,15.7213449,6,0,,,1,1
133550382,0.150000006,0,,,0,1.5956043,0.534192026,0.206608176,15.784976,6,0,,,1,1
133551547,0.150000006,0,,,0,1.61978006,0.575458586,0.20103246,15.7213449,6,0,,,1,1
133552711,0.150000006,0,,,0,1.6358974,0.545938492,0.204903036,15.7986107,6,0,,,1,1
133553871,0.150000006,0,,,0,1.51501822,0.514330626,0.209740758,15.7486153,6,0,,,1,1
133555035,0.150000006,0,,,0,1.52307677,0.486181527,0.214812607,15.7804308,6,0,,,1,1
133556195,0.150000006,0,,,0,1.54725266,0.460953414,0.220135897,15.7349796,6,0,,,1,1
133557359,0.150000006,0,,,0,1.49890101,0.438214183,0.225729764,15.7895203,6,0,,,1,1
133558519,0.150000006,0,,,0,1.52307677,0.41761297,0.23161532,15.7258902,6,0,,,1,1
133559683,0.150000006,0,,,0,1.6358974,0.398861736,0.237816021,15.7895203,6,0,,,1,1
133560843,0.150000006,0,,,0,1.44249082,0.381722033,0.244357914,15.7258902,6,0,,,1,1
133562006,0.150000006,0,,,0,1.49084234,0.365994692,0.251269847,15.7667952,6,0,,,1,1
133563171,0.150000006,0,,,0,1.48278379,0.351512015,0.258584201,15.7167997,6,0,,,1,1
133564334,0.150000006,0,,,0,1.51501822,0.338131934,0.266337156,15.7531605,6,0,,,1,1
133565494,0.150000006,0,,,0,1.53113544,0.325733066,0.274569362,15.6895294,6,0,,,1,1
133566658,0.150000006,0,,,0,1.61978006,0.314211339,0.283326715,15.7349796,6,0,,,1,1
133567818,0.150000006,0,,,0,1.45860791,0.30347687,0.29266116,15.680439,6,0,,,1,1
133569186,0.150000006,0,,,0,1.56336987,0.293451607,0.302631527,15.7031641,6,0,,,1,1
133570346,0.150000006,0,,,0,1.62783873,0.284067512,0.313305259,15.6668043,6,0,,,1,1
133571509,0.150000006,0,,,0,1.53919411,0.275265008,0.324759424,15.6940746,6,0,,,1,1
133572670,0.150000006,0,,,0,1.58754563,0.266991675,0.337082833,15.6577139,6,0,,,1,1
133573833,0.150000006,0,,,0,1.61172152,0.259201109,0.350378454,15.6849842,6,0,,,1,1
133574999,0.150000006,0,,,0,1.56336987,0.251852304,0.364765912,15.6531687,6,0,,,1,1
133576162,0.150000006,0.5,,,0.789743543,0.789743543,0.249171883,0.37053895,15.8440609,6,0,,,1,1
133577322,0.150000006,0.630434811,,,0.934798479,0.547985315,0.256641328,0.355167061,15.8167906,6,0,,,1,1
133578485,0.150000006,0.637837887,,,0.950915694,0.539926708,0.265798569,0.33900401,15.8576965,6,0,,,1,1
133579646,0.150000006,0.621468961,,,0.886446834,0.539926708,0.275633484,0.324248016,15.8349714,6,0,,,1,1
133580809,0.150000006,0.598837197,,,0.830036581,0.556043923,0.286224157,0.310723037,15.8531513,6,0,,,1,1
133581969,0.150000006,0.588571429,,,0.830036581,0.580219746,0.297661215,0.298281193,15.8304262,6,0,,,1,1
133583133,0.150000006,0.58011055,,,0.846153796,0.612454176,0.310050339,0.286797315,15.8440609,6,0,,,1,1
133584293,0.150000006,0.491620094,,,0.709157467,0.73333329,0.323515564,0.276164949,15.7940655,6,0,,,1,1
133585457,0.150000006,0.478723407,,,0.725274682,0.789743543,0.33820346,0.266292781,15.825881,6,0,,,1,1
133586622,0.150000006,0.437837869,,,0.652747214,0.838095188,0.354288489,0.257102013,15.7986107,6,0,,,1,1
133587785,0.150000006,0.433333337,,,0.628571391,0.821977973,0.371979922,0.248524487,15.8304262,6,0,,,1,1
133588946,0.150000006,0.404494375,,,0.580219746,0.854212403,0.39153105,0.240500838,15.8031559,6,0,,,1,1
133590280,0.150000006,0.398907095,,,0.588278353,0.886446834,0.39153105,0.240500838,15.8213358,6,0,,,1,1
133591406,0.150000006,0,,,0,1.58754563,0.39153105,0.240500838,15.6940746,6,0,,,1,1
133592536,0.150000006,0,,,0,1.56336987,0.39153105,0.240500838,15.7804308,6,0,,,1,1
133593663,0.150000006,0,,,0,1.43443215,0.39153105,0.240500838,15.7077093,6,0,,,1,1
133594793,0.150000006,0,,,0,1.68424892,0.39153105,0.240500838,15.7667952,6,0,,,1,1
133595920,0.150000006,0,,,0,1.42637348,0.39153105,0.240500838,15.7213449,6,0,,,1,1
133597088,0.150000006,0,,,0,1.61172152,0.4132514,0.232979089,15.7577057,6,0,,,1,1
133598248,0.150000006,0,,,0,1.47472525,0.437523216,0.225913525,15.7077093,6,0,,,1,1
133599412,0.150000006,0.00510204071,,,0.00805860758,1.57142854,0.464824051,0.219263911,15.7758856,6,0,,,1,1
133600572,0.150000006,0,,,0,1.45054936,0.495758712,0.212994576,15.7304344,6,0,,,1,1
133601736,0.150000006,0,,,0,1.5956043,0.531104386,0.207073793,15.7713404,6,0,,,1,1
133602896,0.150000006,0,,,0,1.47472525,0.571877062,0.201473251,15.7395248,6,0,,,1,1
133604059,0.150000006,0,,,0,1.62783873,0.596563637,0.198578268,15.784976,6,0,,,1,1
133605219,0.150000006,0,,,0,1.39413905,0.559045434,0.203115731,15.7440701,6,0,,,1,1
133606382,0.150000006,0,,,0,1.61978006,0.525954723,0.207867324,15.784976,6,0,,,1,1
133607543,0.150000006,0,,,0,1.41831493,0.496557713,0.212847456,15.7304344,6,0,,,1,1
133608711,0.150000006,0,,,0,1.62783873,0.4702712,0.218072414,15.7895203,6,0,,,1,1
133609871,0.150000006,0,,,0,1.37802196,0.446627289,0.223560497,15.7258902,6,0,,,1,1
133611239,0.150000006,0,,,0,1.53113544,0.425246835,0.229332045,15.7804308,6,0,,,1,1
133612399,0.150000006,0,,,0,1.62783873,0.405819833,0.235409483,15.7122545,6,0,,,1,1
133613563,0.150000006,0,,,0,1.58754563,0.388090193,0.241817817,15.7713404,6,0,,,1,1
133614723,0.150000006,0,,,0,1.53113544,0.371844888,0.248584792,15.7077093,6,0,,,1,1
133615886,0.150000006,0,,,0,1.5553112,0.356905013,0.255741447,15.7486153,6,0,,,1,1
133617047,0.150000006,0,,,0,1.5956043,0.343119234,0.263322353,15.7122545,6,0,,,1,1
133618210,0.150000006,0,,,0,1.54725266,0.330358833,0.271366477,15.7304344,6,0,,,1,1
133619370,0.150000006,0,,,0,1.62783873,0.318513513,0.279917508,15.6849842,6,0,,,1,1
133620539,0.150000006,0,,,0,1.69230759,0.307488203,0.289025068,15.7077093,6,0,,,1,1
133621699,0.150000006,0,,,0,1.66813183,0.29720065,0.298745096,15.6668043,6,0,,,1,1
133622863,0.150000006,0,,,0,1.61978006,0.287579238,0.309141695,15.7122545,6,0,,,1,1
133624023,0.150000006,0,,,0,1.64395595,0.278561175,0.320288062,15.6577139,6,0,,,1,1
133625187,0.150000006,0,,,0,1.53919411,0.270091504,0.332268238,15.7031641,6,0,,,1,1
133626347,0.150000006,0,,,0,1.56336987,0.262121737,0.345179409,15.6349888,6,0,,,1,1
133627511,0.150000006,0,,,0,1.65201449,0.25460878,0.359134644,15.6758938,6,0,,,1,1
133628671,0.150000006,0.432558119,,,0.749450505,0.983150125,0.251273364,0.365987271,15.8122463,6,0,,,1,1
133629835,0.150000006,0.609890103,,,0.894505441,0.572161138,0.25740996,0.353705436,15.8395166,6,0,,,1,1
133630995,0.150000006,0.626262605,,,0.99926734,0.596336961,0.26662311,0.337672144,15.8122463,6,0,,,1,1
133632367,0.150000006,0.625698268,,,0.902564049,0.539926708,0.276520282,0.323029369,15.8304262,6,0,,,1,1
133633527,0.150000006,0.595854938,,,0.926739872,0.628571391,0.287180543,0.309603781,15.8304262,6,0,,,1,1
133634691,0.150000006,0.593023241,,,0.821977973,0.56410253,0.298695683,0.297249556,15.8349714,6,0,,,1,1
133635852,0.150000006,0.55440414,,,0.862271011,0.693040252,0.311172873,0.285843492,15.825881,6,0,,,1,1
133637015,0.150000006,0.516853929,,,0.741391897,0.693040252,0.324737906,0.275280446,15.8213358,6,0,,,1,1
133638176,0.150000006,0.487179458,,,0.76556772,0.805860758,0.339539558,0.265470237,15.8167906,6,0,,,1,1
133639339,0.150000006,0.4342857,,,0.612454176,0.79780215,0.355754972,0.256335199,15.825881,6,0,,,1,1
133640500,0.150000006,0.42723006,,,0.73333329,0.983150125,0.373596847,0.247807935,15.8031559,6,0,,,1,1
133641663,0.150000006,0.416216224,,,0.620512784,0.870329618,0.393322825,0.239829749,15.8167906,6,0,,,1,1
133642790,0.150000006,0.403061211,,,0.636629999,0.942857087,0.393322825,0.239829749,15.8122463,6,0,,,1,1
133643925,0.150000006,0,,,0,1.5553112,0.393322825,0.239829749,15.7077093,6,0,,,1,1
133645051,0.150000006,0,,,0,1.5956043,0.393322825,0.239829749,15.7349796,6,0,,,1,1
133646181,0.150000006,0,,,0,1.49890101,0.393322825,0.239829749,15.7349796,6,0,,,1,1
133647308,0.150000006,0,,,0,1.57142854,0.393322825,0.239829749,15.7077093,6,0,,,1,1
133648437,0.150000006,0,,,0,1.57948709,0.393322825,0.239829749,15.7486153,6,0,,,1,1
133649598,0.150000006,0,,,0,1.68424892,0.415248007,0.232349232,15.6849842,6,0,,,1,1
133650761,0.150000006,0,,,0,1.57948709,0.439761847,0.225321263,15.7667952,6,0,,,1,1
133651922,0.150000006,0,,,0,1.53919411,0.467351586,0.218705967,15.7167997,6,0,,,1,1
133653289,0.150000006,0,,,0,1.53113544,0.498634905,0.212468058,15.7895203,6,0,,,1,1
133654449,0.150000006,0,,,0,1.57948709,0.534406722,0.206576079,15.7713404,6,0,,,1,1
133655617,0.150000006,0,,,0,1.48278379,0.575707734,0.201002076,15.7895203,6,0,,,1,1
133656777,0.150000006,0,,,0,1.65201449,0.589354038,0.199390173,15.7667952,6,0,,,1,1
133657941,0.150000006,0,,,0,1.46666658,0.552687764,0.203968182,15.7940655,6,0,,,1,1
133659101,0.150000006,0,,,0,1.66007316,0.520315707,0.208761498,15.7531605,6,0,,,1,1
133660264,0.150000006,0,,,0,1.54725266,0.49152565,0.213785619,15.784976,6,0,,,1,1
133661424,0.150000006,0,,,0,1.68424892,0.46575439,0.219057515,15.7349796,6,0,,,1,1
133662587,0.150000006,0,,,0,1.53919411,0.442550898,0.224596038,15.7758856,6,0,,,1,1
133663748,0.150000006,0,,,0,1.60366297,0.421549648,0.230421901,15.7531605,6,0,,,1,1
133664911,0.150000006,0,,,0,1.49890101,0.402451277,0.236558035,15.7577057,6,0,,,1,1
133666072,0.150000006,0,,,0,1.66007316,0.385008454,0.243029937,15.7349796,6,0,,,1,1
133667240,0.150000006,0,,,0,1.58754563,0.3690148,0.24986589,15.7577057,6,0,,,1,1
133668400,0.150000006,0,,,0,1.74871778,0.354296923,0.257097572,15.7213449,6,0,,,1,1
133669564,0.150000006,0,,,0,1.51501822,0.340708047,0.264760315,15.7531605,6,0,,,1,1
133670724,0.150000006,0,,,0,1.65201449,0.328123093,0.272893876,15.6940746,6,0,,,1,1
133671887,0.150000006,0,,,0,1.53113544,0.316434711,0.281542957,15.7486153,6,0,,,1,1
133673048,0.150000006,0,,,0,1.62783873,0.305550396,0.290758282,15.680439,6,0,,,1,1
133674415,0.150000006,0,,,0,1.53919411,0.29539001,0.30059725,15.7258902,6,0,,,1,1
133675576,0.150000006,0,,,0,1.65201449,0.285883546,0.311125487,15.6849842,6,0,,,1,1
133676739,0.150000006,0,,,0,1.52307677,0.27696988,0.322417945,15.6895294,6,0,,,1,1
133677905,0.150000006,0,,,0,1.61172152,0.268595278,0.334560961,15.6758938,6,0,,,1,1
133679068,0.150000006,0,,,0,1.52307677,0.260712236,0.347654521,15.6895294,6,0,,,1,1
133680229,0.150000006,0,,,0,1.6358974,0.253278732,0.361814678,15.6758938,6,0,,,1,1
133681392,0.150000006,0.489583343,,,0.757509112,0.789743543,0.250476688,0.367690593,15.8395166,6,0,,,1,1
133682553,0.150000006,0.625615776,,,1.02344322,0.612454176,0.257785141,0.352999449,15.8349714,6,0,,,1,1
133683716,0.150000006,0.627777755,,,0.910622656,0.539926708,0.26702565,0.337028652,15.8531513,6,0,,,1,1
133684877,0.150000006,0.627551019,,,0.991208732,0.588278353,0.27695328,0.322440445,15.8440609,6,0,,,1,1
133686040,0.150000006,0.601156116,,,0.838095188,0.556043923,0.287647605,0.309062719,15.8395166,6,0,,,1,1
133687200,0.150000006,0.584158421,,,0.950915694,0.676923037,0.299200982,0.296750844,15.8486061,6,0,,,1,1
133688364,0.150000006,0.562162161,,,0.838095188,0.652747214,0.311721355,0.285382271,15.8440609,6,0,,,1,1
133689529,0.150000006,0.494845361,,,0.773626328,0.789743543,0.325335294,0.274852633,15.8395166,6,0,,,1,1
133690692,0.150000006,0.470270276,,,0.701098859,0.789743543,0.340192676,0.265072376,15.8167906,6,0,,,1,1
133691853,0.150000006,0.437810957,,,0.709157467,0.910622656,0.356472015,0.25596422,15.8395166,6,0,,,1,1
133693016,0.150000006,0.421965331,,,0.588278353,0.805860758,0.374387711,0.247461215,15.825881,6,0,,,1,1
133694176,0.150000006,0.408866972,,,0.668864429,0.967032909,0.39419952,0.239504948,15.8349714,6,0,,,1,1
133695510,0.150000006,0.379120886,,,0.556043923,0.910622656,0.39419952,0.239504948,15.7895203,6,0,,,1,1
133696636,0.150000006,0,,,0,1.70036626,0.39419952,0.239504948,15.7122545,6,0,,,1,1
133697766,0.150000006,0,,,0,1.5553112,0.39419952,0.239504948,15.7213449,6,0,,,1,1
133698892,0.150000006,0,,,0,1.54725266,0.39419952,0.239504948,15.7349796,6,0,,,1,1
133700023,0.150000006,0,,,0,1.5553112,0.39419952,0.239504948,15.7031641,6,0,,,1,1
133701154,0.150000006,0,,,0,1.67619038,0.39419952,0.239504948,15.7622499,6,0,,,1,1
133702318,0.150000006,0,,,0,1.48278379,0.416225284,0.232044399,15.7258902,6,0,,,1,1
133703478,0.150000006,0,,,0,1.57948709,0.440858066,0.225034595,15.7531605,6,0,,,1,1
133704642,0.150000006,0,,,0,1.47472525,0.468589872,0.218435854,15.7167997,6,0,,,1,1
133705802,0.150000006,0,,,0,1.74871778,0.500044763,0.212213099,15.7577057,6,0,,,1,1
133706965,0.150000006,0,,,0,1.46666658,0.536026418,0.206335083,15.7213449,6,0,,,1,1
133708125,0.150000006,0,,,0,1.67619038,0.577587903,0.20077391,15.784976,6,0,,,1,1
133709289,0.150000006,0,,,0,1.43443215,0.584413052,0.199962139,15.7440701,6,0,,,1,1
133710449,0.150000006,0,,,0,1.57142854,0.548340142,0.204566762,15.8031559,6,0,,,1,1
133711612,0.150000006,0,,,0,1.44249082,0.516460657,0.209388599,15.7395248,6,0,,,1,1
133712777,0.150000006,0,,,0,1.6358974,0.488083929,0.214443296,15.784976,6,0,,,1,1
133713941,0.150000006,0,,,0,1.48278379,0.462662995,0.219748095,15.7395248,6,0,,,1,1
133715101,0.150000006,0,,,0,1.72454202,0.439758986,0.225322053,15.7804308,6,0,,,1,1
133716468,0.150000006,0,,,0,1.62783873,0.419015586,0.231186122,15.7122545,6,0,,,1,1
133717629,0.150000006,0,,,0,1.60366297,0.40014106,0.237363577,15.7258902,6,0,,,1,1
133718792,0.150000006,0,,,0,1.75677645,0.382893622,0.243880197,15.7077093,6,0,,,1,1
133719953,0.150000006,0,,,0,1.5553112,0.367071569,0.250764757,15.7486153,6,0,,,1,1
133721116,0.150000006,0,,,0,1.61172152,0.352505267,0.258049309,15.6986198,6,0,,,1,1
133722276,0.150000006,0,,,0,1.56336987,0.339050859,0.26576978,15.7440701,6,0,,,1,1
133723440,0.150000006,0,,,0,1.5956043,0.32658577,0.273966402,15.7031641,6,0,,,1,1
133724604,0.150000006,0,,,0,1.52307677,0.315004736,0.282684743,15.7258902,6,0,,,1,1
133725767,0.150000006,0,,,0,1.6358974,0.304216892,0.291976184,15.680439,6,0,,,1,1
133726928,0.150000006,0,,,0,1.56336987,0.294143528,0.301899165,15.7167997,6,0,,,1,1
133728091,0.150000006,0,,,0,1.64395595,0.284715831,0.312520385,15.6713495,6,0,,,1,1
133729251,0.150000006,0.00523560168,,,0.00805860758,1.53113544,0.275929421,0.323839426,15.7122545,6,0,,,1,1
133730415,0.150000006,0,,,0,1.61172152,0.267722666,0.335924834,15.6758938,6,0,,,1,1
133731575,0.150000006,0,,,0,1.5553112,0.259958863,0.349003255,15.6895294,6,0,,,1,1
133732739,0.150000006,0,,,0,1.61172152,0.25259307,0.363223165,15.639534,6,0,,,1,1
133733900,0.150000006,0.426470578,,,0.701098859,0.942857087,0.249268115,0.3703264,15.8440609,6,0,,,1,1
133735063,0.150000006,0.602803767,,,1.03956032,0.684981644,0.255134165,0.358094513,15.8077011,6,0,,,1,1
133736228,0.150000006,0.636842132,,,0.975091517,0.556043923,0.264182299,0.341670066,15.8395166,6,0,,,1,1
133737595,0.150000006,0.619047642,,,0.942857087,0.580219746,0.27389577,0.326686203,15.8531513,6,0,,,1,1
133738756,0.150000006,0.607734859,,,0.886446834,0.572161138,0.284350812,0.31296137,15.8440609,6,0,,,1,1
133739919,0.150000006,0.579999983,,,0.934798479,0.676923037,0.29563567,0.300343275,15.8531513,6,0,,,1,1
133741079,0.150000006,0.57219249,,,0.862271011,0.644688606,0.307853311,0.288703173,15.825881,6,0,,,1,1
133742243,0.150000006,0.514423072,,,0.862271011,0.813919365,0.321124315,0.27793169,15.8304262,6,0,,,1,1
133743403,0.150000006,0.477777779,,,0.693040252,0.757509112,0.335591018,0.267935067,15.8031559,6,0,,,1,1
133744567,0.150000006,0.45714286,,,0.773626328,0.918681264,0.351422697,0.258632571,15.8213358,6,0,,,1,1
133745728,0.150000006,0.446808517,,,0.676923037,0.838095188,0.368822038,0.249954343,15.7986107,6,0,,,1,1
133746895,0.150000006,0.428571403,,,0.701098859,0.934798479,0.388034075,0.241839617,15.8122463,6,0,,,1,1
133748022,0.150000006,0.386740357,,,0.56410253,0.894505441,0.388034075,0.241839617,15.7940655,6,0,,,1,1
133749152,0.150000006,0,,,0,1.57142854,0.388034075,0.241839617,15.7122545,6,0,,,1,1
133750279,0.150000006,0,,,0,1.49084234,0.388034075,0.241839617,15.7304344,6,0,,,1,1
133751409,0.150000006,0,,,0,1.62783873,0.388034075,0.241839617,15.7440701,6,0,,,1,1
133752535,0.150000006,0,,,0,1.51501822,0.388034075,0.241839617,15.7167997,6,0,,,1,1
133753665,0.150000006,0,,,0,1.71648335,0.388034075,0.241839617,15.7531605,6,0,,,1,1
133754825,0.150000006,0,,,0,1.49084234,0.409357607,0.234235197,15.7304344,6,0,,,1,1
133755988,0.150000006,0,,,0,1.76483512,0.433160961,0.227094427,15.7622499,6,0,,,1,1
133757148,0.150000006,0,,,0,1.49084234,0.459903508,0.220376149,15.7440701,6,0,,,1,1
133758520,0.150000006,0,,,0,1.54725266,0.490165353,0.21404396,15.7713404,6,0,,,1,1
133759680,0.150000006,0,,,0,1.6358974,0.524690211,0.20806551,15.7440701,6,0,,,1,1
133760843,0.150000006,0,,,0,1.66007316,0.564447165,0.202411935,15.8031559,6,0,,,1,1
133762003,0.150000006,0,,,0,1.56336987,0.587450922,0.199608937,15.7304344,6,0,,,1,1
133763167,0.150000006,0,,,0,1.69230759,0.551013887,0.204197109,15.7986107,6,0,,,1,1
133764327,0.150000006,0,,,0,1.6358974,0.518831789,0.209001347,15.7349796,6,0,,,1,1
133765490,0.150000006,0,,,0,1.61978006,0.490201205,0.214037135,15.7804308,6,0,,,1,1
133766650,0.150000006,0,,,0,1.53919411,0.464565009,0.219321623,15.7395248,6,0,,,1,1
133767814,0.150000006,0,,,0,1.49890101,0.441476971,0.224873662,15.7486153,6,0,,,1,1
133768974,0.150000006,0,,,0,1.5956043,0.420575142,0.230714098,15.7213449,6,0,,,1,1
133770141,0.150000006,0,,,0,1.53113544,0.401562929,0.236866012,15.7531605,6,0,,,1,1
133771302,0.150000006,0,,,0,1.61978006,0.384195417,0.243354976,15.6986198,6,0,,,1,1
133772465,0.150000006,0,,,0,1.5553112,0.368267834,0.25020957,15.7349796,6,0,,,1,1
133773625,0.150000006,0,,,0,1.64395595,0.35360828,0.257461399,15.6895294,6,0,,,1,1
133774788,0.150000006,0,,,0,1.54725266,0.340071201,0.265146166,15.7440701,6,0,,,1,1
133775949,0.150000006,0,,,0,1.66007316,0.327532381,0.273303807,15.7031641,6,0,,,1,1
133777112,0.150000006,0,,,0,1.53113544,0.315885276,0.281979352,15.7304344,6,0,,,1,1
133778272,0.150000006,0,,,0,1.69230759,0.305038095,0.291223735,15.6849842,6,0,,,1,1
133779639,0.150000006,0,,,0,1.57142854,0.294911116,0.30109477,15.7213449,6,0,,,1,1
133780800,0.150000006,0,,,0,1.57142854,0.285434961,0.311658502,15.6758938,6,0,,,1,1
133781967,0.150000006,0,,,0,1.45054936,0.276548862,0.322990358,15.6895294,6,0,,,1,1
133783128,0.150000006,0,,,0,1.72454202,0.268199295,0.335177392,15.6577139,6,0,,,1,1
133784291,0.150000006,0,,,0,1.47472525,0.260339141,0.348320186,15.6895294,6,0,,,1,1
133785451,0.150000006,0.00458715623,,,0.00805860758,1.74871778,0.252967596,0.362451434,15.680439,6,0,,,1,1
133786615,0.150000006,0.487437159,,,0.781684935,0.821977973,0.250234812,0.368213117,15.8395166,6,0,,,1,1
133787775,0.150000006,0.617224872,,,1.03956032,0.644688606,0.257470161,0.3535918,15.8395166,6,0,,,1,1
133788939,0.150000006,0.628415287,,,0.926739872,0.547985315,0.266687691,0.337568581,15.8304262,6,0,,,1,1
133790099,0.150000006,0.618811905,,,1.00732589,0.620512784,0.276589751,0.322934598,15.8395166,6,0,,,1,1
133791263,0.150000006,0.625698268,,,0.902564049,0.539926708,0.287255466,0.309516698,15.8077011,6,0,,,1,1
133792424,0.150000006,0.600985229,,,0.983150125,0.652747214,0.298776776,0.297169358,15.8213358,6,0,,,1,1
133793592,0.150000006,0.566666663,,,0.821977973,0.628571391,0.311260879,0.285769314,15.7986107,6,0,,,1,1
133794752,0.150000006,0.513089001,,,0.789743543,0.749450505,0.324833751,0.275211602,15.8122463,6,0,,,1,1
133795915,0.150000006,0.45505619,,,0.652747214,0.781684935,0.339644343,0.265406251,15.784976,6,0,,,1,1
133797076,0.150000006,0.458762884,,,0.717216074,0.846153796,0.355869979,0.256275535,15.825881,6,0,,,1,1
133798240,0.150000006,0.415300518,,,0.612454176,0.862271011,0.373723686,0.24775216,15.7986107,6,0,,,1,1
133799367,0.150000006,0.387434542,,,0.596336961,0.942857087,0.373723686,0.24775216,15.825881,6,0,,,1,1
133800700,0.150000006,0,,,0,1.66813183,0.373723686,0.24775216,15.6758938,6,0,,,1,1
133801827,0.150000006,0,,,0,1.65201449,0.373723686,0.24775216,15.7349796,6,0,,,1,1
133802957,0.150000006,0,,,0,1.57948709,0.373723686,0.24775216,15.7031641,6,0,,,1,1
133804084,0.150000006,0,,,0,1.50695968,0.373723686,0.24775216,15.7395248,6,0,,,1,1
133805252,0.150000006,0,,,0,1.6358974,0.393463433,0.23977749,15.7031641,6,0,,,1,1
133806412,0.150000006,0,,,0,1.51501822,0.415404737,0.232300207,15.7440701,6,0,,,1,1
133807576,0.150000006,0,,,0,1.66813183,0.439937621,0.225275174,15.6986198,6,0,,,1,1
133808736,0.150000006,0,,,0,1.52307677,0.467550129,0.21866253,15.7531605,6,0,,,1,1
133809899,0.150000006,0,,,0,1.68424892,0.498860925,0.212427035,15.7077093,6,0,,,1,1
133811059,0.150000006,0,,,0,1.57948709,0.534666359,0.206537321,15.7577057,6,0,,,1,1
133812222,0.150000006,0,,,0,1.66007316,0.569729984,0.201741114,15.7667952,6,0,,,1,1
133813383,0.150000006,0,,,0,1.47472525,0.535396457,0.206428573,15.7895203,6,0,,,1,1
133814546,0.150000006,0,,,0,1.72454202,0.504963398,0.211339474,15.7486153,6,0,,,1,1
133815706,0.150000006,0,,,0,1.51501822,0.4778032,0.216489896,15.7940655,6,0,,,1,1
133816874,0.150000006,0,,,0,1.66007316,0.453415245,0.221897691,15.7349796,6,0,,,1,1
133818040,0.150000006,0,,,0,1.53919411,0.431395888,0.227582604,15.784976,6,0,,,1,1
133819203,0.150000006,0,,,0,1.67619038,0.411416173,0.233566478,15.7213449,6,0,,,1,1
133820364,0.150000006,0,,,0,1.5553112,0.393205106,0.239873528,15.7531605,6,0,,,1,1
133821731,0.150000006,0,,,0,1.72454202,0.376537979,0.246530637,15.7440701,6,0,,,1,1
133822891,0.150000006,0,,,0,1.5956043,0.36122635,0.253567845,15.7486153,6,0,,,1,1
133824054,0.150000006,0,,,0,1.68424892,0.347111285,0.261018574,15.7440701,6,0,,,1,1
133825214,0.150000006,0,,,0,1.50695968,0.334057897,0.268920422,15.7031641,6,0,,,1,1
133826377,0.150000006,0,,,0,1.68424892,0.321950674,0.277315617,15.7167997,6,0,,,1,1
133827542,0.150000006,0,,,0,1.52307677,0.310690343,0.286251903,15.6713495,6,0,,,1,1
133828705,0.150000006,0,,,0,1.68424892,0.300191075,0.295783281,15.7077093,6,0,,,1,1
133829866,0.150000006,0,,,0,1.46666658,0.290378213,0.305971265,15.6622591,6,0,,,1,1
133831029,0.150000006,0,,,0,1.5553112,0.281186581,0.316886127,15.6986198,6,0,,,1,1
133832189,0.150000006,0,,,0,1.57142854,0.272559017,0.328608453,15.6668043,6,0,,,1,1
133833352,0.150000006,0,,,0,1.61172152,0.264445126,0.341231436,15.6940746,6,0,,,1,1
133834513,0.150000006,0,,,0,1.48278379,0.256800354,0.354862958,15.6486235,6,0,,,1,1
133835676,0.150000006,0,,,0,1.5956043,0.249585152,0.369628817,15.6531687,6,0,,,1,1
133836836,0.150000006,0.441964298,,,0.79780215,1.00732589,0.246459007,0.376705229,15.8031559,6,0,,,1,1
133837999,0.150000006,0.635897398,,,0.99926734,0.572161138,0.252761304,0.362875819,15.8213358,6,0,,,1,1
133839164,0.150000006,0.641148329,,,1.07985342,0.604395568,0.261638969,0.346020192,15.8077011,6,0,,,1,1
133840328,0.150000006,0.642105281,,,0.983150125,0.547985315,0.271162957,0.330660939,15.8167906,6,0,,,1,1
133841488,0.150000006,0.612745047,,,1.00732589,0.636629999,0.281406492,0.316607267,15.8122463,6,0,,,1,1
133842856,0.150000006,0.588832498,,,0.934798479,0.652747214,0.292454332,0.303699523,15.8395166,6,0,,,1,1
133844017,0.150000006,0.585714281,,,0.991208732,0.701098859,0.304405153,0.291803002,15.8213358,6,0,,,1,1
133845180,0.150000006,0.521052659,,,0.79780215,0.73333329,0.317374259,0.280803353,15.8167906,6,0,,,1,1
133846341,0.150000006,0.48815164,,,0.830036581,0.870329618,0.331497639,0.270602882,15.7940655,6,0,,,1,1
133847504,0.150000006,0.472826093,,,0.701098859,0.781684935,0.346936554,0.261117488,15.8122463,6,0,,,1,1
133848664,0.150000006,0.452736348,,,0.73333329,0.886446834,0.363883793,0.252274543,15.8077011,6,0,,,1,1
133849794,0.150000006,0.414893627,,,0.628571391,0.886446834,0.363883793,0.252274543,15.8213358,6,0,,,1,1
133850926,0.150000006,0,,,0,1.78901088,0.363883793,0.252274543,15.6849842,6,0,,,1,1
133852055,0.150000006,0,,,0,1.61172152,0.363883793,0.252274543,15.7667952,6,0,,,1,1
133853181,0.150000006,0,,,0,1.64395595,0.363883793,0.252274543,15.7258902,6,0,,,1,1
133854311,0.150000006,0,,,0,1.48278379,0.363883793,0.252274543,15.7395248,6,0,,,1,1
133855471,0.150000006,0,,,0,1.77289367,0.382571757,0.24401097,15.7122545,6,0,,,1,1
133856635,0.150000006,0,,,0,1.5553112,0.403283149,0.23627159,15.7667952,6,0,,,1,1
133857795,0.150000006,0,,,0,1.64395595,0.426365435,0.229008034,15.7577057,6,0,,,1,1
133858958,0.150000006,0,,,0,1.52307677,0.452250391,0.222177744,15.7622499,6,0,,,1,1
133860119,0.150000006,0,,,0,1.69230759,0.481481463,0.215743124,15.7667952,6,0,,,1,1
133861282,0.150000006,0,,,0,1.48278379,0.514752328,0.209670722,15.7577057,6,0,,,1,1
133862447,0.150000006,0,,,0,1.66007316,0.552962661,0.20393078,15.7804308,6,0,,,1,1
133863814,0.150000006,0,,,0,1.54725266,0.545940518,0.204902738,15.7395248,6,0,,,1,1
133864974,0.150000006,0,,,0,1.68424892,0.514332414,0.20974046,15.7940655,6,0,,,1,1
133866137,0.150000006,0,,,0,1.68424892,0.486183167,0.214812294,15.7349796,6,0,,,1,1
133867298,0.150000006,0,,,0,1.56336987,0.460954845,0.22013557,15.7713404,6,0,,,1,1
133868461,0.150000006,0,,,0,1.58754563,0.438215464,0.225729406,15.7167997,6,0,,,1,1
133869621,0.150000006,0,,,0,1.57142854,0.417614132,0.231614962,15.7486153,6,0,,,1,1
133870785,0.150000006,0,,,0,1.58754563,0.398862779,0.237815648,15.7031641,6,0,,,1,1
133871945,0.150000006,0,,,0,1.6358974,0.381723017,0.244357482,15.7349796,6,0,,,1,1
133873108,0.150000006,0,,,0,1.66813183,0.365995586,0.25126943,15.7167997,6,0,,,1,1
133874273,0.150000006,0,,,0,1.57142854,0.351512849,0.258583754,15.7440701,6,0,,,1,1
133875437,0.150000006,0,,,0,1.79706955,0.338132679,0.266336679,15.7122545,6,0,,,1,1
133876597,0.150000006,0,,,0,1.5553112,0.325733751,0.274568886,15.7349796,6,0,,,1,1
133877761,0.150000006,0,,,0,1.77289367,0.314211965,0.283326179,15.6895294,6,0,,,1,1
133878921,0.150000006,0,,,0,1.64395595,0.303477466,0.292660534,15.7167997,6,0,,,1,1
133880085,0.150000006,0,,,0,1.70036626,0.293452173,0.302630901,15.6622591,6,0,,,1,1
133881245,0.150000006,0,,,0,1.61172152,0.284068048,0.313304603,15.6940746,6,0,,,1,1
133882408,0.150000006,0,,,0,1.70036626,0.275265545,0.324758679,15.6531687,6,0,,,1,1
133883568,0.150000006,0,,,0,1.57142854,0.266992122,0.337082088,15.6849842,6,0,,,1,1
133884935,0.150000006,0,,,0,1.61978006,0.259201556,0.350377619,15.6622591,6,0,,,1,1
133886100,0.150000006,0,,,0,1.52307677,0.251852751,0.364764988,15.6440792,6,0,,,1,1
133887264,0.150000006,0.507246375,,,0.846153796,0.821977973,0.249235183,0.370399117,15.825881,6,0,,,1,1
133888424,0.150000006,0.629032254,,,0.942857087,0.556043923,0.256830543,0.354805261,15.7940655,6,0,,,1,1
133889588,0.150000006,0.637305737,,,0.991208732,0.56410253,0.266001523,0.338674396,15.8440609,6,0,,,1,1
133890748,0.150000006,0.624277472,,,0.870329618,0.523809493,0.275851756,0.323946476,15.825881,6,0,,,1,1
133891911,0.150000006,0.608465612,,,0.926739872,0.596336961,0.286459535,0.310446113,15.8395166,6,0,,,1,1
133893071,0.150000006,0.566137612,,,0.862271011,0.660805821,0.297915787,0.298025995,15.8167906,6,0,,,1,1
133894234,0.150000006,0.559585512,,,0.870329618,0.684981644,0.310326576,0.2865614,15.8167906,6,0,,,1,1
133895395,0.150000006,0.497607678,,,0.838095188,0.846153796,0.323816329,0.2759462,15.784976,6,0,,,1,1
133896563,0.150000006,0.489473671,,,0.749450505,0.781684935,0.33853218,0.26608938,15.8122463,6,0,,,1,1
133897723,0.150000006,0.445497602,,,0.757509112,0.942857087,0.354649216,0.25691238,15.7895203,6,0,,,1,1
133898887,0.150000006,0.434065938,,,0.636629999,0.830036581,0.372377604,0.248347312,15.8122463,6,0,,,1,1
133900047,0.150000006,0.419689149,,,0.652747214,0.902564049,0.391971648,0.240334913,15.8077011,6,0,,,1,1
133901177,0.150000006,0.369565219,,,0.547985315,0.934798479,0.391971648,0.240334913,15.8213358,6,0,,,1,1
133902303,0.150000006,0,,,0,1.61978006,0.391971648,0.240334913,15.6940746,6,0,,,1,1
133903433,0.150000006,0,,,0,1.64395595,0.391971648,0.240334913,15.7577057,6,0,,,1,1
133904559,0.150000006,0,,,0,1.70842481,0.391971648,0.240334913,15.7213449,6,0,,,1,1
133905893,0.150000006,0,,,0,1.53919411,0.391971648,0.240334913,15.7395248,6,0,,,1,1
133907019,0.150000006,0,,,0,1.67619038,0.391971648,0.240334913,15.7077093,6,0,,,1,1
133908188,0.150000006,0,,,0,1.53113544,0.413742274,0.232823372,15.7440701,6,0,,,1,1
133909348,0.150000006,0,,,0,1.70036626,0.438073486,0.225767121,15.7304344,6,0,,,1,1
133910511,0.150000006,0,,,0,1.51501822,0.465445191,0.219126001,15.784976,6,0,,,1,1
133911671,0.150000006,0,,,0,1.76483512,0.496465325,0.212864429,15.7577057,6,0,,,1,1
133912834,0.150000006,0,,,0,1.62783873,0.531915486,0.206950784,15.7667952,6,0,,,1,1
133913994,0.150000006,0,,,0,1.74871778,0.572817564,0.201356798,15.7986107,6,0,,,1,1
133915157,0.150000006,0,,,0,1.5553112,0.591489673,0.199146897,15.7531605,6,0,,,1,1
133916317,0.150000006,0,,,0,1.76483512,0.554565489,0.203713641,15.7804308,6,0,,,1,1
133917480,0.150000006,0,,,0,1.48278379,0.52197963,0.208494857,15.7122545,6,0,,,1,1
133918640,0.150000006,0,,,0,1.67619038,0.493010163,0.213505968,15.7758856,6,0,,,1,1
133919808,0.150000006,0,,,0,1.53919411,0.46708715,0.218763947,15.7304344,6,0,,,1,1
133920968,0.150000006,0,,,0,1.66813183,0.443753988,0.22428745,15.7804308,6,0,,,1,1
133922132,0.150000006,0,,,0,1.5553112,0.422641128,0.23009707,15.7167997,6,0,,,1,1
133923292,0.150000006,0,,,0,1.71648335,0.403445989,0.236215696,15.7713404,6,0,,,1,1
133924455,0.150000006,0,,,0,1.56336987,0.385918707,0.242668614,15.7167997,6,0,,,1,1
133925819,0.150000006,0,,,0,1.62783873,0.369850904,0.249484003,15.7577057,6,0,,,1,1
133926983,0.150000006,0,,,0,1.61172152,0.355067611,0.256693274,15.7167997,6,0,,,1,1
133928143,0.150000006,0,,,0,1.62783873,0.34142071,0.264331549,15.7440701,6,0,,,1,1
133929306,0.150000006,0,,,0,1.69230759,0.328783989,0.272438377,15.7077093,6,0,,,1,1
133930467,0.150000006,0,,,0,1.60366297,0.317049325,0.281058222,15.7167997,6,0,,,1,1
133931634,0.150000006,0,,,0,1.67619038,0.306123435,0.290241301,15.6713495,6,0,,,1,1
133932795,0.150000006,0,,,0,1.53113544,0.295925468,0.300044745,15.7077093,6,0,,,1,1
133933958,0.150000006,0,,,0,1.70842481,0.286385089,0.310533613,15.6577139,6,0,,,1,1
133935118,0.150000006,0,,,0,1.54725266,0.277440637,0.321782351,15.7122545,6,0,,,1,1
133936281,0.150000006,0,,,0,1.66007316,0.269037962,0.333876699,15.6713495,6,0,,,1,1
133937442,0.150000006,0,,,0,1.56336987,0.26112929,0.346915692,15.680439,6,0,,,1,1
133938605,0.150000006,0,,,0,1.73260069,0.253672332,0.361014456,15.6622591,6,0,,,1,1
133939765,0.150000006,0.443349749,,,0.725274682,0.910622656,0.250455797,0.367735684,15.7986107,6,0,,,1,1
133940929,0.150000006,0.616113722,,,1.04761899,0.652747214,0.256810248,0.354844004,15.825881,6,0,,,1,1
133942089,0.150000006,0.639344215,,,0.942857087,0.5318681,0.265979767,0.338709682,15.8031559,6,0,,,1,1
133943257,0.150000006,0.630769193,,,0.991208732,0.580219746,0.275828332,0.323978752,15.8531513,6,0,,,1,1
133944418,0.150000006,0.597826064,,,0.886446834,0.596336961,0.286434293,0.310475767,15.8167906,6,0,,,1,1
133945582,0.150000006,0.581632674,,,0.918681264,0.660805821,0.297888488,0.298053324,15.8486061,6,0,,,1,1
133946946,0.150000006,0.566502452,,,0.926739872,0.709157467,0.310296953,0.286586702,15.8122463,6,0,,,1,1
133948110,0.150000006,0.502590716,,,0.781684935,0.773626328,0.323784053,0.275969625,15.8122463,6,0,,,1,1
133949270,0.150000006,0.471698105,,,0.805860758,0.902564049,0.338496894,0.266111106,15.8077011,6,0,,,1,1
133950434,0.150000006,0.43617022,,,0.660805821,0.854212403,0.354610503,0.256932706,15.825881,6,0,,,1,1
133951594,0.150000006,0.419811308,,,0.717216074,0.991208732,0.372334927,0.248366296,15.8122463,6,0,,,1,1
133952757,0.150000006,0.412371129,,,0.644688606,0.918681264,0.391924381,0.24035269,15.825881,6,0,,,1,1
133953885,0.150000006,0.407766998,,,0.676923037,0.983150125,0.391924381,0.24035269,15.8031559,6,0,,,1,1
133955019,0.150000006,0,,,0,1.57948709,0.391924381,0.24035269,15.7122545,6,0,,,1,1
133956146,0.150000006,0,,,0,1.67619038,0.391924381,0.24035269,15.7213449,6,0,,,1,1
133957276,0.150000006,0,,,0,1.53113544,0.391924381,0.24035269,15.7349796,6,0,,,1,1
133958403,0.150000006,0,,,0,1.79706955,0.391924381,0.24035269,15.7077093,6,0,,,1,1
133959532,0.150000006,0,,,0,1.57948709,0.391924381,0.24035269,15.7531605,6,0,,,1,1
133960692,0.150000006,0,,,0,1.75677645,0.413689613,0.232840031,15.7167997,6,0,,,1,1
133961855,0.150000006,0,,,0,1.53113544,0.438014418,0.225782797,15.7667952,6,0,,,1,1
133963015,0.150000006,0,,,0,1.69230759,0.465378523,0.219140783,15.7531605,6,0,,,1,1
133964178,0.150000006,0,,,0,1.51501822,0.496389478,0.212878361,15.7713404,6,0,,,1,1
133965339,0.150000006,0,,,0,1.69230759,0.531828403,0.206963927,15.7713404,6,0,,,1,1
133966506,0.150000006,0,,,0,1.45860791,0.572716594,0.201369271,15.7486153,6,0,,,1,1
133967871,0.150000006,0,,,0,1.71648335,0.585240722,0.199865431,15.7940655,6,0,,,1,1
133969034,0.150000006,0,,,0,1.49890101,0.549068868,0.204465523,15.7395248,6,0,,,1,1
133970195,0.150000006,0,,,0,1.68424892,0.51710701,0.209282532,15.7531605,6,0,,,1,1
133971359,0.150000006,0,,,0,1.62783873,0.488661259,0.214332044,15.7258902,6,0,,,1,1
133972519,0.150000006,0,,,0,1.57948709,0.463181674,0.219631284,15.7531605,6,0,,,1,1
133973682,0.150000006,0,,,0,1.61172152,0.440227538,0.225199208,15.7349796,6,0,,,1,1
133974842,0.150000006,0,,,0,1.5956043,0.419441015,0.231056824,15.7758856,6,0,,,1,1
133976005,0.150000006,0,,,0,1.74871778,0.400528967,0.237227291,15.7122545,6,0,,,1,1
133977170,0.150000006,0,,,0,1.5956043,0.383248806,0.243736327,15.7577057,6,0,,,1,1
133978334,0.150000006,0,,,0,1.73260069,0.367398024,0.250612646,15.6940746,6,0,,,1,1
133979494,0.150000006,0,,,0,1.58754563,0.35280627,0.257888228,15.7349796,6,0,,,1,1
133980658,0.150000006,0,,,0,1.74065924,0.339329332,0.265598893,15.6940746,6,0,,,1,1
133981818,0.150000006,0,,,0,1.5553112,0.326844126,0.273784846,15.7304344,6,0,,,1,1
133982981,0.150000006,0,,,0,1.69230759,0.315245062,0.282491446,15.6940746,6,0,,,1,1
133984142,0.150000006,0,,,0,1.61978006,0.304441065,0.291770011,15.7304344,6,0,,,1,1
133985305,0.150000006,0,,,0,1.58754563,0.294353068,0.301678717,15.7077093,6,0,,,1,1
133986465,0.150000006,0,,,0,1.51501822,0.284912169,0.312284172,15.6986198,6,0,,,1,1
133987628,0.150000006,0,,,0,1.72454202,0.276058048,0.32366246,15.680439,6,0,,,1,1
133988997,0.150000006,0,,,0,1.57948709,0.267737657,0.335901171,15.6531687,6,0,,,1,1
133990160,0.150000006,0,,,0,1.62783873,0.259904146,0.349101901,15.6758938,6,0,,,1,1
133991321,0.150000006,0.00966183655,,,0.0161172152,1.65201449,0.25260213,0.36320442,15.639534,6,0,,,1,1
133992484,0.150000006,0.5024876,,,0.813919365,0.805860758,0.250098199,0.368509293,15.825881,6,0,,,1,1
133993645,0.150000006,0.623255789,,,1.07985342,0.652747214,0.257728994,0.35310474,15.784976,6,0,,,1,1
133994809,0.150000006,0.641025603,,,1.00732589,0.56410253,0.266965449,0.337124616,15.8213358,6,0,,,1,1
133995969,0.150000006,0.616580307,,,0.958974302,0.596336961,0.27688849,0.322528273,15.8349714,6,0,,,1,1
133997133,0.150000006,0.602209985,,,0.878388226,0.580219746,0.287577718,0.309143424,15.8395166,6,0,,,1,1
133998294,0.150000006,0.582938373,,,0.991208732,0.709157467,0.299125403,0.29682523,15.8213358,6,0,,,1,1
133999457,0.150000006,0.553763449,,,0.830036581,0.668864429,0.311639279,0.285451084,15.8395166,6,0,,,1,1
134000622,0.150000006,0.508928597,,,0.918681264,0.886446834,0.325245917,0.2749165,15.7940655,6,0,,,1,1
134001786,0.150000006,0.481865317,,,0.749450505,0.805860758,0.340094954,0.265131742,15.8213358,6,0,,,1,1
134002946,0.150000006,0.455445558,,,0.741391897,0.886446834,0.356364727,0.256019562,15.8122463,6,0,,,1,1
134004110,0.150000006,0.418478251,,,0.620512784,0.862271011,0.374269366,0.247512951,15.825881,6,0,,,1,1
134005238,0.150000006,0.399038464,,,0.668864429,1.00732589,0.374269366,0.247512951,15.8167906,6,0,,,1,1
134006367,0.150000006,0,,,0,1.61978006,0.374269366,0.247512951,15.7077093,6,0,,,1,1
134007494,0.150000006,0,,,0,1.84542108,0.374269366,0.247512951,15.7622499,6,0,,,1,1
134008625,0.150000006,0,,,0,1.51501822,0.374269366,0.247512951,15.7440701,6,0,,,1,1
134009955,0.150000006,0,,,0,1.66813183,0.374269366,0.247512951,15.7440701,6,0,,,1,1
134011119,0.150000006,0,,,0,1.50695968,0.394068301,0.239553452,15.7031641,6,0,,,1,1
134012284,0.150000006,0,,,0,1.72454202,0.416079015,0.232089892,15.7713404,6,0,,,1,1
134013447,0.150000006,0,,,0,1.57948709,0.440693974,0.225077361,15.7213449,6,0,,,1,1
134014607,0.150000006,0,,,0,1.73260069,0.468404502,0.218476176,15.7622499,6,0,,,1,1
134015770,0.150000006,0,,,0,1.5956043,0.499833673,0.212251171,15.7031641,6,0,,,1,1
134016931,0.150000006,0,,,0,1.67619038,0.535783887,0.206371054,15.7577057,6,0,,,1,1
134018094,0.150000006,0,,,0,1.64395595,0.571597993,0.201507926,15.7531605,6,0,,,1,1
134019254,0.150000006,0,,,0,1.68424892,0.537045896,0.206184417,15.7940655,6,0,,,1,1
134020417,0.150000006,0,,,0,1.70036626,0.506430328,0.211083576,15.7486153,6,0,,,1,1
134021577,0.150000006,0,,,0,1.61978006,0.47911644,0.216221362,15.7940655,6,0,,,1,1
134022740,0.150000006,0,,,0,1.65201449,0.454597682,0.221615583,15.7031641,6,0,,,1,1
134023905,0.150000006,0,,,0,1.5553112,0.432466149,0.227285862,15.7713404,6,0,,,1,1
134025068,0.150000006,0,,,0,1.69230759,0.412389427,0.233253956,15.7349796,6,0,,,1,1
134026228,0.150000006,0,,,0,1.53919411,0.39409408,0.239543915,15.7577057,6,0,,,1,1
134027391,0.150000006,0,,,0,1.74065924,0.377353102,0.246182486,15.7577057,6,0,,,1,1
134028552,0.150000006,0,,,0,1.56336987,0.361976445,0.253199518,15.7258902,6,0,,,1,1
134029715,0.150000006,0,,,0,1.69230759,0.347803891,0.260628283,15.7258902,6,0,,,1,1
134031079,0.150000006,0,,,0,1.57142854,0.334699303,0.268506169,15.6940746,6,0,,,1,1
134032242,0.150000006,0,,,0,1.65201449,0.322546393,0.276875198,15.6986198,6,0,,,1,1
134033403,0.150000006,0,,,0,1.65201449,0.311245084,0.285782605,15.6531687,6,0,,,1,1
134034566,0.150000006,0,,,0,1.64395595,0.30070892,0.295282245,15.7122545,6,0,,,1,1
134035731,0.150000006,0,,,0,1.6358974,0.290862739,0.305435151,15.6713495,6,0,,,1,1
134036895,0.150000006,0,,,0,1.66007316,0.281640917,0.316311061,15.6986198,6,0,,,1,1
134038055,0.150000006,0,,,0,1.77289367,0.272985876,0.327990174,15.6304436,6,0,,,1,1
134039219,0.150000006,0,,,0,1.62783873,0.264846891,0.340564787,15.680439,6,0,,,1,1
134040379,0.150000006,0,,,0,1.72454202,0.25717923,0.354141951,15.6031733,6,0,,,1,1
134041542,0.150000006,0,,,0,1.64395595,0.249943018,0.368846714,15.6577139,6,0,,,1,1
134042703,0.150000006,0.446428567,,,0.805860758,0.99926734,0.246845961,0.375804842,15.8395166,6,0,,,1,1
134043866,0.150000006,0.615384579,,,0.967032909,0.604395568,0.253065497,0.362250686,15.825881,6,0,,,1,1
134045027,0.150000006,0.649038494,,,1.08791208,0.588278353,0.261964917,0.345451742,15.8395166,6,0,,,1,1
134046195,0.150000006,0.645502687,,,0.983150125,0.539926708,0.271513075,0.330141783,15.8031559,6,0,,,1,1
134047355,0.150000006,0.629441619,,,0.99926734,0.588278353,0.281783581,0.316131294,15.8304262,6,0,,,1,1
134048518,0.150000006,0.596685112,,,0.870329618,0.588278353,0.29286167,0.303261518,15.8122463,6,0,,,1,1
134049679,0.150000006,0.575129569,,,0.894505441,0.660805821,0.304846466,0.291398644,15.8486061,6,0,,,1,1
134050842,0.150000006,0.49751246,,,0.805860758,0.813919365,0.317853987,0.280428886,15.7986107,6,0,,,1,1
134052206,0.150000006,0.483870953,,,0.725274682,0.773626328,0.332021058,0.270255059,15.8167906,6,0,,,1,1
134053370,0.150000006,0.455399066,,,0.781684935,0.934798479,0.347509921,0.260793656,15.8122463,6,0,,,1,1
134054530,0.150000006,0.427083343,,,0.660805821,0.886446834,0.364514589,0.251972288,15.8349714,6,0,,,1,1
134055693,0.150000006,0.432432443,,,0.773626328,1.01538455,0.383269072,0.243728146,15.8077011,6,0,,,1,1
134056820,0.150000006,0.400990099,,,0.652747214,0.975091517,0.383269072,0.243728146,15.825881,6,0,,,1,1
134057955,0.150000006,0,,,0,1.70036626,0.383269072,0.243728146,15.680439,6,0,,,1,1
134059082,0.150000006,0,,,0,1.61978006,0.383269072,0.243728146,15.7577057,6,0,,,1,1
134060211,0.150000006,0,,,0,1.68424892,0.383269072,0.243728146,15.7213449,6,0,,,1,1
134061338,0.150000006,0,,,0,1.51501822,0.383269072,0.243728146,15.7531605,6,0,,,1,1
134062468,0.150000006,0,,,0,1.74871778,0.383269072,0.243728146,15.7122545,6,0,,,1,1
134063594,0.150000006,0,,,0,1.50695968,0.383269072,0.243728146,15.7622499,6,0,,,1,1
134064758,0.150000006,0,,,0,1.75677645,0.404058099,0.236006379,15.7167997,6,0,,,1,1
134065918,0.150000006,0,,,0,1.60366297,0.427231699,0.228758886,15.7622499,6,0,,,1,1
134067082,0.150000006,0,,,0,1.78095222,0.453225136,0.221943259,15.7577057,6,0,,,1,1
134068242,0.150000006,0,,,0,1.53113544,0.482586473,0.215522006,15.7349796,6,0,,,1,1
134069410,0.150000006,0,,,0,1.71648335,0.51601553,0.209461853,15.7713404,6,0,,,1,1
134070570,0.150000006,0,,,0,1.50695968,0.55442059,0.203733191,15.7304344,6,0,,,1,1
134071733,0.150000006,0,,,0,1.69230759,0.560755908,0.202890873,15.7986107,6,0,,,1,1
134073097,0.150000006,0,,,0,1.61172152,0.527460277,0.207633093,15.7031641,6,0,,,1,1
134074260,0.150000006,0,,,0,1.66813183,0.497896552,0.212602407,15.7758856,6,0,,,1,1
134075420,0.150000006,0,,,0,1.65201449,0.471470892,0.217815399,15.7440701,6,0,,,1,1
134076583,0.150000006,0,,,0,1.60366297,0.447708815,0.223290503,15.7758856,6,0,,,1,1
134077744,0.150000006,0,,,0,1.8051281,0.426227063,0.229047939,15.7304344,6,0,,,1,1
134078907,0.150000006,0,,,0,1.57948709,0.406712353,0.235110179,15.7531605,6,0,,,1,1
134080067,0.150000006,0,,,0,1.76483512,0.38890636,0.241502032,15.7077093,6,0,,,1,1
134081235,0.150000006,0,,,0,1.57142854,0.372594088,0.24825111,15.7531605,6,0,,,1,1
134082395,0.150000006,0,,,0,1.74065924,0.357595176,0.25538826,15.7258902,6,0,,,1,1
134083558,0.150000006,0,,,0,1.56336987,0.343757033,0.262947947,15.7440701,6,0,,,1,1
134084718,0.150000006,0,,,0,1.71648335,0.330950052,0.270968854,15.7077093,6,0,,,1,1
134085882,0.150000006,0,,,0,1.50695968,0.319063038,0.279494464,15.6895294,6,0,,,1,1
134087042,0.150000006,0,,,0,1.69230759,0.308000326,0.28857401,15.6940746,6,0,,,1,1
134088205,0.150000006,0,,,0,1.64395595,0.297679067,0.298263252,15.6758938,6,0,,,1,1
134089365,0.150000006,0,,,0,1.57142854,0.288027108,0.308625787,15.6895294,6,0,,,1,1
134090529,0.150000006,0,,,0,1.67619038,0.278981417,0.319734305,15.6349888,6,0,,,1,1
134091689,0.150000006,0,,,0,1.6358974,0.270486563,0.331672281,15.6668043,6,0,,,1,1
134092857,0.150000006,0,,,0,1.62783873,0.262493789,0.344536334,15.6258984,6,0,,,1,1
134094221,0.150000006,0,,,0,1.5956043,0.254959792,0.358438581,15.6668043,6,0,,,1,1
134095385,0.150000006,0.00485436944,,,0.00805860758,1.65201449,0.247887924,0.373415232,15.6486235,6,0,,,1,1
134096545,0.150000006,0.5024876,,,0.813919365,0.805860758,0.245394289,0.379220128,15.8395166,6,0,,,1,1
134097709,0.150000006,0.623255789,,,1.07985342,0.652747214,0.252676785,0.363050163,15.8213358,6,0,,,1,1
134098869,0.150000006,0.648648679,,,0.967032909,0.523809493,0.26154843,0.34617871,15.8349714,6,0,,,1,1
134100033,0.150000006,0.623255789,,,1.07985342,0.652747214,0.271065682,0.330805689,15.8304262,6,0,,,1,1
134101194,0.150000006,0.619565189,,,0.918681264,0.56410253,0.281301737,0.316739976,15.8077011,6,0,,,1,1
134102357,0.150000006,0.607142866,,,0.958974302,0.620512784,0.292341202,0.303821623,15.8304262,6,0,,,1,1
134103518,0.150000006,0.576719582,,,0.878388226,0.644688606,0.304282576,0.291915715,15.8167906,6,0,,,1,1
134104686,0.150000006,0.50746268,,,0.821977973,0.79780215,0.317241013,0.28090775,15.825881,6,0,,,1,1
134105847,0.150000006,0.476851851,,,0.830036581,0.910622656,0.331352264,0.270699829,15.7895203,6,0,,,1,1
134107010,0.150000006,0.46632126,,,0.725274682,0.830036581,0.34677732,0.26120773,15.7940655,6,0,,,1,1
134108171,0.150000006,0.454106271,,,0.757509112,0.910622656,0.363708645,0.252358794,15.7895203,6,0,,,1,1
134109301,0.150000006,0.388601065,,,0.604395568,0.950915694,0.363708645,0.252358794,15.8213358,6,0,,,1,1
134110427,0.150000006,0,,,0,1.61172152,0.363708645,0.252358794,15.680439,6,0,,,1,1
134111557,0.150000006,0,,,0,1.68424892,0.363708645,0.252358794,15.7486153,6,0,,,1,1
134112684,0.150000006,0,,,0,1.78095222,0.363708645,0.252358794,15.7077093,6,0,,,1,1
134113814,0.150000006,0,,,0,1.72454202,0.363708645,0.252358794,15.7440701,6,0,,,1,1
134115178,0.150000006,0,,,0,1.70036626,0.382378161,0.244089782,15.7304344,6,0,,,1,1
134116347,0.150000006,0,,,0,1.53919411,0.403068036,0.23634547,15.7304344,6,0,,,1,1
134117507,0.150000006,0,,,0,1.85347974,0.42612499,0.229077443,15.7440701,6,0,,,1,1
134118670,0.150000006,0,,,0,1.57948709,0.451979846,0.222243086,15.7122545,6,0,,,1,1
134119831,0.150000006,0,,,0,1.79706955,0.481174856,0.215804726,15.7577057,6,0,,,1,1
134120994,0.150000006,0,,,0,1.48278379,0.514401913,0.209728912,15.7349796,6,0,,,1,1
134122154,0.150000006,0,,,0,1.60366297,0.552558303,0.203985825,15.7895203,6,0,,,1,1
134123317,0.150000006,0,,,0,1.66813183,0.537950337,0.206051424,15.7167997,6,0,,,1,1
134124478,0.150000006,0,,,0,1.61978006,0.507234633,0.210944176,15.7667952,6,0,,,1,1
134125641,0.150000006,0,,,0,1.69230759,0.479836255,0.216075093,15.7258902,6,0,,,1,1
134126806,0.150000006,0,,,0,1.74871778,0.455245614,0.221461922,15.7804308,6,0,,,1,1
134127969,0.150000006,0,,,0,1.70036626,0.43305251,0.227124244,15.7258902,6,0,,,1,1
134129130,0.150000006,0,,,0,1.6358974,0.412922561,0.23308374,15.7622499,6,0,,,1,1
134130293,0.150000006,0,,,0,1.82930398,0.39458093,0.239364371,15.6986198,6,0,,,1,1
134131453,0.150000006,0,,,0,1.5553112,0.377799422,0.245992914,15.7577057,6,0,,,1,1
134132617,0.150000006,0,,,0,1.74871778,0.362387121,0.252998978,15.7122545,6,0,,,1,1
134133777,0.150000006,0,,,0,1.5553112,0.348183006,0.260415822,15.7577057,6,0,,,1,1
134134941,0.150000006,0,,,0,1.60366297,0.335050404,0.268280685,15.7349796,6,0,,,1,1
134136305,0.150000006,0,,,0,1.5553112,0.32287243,0.276635349,15.6758938,6,0,,,1,1
134137468,0.150000006,0,,,0,1.69230759,0.31154868,0.28552714,15.7258902,6,0,,,1,1
134138633,0.150000006,0,,,0,1.81318665,0.30099231,0.295009553,15.6304436,6,0,,,1,1
134139796,0.150000006,0,,,0,1.70036626,0.291127861,0.305143327,15.6849842,6,0,,,1,1
134140956,0.150000006,0,,,0,1.58754563,0.281889468,0.315998167,15.6622591,6,0,,,1,1
134142119,0.150000006,0,,,0,1.64395595,0.273219347,0.327653736,15.6940746,6,0,,,1,1
134143280,0.150000006,0,,,0,1.78095222,0.265066713,0.340202004,15.639534,6,0,,,1,1
134144443,0.150000006,0,,,0,1.66813183,0.257386476,0.353749782,15.6577139,6,0,,,1,1
134145603,0.150000006,0,,,0,1.72454202,0.25013876,0.368421227,15.6168089,6,0,,,1,1
134146766,0.150000006,0.458937168,,,0.76556772,0.902564049,0.247143582,0.375117123,15.825881,6,0,,,1,1
134147927,0.150000006,0.615384638,,,1.09597063,0.684981644,0.253605485,0.361149997,15.8349714,6,0,,,1,1
134149090,0.150000006,0.638297856,,,0.967032909,0.547985315,0.262543589,0.344450623,15.8349714,6,0,,,1,1
134150255,0.150000006,0.618834078,,,1.11208785,0.684981644,0.272134751,0.329227328,15.8304262,6,0,,,1,1
134151418,0.150000006,0.620512784,,,0.975091517,0.596336961,0.282453239,0.315292686,15.7986107,6,0,,,1,1
134152578,0.150000006,0.588832498,,,0.934798479,0.652747214,0.293585062,0.302489728,15.8349714,6,0,,,1,1
134153741,0.150000006,0.560209394,,,0.862271011,0.676923037,0.305630326,0.290685952,15.8077011,6,0,,,1,1
134154902,0.150000006,0.515789449,,,0.789743543,0.741391897,0.318706304,0.279768765,15.825881,6,0,,,1,1
134156065,0.150000006,0.471698105,,,0.805860758,0.902564049,0.332951128,0.269641936,15.7804308,6,0,,,1,1
134157429,0.150000006,0.457446814,,,0.693040252,0.821977973,0.348528922,0.260222644,15.825881,6,0,,,1,1
134158593,0.150000006,0.438914031,,,0.781684935,0.99926734,0.365635931,0.251439214,15.8122463,6,0,,,1,1
134159754,0.150000006,0.430000007,,,0.693040252,0.918681264,0.384508967,0.243229359,15.8213358,6,0,,,1,1
134160884,0.150000006,0.418604672,,,0.725274682,1.00732589,0.384508967,0.243229359,15.8031559,6,0,,,1,1
134162016,0.150000006,0,,,0,1.57142854,0.384508967,0.243229359,15.7213449,6,0,,,1,1
134163145,0.150000006,0,,,0,1.72454202,0.384508967,0.243229359,15.7304344,6,0,,,1,1
134164272,0.150000006,0,,,0,1.60366297,0.384508967,0.243229359,15.7531605,6,0,,,1,1
134165401,0.150000006,0,,,0,1.76483512,0.384508967,0.243229359,15.7395248,6,0,,,1,1
134166527,0.150000006,0,,,0,1.50695968,0.384508967,0.243229359,15.7531605,6,0,,,1,1
134167691,0.150000006,0,,,0,1.71648335,0.405436367,0.235538661,15.7440701,6,0,,,1,1
134168851,0.150000006,0,,,0,1.54725266,0.428772926,0.228319436,15.7077093,6,0,,,1,1
134170015,0.150000006,0,,,0,1.79706955,0.454959989,0.221529588,15.7531605,6,0,,,1,1
134171175,0.150000006,0,,,0,1.53113544,0.484553844,0.215131894,15.7304344,6,0,,,1,1
134172338,0.150000006,0,,,0,1.8051281,0.518265545,0.209093347,15.7804308,6,0,,,1,1
134173503,0.150000006,0,,,0,1.53113544,0.557018876,0.203384563,15.7486153,6,0,,,1,1
134174667,0.150000006,0,,,0,1.61172152,0.593930662,0.198871717,15.7667952,6,0,,,1,1
134175827,0.150000006,0,,,0,1.74871778,0.55671072,0.203425676,15.7167997,6,0,,,1,1
134176990,0.150000006,0,,,0,1.57142854,0.523879647,0.208193228,15.784976,6,0,,,1,1
134178355,0.150000006,0,,,0,1.78095222,0.494704932,0.213189706,15.7213449,6,0,,,1,1
134179518,0.150000006,0,,,0,1.54725266,0.468608111,0.21843192,15.784976,6,0,,,1,1
134180679,0.150000006,0,,,0,1.77289367,0.445126534,0.223938435,15.7440701,6,0,,,1,1
134181842,0.150000006,0,,,0,1.61172152,0.423886001,0.229729757,15.7622499,6,0,,,1,1
134183002,0.150000006,0,,,0,1.78095222,0.404580235,0.235828608,15.7486153,6,0,,,1,1
134184165,0.150000006,0,,,0,1.53919411,0.386956364,0.242260113,15.7122545,6,0,,,1,1
134185330,0.150000006,0,,,0,1.76483512,0.370803863,0.249052241,15.7486153,6,0,,,1,1
134186493,0.150000006,0,,,0,1.53919411,0.355945855,0.256236225,15.7122545,6,0,,,1,1
134187654,0.150000006,0,,,0,1.60366297,0.342232645,0.263846964,15.7349796,6,0,,,1,1
134188817,0.150000006,0,,,0,1.62783873,0.329536885,0.271923602,15.6622591,6,0,,,1,1
134189977,0.150000006,0,,,0,1.57948709,0.317749351,0.280510366,15.6986198,6,0,,,1,1
134191140,0.150000006,0,,,0,1.74065924,0.306775987,0.289657116,15.6668043,6,0,,,1,1
134192301,0.150000006,0,,,0,1.70842481,0.296535254,0.299420476,15.7031641,6,0,,,1,1
134193464,0.150000006,0,,,0,1.77289367,0.286956131,0.309864968,15.6577139,6,0,,,1,1
134194624,0.150000006,0,,,0,1.61978006,0.277976513,0.321064502,15.6940746,6,0,,,1,1
134195792,0.150000006,0,,,0,1.72454202,0.26954186,0.333103895,15.6440792,6,0,,,1,1
134196952,0.150000006,0,,,0,1.53113544,0.261603981,0.346081406,15.6849842,6,0,,,1,1
134198115,0.150000006,0,,,0,1.64395595,0.25412029,0.360111088,15.6577139,6,0,,,1,1
134199479,0.150000006,0.477611959,,,0.773626328,0.846153796,0.25119409,0.366155505,15.8077011,6,0,,,1,1
134200643,0.150000006,0.612440228,,,1.03150177,0.652747214,0.258196384,0.352231205,15.8349714,6,0,,,1,1
134201803,0.150000006,0.611374378,,,1.03956032,0.660805821,0.267466933,0.336328298,15.7986107,6,0,,,1,1
134202966,0.150000006,0.628865957,,,0.983150125,0.580219746,0.277428001,0.321799338,15.8167906,6,0,,,1,1
134204126,0.150000006,0.599033773,,,0.99926734,0.668864429,0.288159728,0.308473676,15.8167906,6,0,,,1,1
134205290,0.150000006,0.575916231,,,0.886446834,0.652747214,0.299755156,0.296207756,15.8440609,6,0,,,1,1
134206450,0.150000006,0.569378018,,,0.958974302,0.725274682,0.312322885,0.284879953,15.8213358,6,0,,,1,1
134207619,0.150000006,0.49751246,,,0.805860758,0.813919365,0.325990558,0.274386644,15.8122463,6,0,,,1,1
134208779,0.150000006,0.475770921,,,0.870329618,0.958974302,0.340909243,0.26463896,15.8031559,6,0,,,1,1
134209943,0.150000006,0.445026159,,,0.684981644,0.854212403,0.357258886,0.25556007,15.825881,6,0,,,1,1
134211103,0.150000006,0.433962256,,,0.741391897,0.967032909,0.375255734,0.247083426,15.825881,6,0,,,1,1
134212266,0.150000006,0.40206185,,,0.628571391,0.934798479,0.395161986,0.239151061,15.7895203,6,0,,,1,1
134213393,0.150000006,0.398058265,,,0.660805821,0.99926734,0.395161986,0.239151061,15.8077011,6,0,,,1,1
134214523,0.150000006,0,,,0,1.56336987,0.395161986,0.239151061,15.6668043,6,0,,,1,1
134215649,0.150000006,0,,,0,1.75677645,0.395161986,0.239151061,15.7486153,6,0,,,1,1
134216779,0.150000006,0,,,0,1.61978006,0.395161986,0.239151061,15.7031641,6,0,,,1,1
134217906,0.150000006,0,,,0,1.71648335,0.395161986,0.239151061,15.7531605,6,0,,,1,1
134219041,0.150000006,0,,,0,1.61978006,0.395161986,0.239151061,15.6986198,6,0,,,1,1
134220406,0.150000006,0,,,0,1.67619038,0.417298436,0.231712192,15.7486153,6,0,,,1,1
134221569,0.150000006,0,,,0,1.84542108,0.442062199,0.224722132,15.7258902,6,0,,,1,1
134222729,0.150000006,0,,,0,1.6358974,0.469950497,0.218141451,15.7577057,6,0,,,1,1
134223892,0.150000006,0,,,0,1.83736253,0.501594484,0.211935207,15.7167997,6,0,,,1,1
134225052,0.150000006,0,,,0,1.66007316,0.537807584,0.20607236,15.7758856,6,0,,,1,1
134226216,0.150000006,0,,,0,1.82930398,0.579656482,0.20052515,15.7667952,6,0,,,1,1
134227376,0.150000006,0,,,0,1.61978006,0.587906778,0.199556381,15.7667952,6,0,,,1,1
134228540,0.150000006,0,,,0,1.82124531,0.551414728,0.204142109,15.7713404,6,0,,,1,1
134229700,0.150000006,0,,,0,1.54725266,0.519187331,0.208943695,15.7258902,6,0,,,1,1
134230868,0.150000006,0,,,0,1.70036626,0.49051854,0.213976681,15.7895203,6,0,,,1,1
134232029,0.150000006,0,,,0,1.66813183,0.464850008,0.219258144,15.7258902,6,0,,,1,1
134233192,0.150000006,0,,,0,1.82124531,0.441734314,0.224806949,15.7531605,6,0,,,1,1
134234352,0.150000006,0,,,0,1.69230759,0.420808673,0.230643898,15.6986198,6,0,,,1,1
134235516,0.150000006,0,,,0,1.66813183,0.401775837,0.236792028,15.7486153,6,0,,,1,1
134236676,0.150000006,0,,,0,1.6358974,0.384390265,0.243276879,15.7213449,6,0,,,1,1
134237840,0.150000006,0,,,0,1.67619038,0.368446887,0.250126958,15.7440701,6,0,,,1,1
134239000,0.150000006,0,,,0,1.61978006,0.353773355,0.257373959,15.7167997,6,0,,,1,1
134240163,0.150000006,0,,,0,1.49084234,0.340223849,0.265053451,15.7304344,6,0,,,1,1
134241528,0.150000006,0,,,0,1.75677645,0.327673972,0.27320531,15.7122545,6,0,,,1,1
134242696,0.150000006,0,,,0,1.66007316,0.316017002,0.281874478,15.6758938,6,0,,,1,1
134243857,0.150000006,0,,,0,1.78901088,0.30516091,0.291111857,15.7122545,6,0,,,1,1
134245020,0.150000006,0,,,0,1.5956043,0.295025945,0.300975204,15.6622591,6,0,,,1,1
134246181,0.150000006,0,,,0,1.72454202,0.285542518,0.311530381,15.7077093,6,0,,,1,1
134247344,0.150000006,0,,,0,1.58754563,0.276649803,0.322852761,15.6440792,6,0,,,1,1
134248504,0.150000006,0,,,0,1.62783873,0.268294245,0.335029215,15.6668043,6,0,,,1,1
134249667,0.150000006,0,,,0,1.64395595,0.260428607,0.348160177,15.6258984,6,0,,,1,1
134250827,0.150000006,0,,,0,1.67619038,0.253011048,0.362362325,15.6668043,6,0,,,1,1
134251990,0.150000006,0.448717982,,,0.846153796,1.03956032,0.249857947,0.369032115,15.8167906,6,0,,,1,1
134253150,0.150000006,0.618811905,,,1.00732589,0.620512784,0.256306082,0.355811089,15.8122463,6,0,,,1,1
134254318,0.150000006,0.643518567,,,1.12014651,0.620512784,0.265439004,0.339590728,15.8167906,6,0,,,1,1
134255479,0.150000006,0.634408593,,,0.950915694,0.547985315,0.275246829,0.324784726,15.8349714,6,0,,,1,1
134256642,0.150000006,0.596059084,,,0.975091517,0.660805821,0.285807252,0.311215878,15.8486061,6,0,,,1,1
134257802,0.150000006,0.589473665,,,0.902564049,0.628571391,0.297210336,0.298735321,15.8213358,6,0,,,1,1
134258966,0.150000006,0.57209301,,,0.991208732,0.741391897,0.309561193,0.28721717,15.8213358,6,0,,,1,1
134260126,0.150000006,0.502673805,,,0.757509112,0.749450505,0.322983056,0.276554227,15.784976,6,0,,,1,1
134261290,0.150000006,0.487309664,,,0.773626328,0.813919365,0.33762154,0.26665464,15.8213358,6,0,,,1,1
134262654,0.150000006,0.448113203,,,0.76556772,0.942857087,0.353649944,0.257439345,15.8031559,6,0,,,1,1
134263817,0.150000006,0.421875,,,0.652747214,0.894505441,0.371276051,0.248839691,15.8304262,6,0,,,1,1
134264978,0.150000006,0.423963159,,,0.741391897,1.00732589,0.390751362,0.240795985,15.8077011,6,0,,,1,1
134266113,0.150000006,0.380710661,,,0.604395568,0.983150125,0.390751362,0.240795985,15.8167906,6,0,,,1,1
134267240,0.150000006,0,,,0,1.83736253,0.390751362,0.240795985,15.6713495,6,0,,,1,1
134268369,0.150000006,0,,,0,1.67619038,0.390751362,0.240795985,15.7531605,6,0,,,1,1
134269496,0.150000006,0,,,0,1.66007316,0.390751362,0.240795985,15.7167997,6,0,,,1,1
134270626,0.150000006,0,,,0,1.57142854,0.390751362,0.240795985,15.7758856,6,0,,,1,1
134271753,0.150000006,0,,,0,1.73260069,0.390751362,0.240795985,15.7440701,6,0,,,1,1
134272916,0.150000006,0,,,0,1.69230759,0.412382901,0.233256027,15.7213449,6,0,,,1,1
134274076,0.150000006,0,,,0,1.77289367,0.436549783,0.226173937,15.7304344,6,0,,,1,1
134275239,0.150000006,0,,,0,1.57142854,0.463725507,0.219509229,15.7122545,6,0,,,1,1
134276404,0.150000006,0,,,0,1.75677645,0.49450928,0.21322605,15.7667952,6,0,,,1,1
134277568,0.150000006,0,,,0,1.71648335,0.529670715,0.207292542,15.7349796,6,0,,,1,1
134278728,0.150000006,0,,,0,1.71648335,0.570215166,0.201680347,15.7577057,6,0,,,1,1
134279892,0.150000006,0,,,0,1.62783873,0.592541575,0.199027941,15.7304344,6,0,,,1,1
134281052,0.150000006,0,,,0,1.65201449,0.555490077,0.203589141,15.7895203,6,0,,,1,1
134282215,0.150000006,0,,,0,1.67619038,0.522798657,0.208364472,15.7577057,6,0,,,1,1
134283579,0.150000006,0,,,0,1.62783873,0.493740797,0.21336925,15.7804308,6,0,,,1,1
134284743,0.150000006,0,,,0,1.83736253,0.46774289,0.218620405,15.7577057,6,0,,,1,1
134285903,0.150000006,0,,,0,1.5553112,0.444345802,0.224136546,15.7258902,6,0,,,1,1
134287067,0.150000006,0,,,0,1.78095222,0.423177928,0.229938284,15.7531605,6,0,,,1,1
134288232,0.150000006,0,,,0,1.48278379,0.403935105,0.236048356,15.7440701,6,0,,,1,1
134289395,0.150000006,0,,,0,1.69230759,0.386366218,0.242492005,15.7395248,6,0,,,1,1
134290555,0.150000006,0,,,0,1.60366297,0.370261937,0.249297336,15.6940746,6,0,,,1,1
134291718,0.150000006,0,,,0,1.6358974,0.355446398,0.256495655,15.7213449,6,0,,,1,1
134292878,0.150000006,0,,,0,1.8051281,0.341770917,0.264122009,15.6940746,6,0,,,1,1
134294042,0.150000006,0,,,0,1.66007316,0.329108775,0.272215784,15.7395248,6,0,,,1,1
134295203,0.150000006,0,,,0,1.89377284,0.317351311,0.280821323,15.639534,6,0,,,1,1
134296367,0.150000006,0,,,0,1.6358974,0.306404948,0.289988697,15.7213449,6,0,,,1,1
134297527,0.150000006,0,,,0,1.71648335,0.296188533,0.299774796,15.6713495,6,0,,,1,1
134298691,0.150000006,0,,,0,1.6358974,0.286631435,0.310244471,15.7031641,6,0,,,1,1
134299856,0.150000006,0,,,0,1.70036626,0.277671844,0.32147187,15.6849842,6,0,,,1,1
134301019,0.150000006,0,,,0,1.60366297,0.26925537,0.333542466,15.639534,6,0,,,1,1
134302180,0.150000006,0,,,0,1.6358974,0.261334121,0.346554875,15.6531687,6,0,,,1,1
134303343,0.150000006,0,,,0,1.74065924,0.2538656,0.360623717,15.6122637,6,0,,,1,1
134304708,0.150000006,0.502369642,,,0.854212403,0.846153796,0.251163304,0.366220951,15.825881,6,0,,,1,1
134305871,0.150000006,0.620370388,,,1.07985342,0.660805821,0.25870508,0.351288885,15.8122463,6,0,,,1,1
134307031,0.150000006,0.631067932,,,1.04761899,0.612454176,0.268012881,0.335469037,15.8440609,6,0,,,1,1
134308195,0.150000006,0.610328674,,,1.04761899,0.668864429,0.278015405,0.321012616,15.8122463,6,0,,,1,1
134309356,0.150000006,0.612565398,,,0.942857087,0.596336961,0.288793504,0.307750702,15.8304262,6,0,,,1,1
134310520,0.150000006,0.583732069,,,0.983150125,0.701098859,0.300440997,0.295541048,15.8395166,6,0,,,1,1
134311685,0.150000006,0.546875,,,0.846153796,0.701098859,0.313067526,0.284263223,15.8395166,6,0,,,1,1
134312849,0.150000006,0.5,,,0.838095188,0.838095188,0.326801896,0.27381447,15.8304262,6,0,,,1,1
134314009,0.150000006,0.489130437,,,0.725274682,0.757509112,0.341796637,0.264106661,15.7804308,6,0,,,1,1
134315173,0.150000006,0.470297039,,,0.76556772,0.862271011,0.358233571,0.255063623,15.8213358,6,0,,,1,1
134316334,0.150000006,0.405405432,,,0.604395568,0.886446834,0.37633124,0.246619344,15.7986107,6,0,,,1,1
134317470,0.150000006,0.393034846,,,0.636629999,0.983150125,0.37633124,0.246619344,15.8213358,6,0,,,1,1
134318597,0.150000006,0,,,0,1.70036626,0.37633124,0.246619344,15.6486235,6,0,,,1,1
134319727,0.150000006,0,,,0,1.71648335,0.37633124,0.246619344,15.7258902,6,0,,,1,1
134320854,0.150000006,0,,,0,1.60366297,0.37633124,0.246619344,15.6940746,6,0,,,1,1
134321984,0.150000006,0,,,0,1.62783873,0.37633124,0.246619344,15.7304344,6,0,,,1,1
134323149,0.150000006,0,,,0,1.69230759,0.396354765,0.238716274,15.7077093,6,0,,,1,1
134324312,0.150000006,0,,,0,1.75677645,0.418628842,0.231304005,15.7622499,6,0,,,1,1
134325676,0.150000006,0,,,0,1.79706955,0.443555474,0.224338189,15.7304344,6,0,,,1,1
134326840,0.150000006,0,,,0,1.49890101,0.471638471,0.217779636,15.7713404,6,0,,,1,1
134328000,0.150000006,0,,,0,1.82124531,0.503517926,0.211593688,15.7440701,6,0,,,1,1
134329164,0.150000006,0,,,0,1.61978006,0.540019393,0.205749452,15.7349796,6,0,,,1,1
134330324,0.150000006,0,,,0,1.68424892,0.570998013,0.201582596,15.784976,6,0,,,1,1
134331487,0.150000006,0,,,0,1.54725266,0.53651613,0.206262618,15.7531605,6,0,,,1,1
134332647,0.150000006,0,,,0,1.70036626,0.505959332,0.211165518,15.7713404,6,0,,,1,1
134333810,0.150000006,0,,,0,1.6358974,0.478694707,0.216307357,15.7122545,6,0,,,1,1
134334975,0.150000006,0,,,0,1.65201449,0.45421803,0.221705914,15.7531605,6,0,,,1,1
134336139,0.150000006,0,,,0,1.66007316,0.432122529,0.227380902,15.7167997,6,0,,,1,1
134337299,0.150000006,0,,,0,1.68424892,0.41207698,0.233354032,15.7622499,6,0,,,1,1
134338462,0.150000006,0,,,0,1.67619038,0.393808722,0.239649445,15.7167997,6,0,,,1,1
134339622,0.150000006,0,,,0,1.57948709,0.377091467,0.246293962,15.7531605,6,0,,,1,1
134340785,0.150000006,0,,,0,1.68424892,0.361735672,0.253317446,15.7213449,6,0,,,1,1
134341945,0.150000006,0,,,0,1.56336987,0.347581595,0.260753244,15.7349796,6,0,,,1,1
134343108,0.150000006,0,,,0,1.83736253,0.334493458,0.268638819,15.7031641,6,0,,,1,1
134344269,0.150000006,0,,,0,1.51501822,0.322355181,0.277016193,15.7031641,6,0,,,1,1
134345437,0.150000006,0,,,0,1.65201449,0.311067075,0.285932839,15.7077093,6,0,,,1,1
134346801,0.150000006,0,,,0,1.69230759,0.300542772,0.295442641,15.6713495,6,0,,,1,1
134347965,0.150000006,0,,,0,1.66007316,0.29070726,0.305606782,15.7031641,6,0,,,1,1
134349125,0.150000006,0,,,0,1.78095222,0.281495154,0.31649515,15.6486235,6,0,,,1,1
134350289,0.150000006,0,,,0,1.72454202,0.272848904,0.328188092,15.6758938,6,0,,,1,1
134351449,0.150000006,0,,,0,1.78901088,0.264717966,0.340778172,15.6122637,6,0,,,1,1
134352613,0.150000006,0,,,0,1.57142854,0.257057667,0.35437271,15.6758938,6,0,,,1,1
134353774,0.150000006,0.00456620986,,,0.00805860758,1.75677645,0.24986805,0.369010121,15.6577139,6,0,,,1,1
134354937,0.150000006,0.5024876,,,0.813919365,0.805860758,0.247329637,0.374689311,15.7986107,6,0,,,1,1
134356098,0.150000006,0.635135174,,,1.13626361,0.652747214,0.254833281,0.358688891,15.8213358,6,0,,,1,1
134357266,0.150000006,0.629629672,,,0.958974302,0.56410253,0.263859689,0.342211157,15.8077011,6,0,,,1,1
134358426,0.150000006,0.613861382,,,0.99926734,0.628571391,0.27354905,0.327180862,15.825881,6,0,,,1,1
134359590,0.150000006,0.610328674,,,1.04761899,0.668864429,0.283977121,0.313415289,15.8077011,6,0,,,1,1
134360750,0.150000006,0.595959604,,,0.950915694,0.644688606,0.29523176,0.300761282,15.8213358,6,0,,,1,1
134361914,0.150000006,0.56221199,,,0.983150125,0.76556772,0.307415366,0.289089441,15.8167906,6,0,,,1,1
134363074,0.150000006,0.504999995,,,0.813919365,0.79780215,0.320647806,0.278289616,15.825881,6,0,,,1,1
134364237,0.150000006,0.480952382,,,0.813919365,0.878388226,0.33507067,0.268267661,15.7986107,6,0,,,1,1
134365398,0.150000006,0.460732967,,,0.709157467,0.830036581,0.350852102,0.258942485,15.8167906,6,0,,,1,1
134366561,0.150000006,0.436619729,,,0.749450505,0.967032909,0.368193597,0.250243813,15.8167906,6,0,,,1,1
134367925,0.150000006,0.40314135,,,0.620512784,0.918681264,0.387338519,0.242110565,15.784976,6,0,,,1,1
134369060,0.150000006,0.398058265,,,0.660805821,0.99926734,0.387338519,0.242110565,15.825881,6,0,,,1,1
134370186,0.150000006,0,,,0,1.69230759,0.387338519,0.242110565,15.6713495,6,0,,,1,1
134371316,0.150000006,0,,,0,1.74065924,0.387338519,0.242110565,15.7577057,6,0,,,1,1
134372443,0.150000006,0,,,0,1.62783873,0.387338519,0.242110565,15.6758938,6,0,,,1,1
134373572,0.150000006,0,,,0,1.75677645,0.387338519,0.242110565,15.7304344,6,0,,,1,1
134374699,0.150000006,0,,,0,1.57142854,0.387338519,0.242110565,15.7077093,6,0,,,1,1
134375863,0.150000006,0,,,0,1.61978006,0.408583581,0.234489366,15.7395248,6,0,,,1,1
134377023,0.150000006,0,,,0,1.76483512,0.432294428,0.227333337,15.7167997,6,0,,,1,1
134378186,0.150000006,0,,,0,1.6358974,0.458926767,0.220601141,15.7622499,6,0,,,1,1
134379347,0.150000006,0,,,0,1.82124531,0.489056021,0.214256182,15.7122545,6,0,,,1,1
134380515,0.150000006,0,,,0,1.62783873,0.523419321,0.20826602,15.7895203,6,0,,,1,1
134381675,0.150000006,0,,,0,1.84542108,0.562976599,0.202601716,15.7667952,6,0,,,1,1
134382839,0.150000006,0,,,0,1.61978006,0.593560934,0.198913217,15.7622499,6,0,,,1,1
134383999,0.150000006,0,,,0,1.71648335,0.556385815,0.203469098,15.7667952,6,0,,,1,1
134385162,0.150000006,0,,,0,1.48278379,0.523591936,0.208238706,15.7395248,6,0,,,1,1
134386322,0.150000006,0,,,0,1.62783873,0.494448274,0.213237375,15.784976,6,0,,,1,1
134387486,0.150000006,0,,,0,1.61978006,0.468377799,0.218481973,15.7077093,6,0,,,1,1
134388850,0.150000006,0,,,0,1.67619038,0.444918782,0.223991051,15.7940655,6,0,,,1,1
134390013,0.150000006,0,,,0,1.72454202,0.423697531,0.229785159,15.6986198,6,0,,,1,1
134391173,0.150000006,0,,,0,1.6358974,0.404408514,0.235886991,15.7667952,6,0,,,1,1
134392341,0.150000006,0,,,0,1.73260069,0.386799335,0.242321685,15.7213449,6,0,,,1,1
134393501,0.150000006,0,,,0,1.64395595,0.370659679,0.24911733,15.7486153,6,0,,,1,1
134394665,0.150000006,0,,,0,1.77289367,0.355812937,0.256305128,15.7304344,6,0,,,1,1
134395825,0.150000006,0,,,0,1.49890101,0.34210977,0.263920009,15.6986198,6,0,,,1,1
134396988,0.150000006,0,,,0,1.71648335,0.329422951,0.272001207,15.7258902,6,0,,,1,1
134398148,0.150000006,0,,,0,1.69230759,0.317643464,0.280592978,15.6713495,6,0,,,1,1
134399311,0.150000006,0,,,0,1.69230759,0.306677252,0.289745152,15.6895294,6,0,,,1,1
134400471,0.150000006,0,,,0,1.71648335,0.296443045,0.299514532,15.6349888,6,0,,,1,1
134401634,0.150000006,0,,,0,1.69230759,0.286869764,0.30996573,15.6895294,6,0,,,1,1
134402794,0.150000006,0,,,0,1.66813183,0.27789548,0.321172684,15.6758938,6,0,,,1,1
134403962,0.150000006,0,,,0,1.5956043,0.269465685,0.333220333,15.6758938,6,0,,,1,1
134405123,0.150000006,0,,,0,1.74871778,0.261532217,0.346207082,15.6122637,6,0,,,1,1
134406286,0.150000006,0,,,0,1.6358974,0.25405255,0.360247225,15.6668043,6,0,,,1,1
134407446,0.150000006,0.453389823,,,0.862271011,1.03956032,0.250914663,0.366750866,15.8304262,6,0,,,1,1
134408814,0.150000006,0.618090451,,,0.991208732,0.612454176,0.257499009,0.353537381,15.8077011,6,0,,,1,1
134409974,0.150000006,0.636815965,,,1.03150177,0.588278353,0.266718656,0.33751899,15.8304262,6,0,,,1,1
134411138,0.150000006,0.609302342,,,1.05567765,0.676923037,0.27662304,0.322889209,15.7986107,6,0,,,1,1
134412298,0.150000006,0.603960395,,,0.983150125,0.644688606,0.287291378,0.309475005,15.825881,6,0,,,1,1
134413462,0.150000006,0.567307711,,,0.950915694,0.725274682,0.298815638,0.297130942,15.825881,6,0,,,1,1
134414623,0.150000006,0.560386479,,,0.934798479,0.73333329,0.311303049,0.285733759,15.8440609,6,0,,,1,1
134415791,0.150000006,0.50666666,,,0.918681264,0.894505441,0.324879706,0.275178641,15.8031559,6,0,,,1,1
134416951,0.150000006,0.479166657,,,0.741391897,0.805860758,0.33969456,0.265375584,15.8167906,6,0,,,1,1
134418114,0.150000006,0.440758288,,,0.749450505,0.950915694,0.355925143,0.256246954,15.8213358,6,0,,,1,1
134419275,0.150000006,0.415384591,,,0.652747214,0.918681264,0.373784512,0.247725457,15.7986107,6,0,,,1,1
134420438,0.150000006,0.429906547,,,0.741391897,0.983150125,0.393530846,0.239752457,15.8077011,6,0,,,1,1
134421565,0.150000006,0.391534418,,,0.596336961,0.926739872,0.393530846,0.239752457,15.7804308,6,0,,,1,1
134422695,0.150000006,0,,,0,1.73260069,0.393530846,0.239752457,15.7122545,6,0,,,1,1
134423822,0.150000006,0,,,0,1.57948709,0.393530846,0.239752457,15.7395248,6,0,,,1,1
134424951,0.150000006,0,,,0,1.74065924,0.393530846,0.239752457,15.7486153,6,0,,,1,1
134426083,0.150000006,0,,,0,1.61978006,0.393530846,0.239752457,15.7258902,6,0,,,1,1
134427212,0.150000006,0,,,0,1.64395595,0.393530846,0.239752457,15.7122545,6,0,,,1,1
134428373,0.150000006,0,,,0,1.78901088,0.415479869,0.232276708,15.6758938,6,0,,,1,1
134429536,0.150000006,0,,,0,1.66813183,0.440021902,0.22525309,15.7395248,6,0,,,1,1
134430900,0.150000006,0,,,0,1.76483512,0.467645317,0.218641713,15.7122545,6,0,,,1,1
134432063,0.150000006,0,,,0,1.58754563,0.498969287,0.21240738,15.784976,6,0,,,1,1
134433223,0.150000006,0,,,0,1.70842481,0.534790814,0.206518739,15.7804308,6,0,,,1,1
134434387,0.150000006,0,,,0,1.57948709,0.576153457,0.200947806,15.7577057,6,0,,,1,1
134435547,0.150000006,0,,,0,1.73260069,0.583852112,0.200027898,15.7713404,6,0,,,1,1
134436710,0.150000006,0,,,0,1.57142854,0.547846317,0.204635575,15.7258902,6,0,,,1,1
134437875,0.150000006,0,,,0,1.76483512,0.516022623,0.209460676,15.784976,6,0,,,1,1
134439039,0.150000006,0,,,0,1.62783873,0.487692684,0.21451889,15.7167997,6,0,,,1,1
134440199,0.150000006,0,,,0,1.66813183,0.462311447,0.219827488,15.7440701,6,0,,,1,1
134441362,0.150000006,0,,,0,1.76483512,0.439441323,0.225405514,15.7258902,6,0,,,1,1
134442523,0.150000006,0,,,0,1.61172152,0.418727249,0.231273994,15.7758856,6,0,,,1,1
134443685,0.150000006,0,,,0,1.78095222,0.399878055,0.237456203,15.7258902,6,0,,,1,1
134444846,0.150000006,0,,,0,1.60366297,0.382652819,0.243977994,15.7440701,6,0,,,1,1
134446009,0.150000006,0,,,0,1.78095222,0.366850257,0.250868142,15.7258902,6,0,,,1,1
134447169,0.150000006,0,,,0,1.56336987,0.352301121,0.258158833,15.7440701,6,0,,,1,1
134448332,0.150000006,0,,,0,1.79706955,0.338862032,0.265885919,15.7122545,6,0,,,1,1
134449497,0.150000006,0,,,0,1.61172152,0.326410562,0.274089813,15.6849842,6,0,,,1,1
134450864,0.150000006,0,,,0,1.72454202,0.314841717,0.282816142,15.7031641,6,0,,,1,1
134452025,0.150000006,0,,,0,1.67619038,0.30406487,0.292116374,15.6622591,6,0,,,1,1
134453188,0.150000006,0,,,0,1.72454202,0.2940014,0.302049041,15.7077093,6,0,,,1,1
134454348,0.150000006,0,,,0,1.75677645,0.284582675,0.31268099,15.6531687,6,0,,,1,1
134455512,0.150000006,0,,,0,1.61172152,0.27574867,0.324088722,15.6713495,6,0,,,1,1
134456672,0.150000006,0,,,0,1.8051281,0.267446667,0.336360335,15.639534,6,0,,,1,1
134457836,0.150000006,0,,,0,1.61172152,0.259629935,0.349597901,15.6758938,6,0,,,1,1
134458996,0.150000006,0.00448430469,,,0.00805860758,1.78901088,0.252297014,0.363837093,15.6622591,6,0,,,1,1
134460160,0.150000006,0.5,,,0.805860758,0.805860758,0.249686152,0.369407535,15.7986107,6,0,,,1,1
134461325,0.150000006,0.614678919,,,1.07985342,0.676923037,0.257099062,0.354294121,15.8486061,6,0,,,1,1
134462488,0.150000006,0.615384638,,,1.03150177,0.644688606,0.266289592,0.338208616,15.8031559,6,0,,,1,1
134463649,0.150000006,0.621890545,,,1.00732589,0.612454176,0.276161551,0.323520303,15.8213358,6,0,,,1,1
134464812,0.150000006,0.597014964,,,0.967032909,0.652747214,0.286793619,0.310054719,15.8122463,6,0,,,1,1
134465973,0.150000006,0.578947365,,,0.886446834,0.644688606,0.29827714,0.297665209,15.8395166,6,0,,,1,1
134467136,0.150000006,0.560000002,,,1.01538455,0.79780215,0.310718685,0.286227852,15.8031559,6,0,,,1,1
134468296,0.150000006,0.510204077,,,0.805860758,0.773626328,0.324243277,0.275636882,15.8122463,6,0,,,1,1
134469459,0.150000006,0.481481493,,,0.838095188,0.902564049,0.338998854,0.265801728,15.8167906,6,0,,,1,1
134470619,0.150000006,0.449760795,,,0.757509112,0.926739872,0.355161428,0.256644219,15.8167906,6,0,,,1,1
134471987,0.150000006,0.427860707,,,0.693040252,0.926739872,0.372942328,0.248096749,15.8167906,6,0,,,1,1
134473152,0.150000006,0.390476197,,,0.660805821,1.03150177,0.392597437,0.24010025,15.7895203,6,0,,,1,1
134474282,0.150000006,0.391509444,,,0.668864429,1.03956032,0.392597437,0.24010025,15.7940655,6,0,,,1,1
134475408,0.150000006,0,,,0,1.76483512,0.392597437,0.24010025,15.6486235,6,0,,,1,1
134476538,0.150000006,0,,,0,1.71648335,0.392597437,0.24010025,15.7622499,6,0,,,1,1
134477664,0.150000006,0,,,0,1.72454202,0.392597437,0.24010025,15.7122545,6,0,,,1,1
134478794,0.150000006,0,,,0,1.70036626,0.392597437,0.24010025,15.7622499,6,0,,,1,1
134479920,0.150000006,0,,,0,1.84542108,0.392597437,0.24010025,15.7122545,6,0,,,1,1
134481083,0.150000006,0,,,0,1.70842481,0.414439559,0.232603118,15.7440701,6,0,,,1,1
134482244,0.150000006,0,,,0,1.81318665,0.438855261,0.225560009,15.7167997,6,0,,,1,1
134483407,0.150000006,0,,,0,1.67619038,0.466327786,0.2189309,15.7667952,6,0,,,1,1
134484572,0.150000006,0,,,0,1.94212437,0.497469634,0.212680325,15.7531605,6,0,,,1,1
134485735,0.150000006,0,,,0,1.53113544,0.533068478,0.206776738,15.7395248,6,0,,,1,1
134486895,0.150000006,0,,,0,1.74065924,0.574154913,0.201192036,15.7667952,6,0,,,1,1
134488058,0.150000006,0,,,0,1.50695968,0.582243383,0.200217411,15.7486153,6,0,,,1,1
134489219,0.150000006,0,,,0,1.68424892,0.546429634,0.20483394,15.7986107,6,0,,,1,1
134490382,0.150000006,0,,,0,1.5553112,0.514765561,0.209668517,15.7167997,6,0,,,1,1
134491542,0.150000006,0,,,0,1.66007316,0.486569643,0.214736924,15.7667952,6,0,,,1,1
134492910,0.150000006,0,,,0,1.78901088,0.461302131,0.220056444,15.6895294,6,0,,,1,1
134494070,0.150000006,0,,,0,1.61172152,0.438529313,0.225646228,15.7804308,6,0,,,1,1
134495237,0.150000006,0,,,0,1.8051281,0.417899132,0.231527388,15.7395248,6,0,,,1,1
134496397,0.150000006,0,,,0,1.61978006,0.399122715,0.23772338,15.7440701,6,0,,,1,1
134497561,0.150000006,0,,,0,1.73260069,0.381961077,0.244260058,15.7349796,6,0,,,1,1
134498721,0.150000006,0,,,0,1.57142854,0.366214424,0.251166373,15.7122545,6,0,,,1,1
134499884,0.150000006,0,,,0,1.67619038,0.35171473,0.258474618,15.7349796,6,0,,,1,1
134501044,0.150000006,0,,,0,1.66007316,0.33831948,0.266220897,15.6622591,6,0,,,1,1
134502208,0.150000006,0,,,0,1.66813183,0.325907111,0.274445802,15.6986198,6,0,,,1,1
134503368,0.150000006,0,,,0,1.77289367,0.314373314,0.283195168,15.6713495,6,0,,,1,1
134504531,0.150000006,0,,,0,1.66813183,0.303627938,0.292520791,15.7122545,6,0,,,1,1
134505691,0.150000006,0,,,0,1.86959696,0.29359284,0.302481443,15.6577139,6,0,,,1,1
134506859,0.150000006,0,,,0,1.57142854,0.284199864,0.313144416,15.7031641,6,0,,,1,1
134508019,0.150000006,0,,,0,1.66007316,0.275389314,0.32458654,15.680439,6,0,,,1,1
134509182,0.150000006,0,,,0,1.61978006,0.267108589,0.336896658,15.6622591,6,0,,,1,1
134510342,0.150000006,0,,,0,1.74871778,0.259311318,0.350177228,15.6577139,6,0,,,1,1
134511506,0.150000006,0,,,0,1.61172152,0.251956344,0.364547879,15.6168089,6,0,,,1,1
134512666,0.150000006,0.43577981,,,0.76556772,0.991208732,0.248717442,0.371548563,15.825881,6,0,,,1,1
134514033,0.150000006,0.61572051,,,1.13626361,0.709157467,0.254840314,0.358675003,15.8122463,6,0,,,1,1
134515193,0.150000006,0.635467947,,,1.03956032,0.596336961,0.263867229,0.342198491,15.8349714,6,0,,,1,1
134516356,0.150000006,0.635135174,,,1.13626361,0.652747214,0.273557127,0.327169269,15.8077011,6,0,,,1,1
134517517,0.150000006,0.597087383,,,0.991208732,0.668864429,0.283985823,0.313404679,15.825881,6,0,,,1,1
134518685,0.150000006,0.587443948,,,1.05567765,0.741391897,0.295241207,0.300751507,15.8440609,6,0,,,1,1
134519845,0.150000006,0.568421066,,,0.870329618,0.660805821,0.307425559,0.289080411,15.8122463,6,0,,,1,1
134521009,0.150000006,0.509259284,,,0.886446834,0.854212403,0.320658922,0.278281242,15.8122463,6,0,,,1,1
134522169,0.150000006,0.478947371,,,0.73333329,0.79780215,0.335082799,0.268259883,15.784976,6,0,,,1,1
134523332,0.150000006,0.455882341,,,0.749450505,0.894505441,0.350865424,0.258935243,15.8213358,6,0,,,1,1
134524492,0.150000006,0.430555552,,,0.749450505,0.991208732,0.368208259,0.250237048,15.784976,6,0,,,1,1
134525655,0.150000006,0.416243672,,,0.660805821,0.926739872,0.387354732,0.242104232,15.7986107,6,0,,,1,1
134526783,0.150000006,0.391304344,,,0.652747214,1.01538455,0.387354732,0.242104232,15.8031559,6,0,,,1,1
134527912,0.150000006,0,,,0,1.5956043,0.387354732,0.242104232,15.7031641,6,0,,,1,1
134529039,0.150000006,0,,,0,1.74871778,0.387354732,0.242104232,15.7213449,6,0,,,1,1
134530174,0.150000006,0,,,0,1.62783873,0.387354732,0.242104232,15.7167997,6,0,,,1,1
134531301,0.150000006,0,,,0,1.8051281,0.387354732,0.242104232,15.7031641,6,0,,,1,1
134532431,0.150000006,0,,,0,1.66007316,0.387354732,0.242104232,15.7440701,6,0,,,1,1
134533591,0.150000006,0,,,0,1.74065924,0.408601612,0.234483421,15.7258902,6,0,,,1,1
134534958,0.150000006,0,,,0,1.57142854,0.432314605,0.227327749,15.7167997,6,0,,,1,1
134536118,0.150000006,0,,,0,1.85347974,0.458949536,0.220595881,15.7531605,6,0,,,1,1
134537282,0.150000006,0,,,0,1.61978006,0.48908186,0.214251235,15.7258902,6,0,,,1,1
134538442,0.150000006,0,,,0,1.74871778,0.523448944,0.208261341,15.7531605,6,0,,,1,1
134539605,0.150000006,0,,,0,1.64395595,0.563010871,0.202597275,15.7486153,6,0,,,1,1
134540765,0.150000006,0,,,0,1.68424892,0.584093332,0.199999601,15.7940655,6,0,,,1,1
134541933,0.150000006,0,,,0,1.8051281,0.548058689,0.204605952,15.7258902,6,0,,,1,1
134543094,0.150000006,0,,,0,1.6358974,0.516210914,0.209429666,15.7804308,6,0,,,1,1
134544258,0.150000006,0,,,0,1.9743588,0.487861007,0.214486346,15.7395248,6,0,,,1,1
134545418,0.150000006,0,,,0,1.58754563,0.462462693,0.21979332,15.7577057,6,0,,,1,1
134546582,0.150000006,0,,,0,1.74065924,0.439577907,0.225369602,15.7440701,6,0,,,1,1
134547742,0.150000006,0,,,0,1.56336987,0.418851316,0.23123616,15.7167997,6,0,,,1,1
134548905,0.150000006,0,,,0,1.87765551,0.399991184,0.237416327,15.7667952,6,0,,,1,1
134550065,0.150000006,0,,,0,1.5956043,0.382756382,0.243935898,15.7122545,6,0,,,1,1
134551228,0.150000006,0,,,0,1.66813183,0.366945475,0.250823647,15.7213449,6,0,,,1,1
134552389,0.150000006,0,,,0,1.66813183,0.352388918,0.258111686,15.7122545,6,0,,,1,1
134553557,0.150000006,0,,,0,1.57948709,0.338943243,0.265835911,15.7304344,6,0,,,1,1
134554717,0.150000006,0,,,0,1.82124531,0.326485932,0.274036705,15.6668043,6,0,,,1,1
134556084,0.150000006,0,,,0,1.60366297,0.314911842,0.282759607,15.6713495,6,0,,,1,1
134557245,0.150000006,0,,,0,1.89377284,0.304130256,0.292056024,15.6895294,6,0,,,1,1
134558408,0.150000006,0,,,0,1.58754563,0.294062495,0.301984549,15.6622591,6,0,,,1,1
134559569,0.150000006,0,,,0,1.74871778,0.284639925,0.312611908,15.6758938,6,0,,,1,1
134560732,0.150000006,0,,,0,1.6358974,0.275802463,0.324014455,15.6440792,6,0,,,1,1
134561892,0.150000006,0,,,0,1.6358974,0.267497241,0.336280376,15.6713495,6,0,,,1,1
134563055,0.150000006,0,,,0,1.77289367,0.259677589,0.349511504,15.6213531,6,0,,,1,1
134564215,0.150000006,0,,,0,1.68424892,0.25230214,0.363826394,15.6668043,6,0,,,1,1
134565383,0.150000006,0.510548532,,,0.975091517,0.934798479,0.249704063,0.369368315,15.8167906,6,0,,,1,1
134566544,0.150000006,0.619047642,,,1.04761899,0.644688606,0.257297873,0.353917211,15.8213358,6,0,,,1,1
134567707,0.150000006,0.630136967,,,1.11208785,0.652747214,0.266502887,0.337865144,15.8349714,6,0,,,1,1
134568868,0.150000006,0.628140688,,,1.00732589,0.596336961,0.27639097,0.323206007,15.8031559,6,0,,,1,1
134570031,0.150000006,0.605769217,,,1.01538455,0.660805821,0.287041068,0.309766024,15.8395166,6,0,,,1,1
134571191,0.150000006,0.568627477,,,0.934798479,0.709157467,0.298544794,0.297399163,15.8167906,6,0,,,1,1
134572354,0.150000006,0.570093453,,,0.983150125,0.741391897,0.311009139,0.285981804,15.8122463,6,0,,,1,1
134573514,0.150000006,0.502283096,,,0.886446834,0.878388226,0.324559599,0.275408685,15.7986107,6,0,,,1,1
134574678,0.150000006,0.466346145,,,0.781684935,0.894505441,0.339344621,0.265589535,15.8304262,6,0,,,1,1
134575843,0.150000006,0.445454538,,,0.789743543,0.983150125,0.355540991,0.256446451,15.8031559,6,0,,,1,1
134577210,0.150000006,0.422680408,,,0.660805821,0.902564049,0.373360872,0.247911885,15.8122463,6,0,,,1,1
134578371,0.150000006,0.401869148,,,0.693040252,1.03150177,0.39306128,0.239927083,15.8077011,6,0,,,1,1
134579500,0.150000006,0.376963347,,,0.580219746,0.958974302,0.39306128,0.239927083,15.7804308,6,0,,,1,1
134580627,0.150000006,0,,,0,1.5956043,0.39306128,0.239927083,15.7167997,6,0,,,1,1
134581756,0.150000006,0,,,0,1.66813183,0.39306128,0.239927083,15.7304344,6,0,,,1,1
134582883,0.150000006,0,,,0,1.61172152,0.39306128,0.239927083,15.7349796,6,0,,,1,1
134584012,0.150000006,0,,,0,1.74871778,0.39306128,0.239927083,15.6849842,6,0,,,1,1
134585139,0.150000006,0,,,0,1.62783873,0.39306128,0.239927083,15.7213449,6,0,,,1,1
134586302,0.150000006,0,,,0,1.74065924,0.41495648,0.232440621,15.6895294,6,0,,,1,1
134587467,0.150000006,0,,,0,1.78901088,0.439434916,0.225407213,15.7577057,6,0,,,1,1
134588631,0.150000006,0,,,0,1.81318665,0.466982365,0.21878694,15.7031641,6,0,,,1,1
134589791,0.150000006,0,,,0,1.6358974,0.498214632,0.212544441,15.7667952,6,0,,,1,1
134590955,0.150000006,0,,,0,1.67619038,0.533924043,0.206648305,15.7486153,6,0,,,1,1
134592115,0.150000006,0,,,0,1.56336987,0.57514751,0.201070473,15.7758856,6,0,,,1,1
134593279,0.150000006,0,,,0,1.70036626,0.583571732,0.20006083,15.7486153,6,0,,,1,1
134594439,0.150000006,0,,,0,1.57142854,0.547599316,0.204670057,15.7486153,6,0,,,1,1
134595602,0.150000006,0,,,0,1.70036626,0.515803456,0.209496811,15.7667952,6,0,,,1,1
134596762,0.150000006,0,,,0,1.75677645,0.487496942,0.214556783,15.7077093,6,0,,,1,1
134598129,0.150000006,0,,,0,1.67619038,0.462135553,0.219867289,15.7758856,6,0,,,1,1
134599295,0.150000006,0,,,0,1.93406582,0.439282387,0.225447357,15.7077093,6,0,,,1,1
134600458,0.150000006,0,,,0,1.61978006,0.418582916,0.231318042,15.7804308,6,0,,,1,1
134601618,0.150000006,0,,,0,1.82930398,0.399746448,0.237502635,15.7486153,6,0,,,1,1
134602781,0.150000006,0,,,0,1.64395595,0.382532269,0.244027019,15.7167997,6,0,,,1,1
134603941,0.150000006,0,,,0,1.70036626,0.366739452,0.250919998,15.7440701,6,0,,,1,1
134605104,0.150000006,0,,,0,1.65201449,0.352198958,0.258213699,15.7031641,6,0,,,1,1
134606265,0.150000006,0,,,0,1.78901088,0.338767499,0.265944123,15.7077093,6,0,,,1,1
134607428,0.150000006,0,,,0,1.62783873,0.326322854,0.274151713,15.6668043,6,0,,,1,1
134608588,0.150000006,0,,,0,1.72454202,0.314760119,0.282882035,15.7122545,6,0,,,1,1
134609751,0.150000006,0,,,0,1.8051281,0.303988755,0.292186648,15.6486235,6,0,,,1,1
134610916,0.150000006,0,,,0,1.64395595,0.293930203,0.302124232,15.6986198,6,0,,,1,1
134612079,0.150000006,0,,,0,1.78901088,0.284515977,0.312761545,15.6577139,6,0,,,1,1
134613239,0.150000006,0,,,0,1.61172152,0.275686085,0.324175239,15.680439,6,0,,,1,1
134614402,0.150000006,0,,,0,1.76483512,0.267387778,0.336453557,15.6258984,6,0,,,1,1
134615563,0.150000006,0,,,0,1.58754563,0.259574413,0.349698603,15.6349888,6,0,,,1,1
134616726,0.150000006,0,,,0,1.67619038,0.252204746,0.364029139,15.6486235,6,0,,,1,1
134617887,0.150000006,0.448132783,,,0.870329618,1.07179475,0.249066487,0.370772272,15.7895203,6,0,,,1,1
134619254,0.150000006,0.615384638,,,1.03150177,0.644688606,0.255431294,0.357510775,15.8167906,6,0,,,1,1
134620414,0.150000006,0.623893797,,,1.13626361,0.684981644,0.264500886,0.341138631,15.8122463,6,0,,,1,1
134621578,0.150000006,0.624338627,,,0.950915694,0.572161138,0.274238229,0.326200336,15.8440609,6,0,,,1,1
134622743,0.150000006,0.590476215,,,0.99926734,0.693040252,0.284719914,0.312515438,15.8304262,6,0,,,1,1
134623906,0.150000006,0.583756387,,,0.926739872,0.660805821,0.296034724,0.299932539,15.784976,6,0,,,1,1
134625067,0.150000006,0.570754707,,,0.975091517,0.73333329,0.308286041,0.288323671,15.8304262,6,0,,,1,1
134626230,0.150000006,0.495098025,,,0.813919365,0.830036581,0.321595192,0.277579933,15.7895203,6,0,,,1,1
134627390,0.150000006,0.488038301,,,0.821977973,0.862271011,0.336105317,0.267608136,15.7986107,6,0,,,1,1
134628554,0.150000006,0.455357134,,,0.821977973,0.983150125,0.351986676,0.258327931,15.7895203,6,0,,,1,1
134629714,0.150000006,0.414634168,,,0.684981644,0.967032909,0.369443327,0.249669835,15.8213358,6,0,,,1,1
134630878,0.150000006,0.421739161,,,0.781684935,1.07179475,0.388721824,0.241573244,15.7986107,6,0,,,1,1
134632005,0.150000006,0.400966167,,,0.668864429,0.99926734,0.388721824,0.241573244,15.8167906,6,0,,,1,1
134633135,0.150000006,0,,,0,1.78901088,0.388721824,0.241573244,15.6895294,6,0,,,1,1
134634266,0.150000006,0,,,0,1.66813183,0.388721824,0.241573244,15.7622499,6,0,,,1,1
134635396,0.150000006,0,,,0,1.73260069,0.388721824,0.241573244,15.7304344,6,0,,,1,1
134636523,0.150000006,0,,,0,1.61978006,0.388721824,0.241573244,15.7031641,6,0,,,1,1
134637653,0.150000006,0,,,0,1.78095222,0.388721824,0.241573244,15.7304344,6,0,,,1,1
134638814,0.150000006,0,,,0,1.61172152,0.41012308,0.23398529,15.6940746,6,0,,,1,1
134640182,0.150000006,0,,,0,1.73260069,0.434018165,0.226859525,15.7304344,6,0,,,1,1
134641342,0.150000006,0,,,0,1.76483512,0.460869908,0.220154956,15.7077093,6,0,,,1,1
134642506,0.150000006,0,,,0,1.61978006,0.4912633,0.213835284,15.7758856,6,0,,,1,1
134643666,0.150000006,0,,,0,1.68424892,0.525948465,0.207868293,15.7167997,6,0,,,1,1
134644833,0.150000006,0,,,0,1.71648335,0.565903544,0.202225313,15.7804308,6,0,,,1,1
134645993,0.150000006,0,,,0,1.82124531,0.579150438,0.200585797,15.7622499,6,0,,,1,1
134647156,0.150000006,0,,,0,1.61978006,0.543704748,0.205219477,15.7349796,6,0,,,1,1
134648316,0.150000006,0,,,0,1.74871778,0.512346506,0.210072502,15.7667952,6,0,,,1,1
134649480,0.150000006,0,,,0,1.6358974,0.484407932,0.215160668,15.7486153,6,0,,,1,1
134650641,0.150000006,0,,,0,1.75677645,0.459358633,0.220501482,15.7577057,6,0,,,1,1
134651804,0.150000006,0,,,0,1.60366297,0.436772585,0.226114184,15.7122545,6,0,,,1,1
134652965,0.150000006,0,,,0,1.72454202,0.416303456,0.232020095,15.7804308,6,0,,,1,1
134654128,0.150000006,0,,,0,1.73260069,0.397667021,0.238242805,15.6940746,6,0,,,1,1
134655288,0.150000006,0,,,0,1.66813183,0.380627662,0.24480848,15.7531605,6,0,,,1,1
134656457,0.150000006,0,,,0,1.82124531,0.364988476,0.251746297,15.7258902,6,0,,,1,1
134657617,0.150000006,0,,,0,1.72454202,0.350583792,0.259088814,15.7077093,6,0,,,1,1
134658780,0.150000006,0,,,0,1.90988994,0.337272912,0.266872525,15.6895294,6,0,,,1,1
134659941,0.150000006,0,,,0,1.65201449,0.324935794,0.275138408,15.680439,6,0,,,1,1
134661308,0.150000006,0,,,0,1.71648335,0.31346944,0.283932686,15.6986198,6,0,,,1,1
134662468,0.150000006,0,,,0,1.70842481,0.302784711,0.293307722,15.7031641,6,0,,,1,1
134663631,0.150000006,0,,,0,1.65201449,0.29280439,0.303322971,15.7077093,6,0,,,1,1
134664791,0.150000006,0,,,0,1.74871778,0.283461004,0.314046353,15.6622591,6,0,,,1,1
134665954,0.150000006,0,,,0,1.65201449,0.274695486,0.325555772,15.680439,6,0,,,1,1
134667114,0.150000006,0,,,0,1.86153841,0.266455799,0.337940902,15.6577139,6,0,,,1,1
134668282,0.150000006,0,,,0,1.51501822,0.25869602,0.351305574,15.6258984,6,0,,,1,1
134669442,0.150000006,0,,,0,1.81318665,0.251375437,0.365770906,15.6713495,6,0,,,1,1
134670606,0.150000006,0.47926268,,,0.838095188,0.910622656,0.248526022,0.371976495,15.8077011,6,0,,,1,1
134671766,0.150000006,0.628571451,,,1.0637362,0.628571391,0.255555868,0.357267082,15.8077011,6,0,,,1,1
134672930,0.150000006,0.632352889,,,1.03956032,0.604395568,0.26463443,0.340916723,15.8395166,6,0,,,1,1
134674091,0.150000006,0.611374378,,,1.03956032,0.660805821,0.274381816,0.325997442,15.8349714,6,0,,,1,1
134675254,0.150000006,0.603524208,,,1.10402918,0.725274682,0.284874707,0.312329203,15.8077011,6,0,,,1,1
134676415,0.150000006,0.583333313,,,0.958974302,0.684981644,0.296202034,0.299760997,15.8349714,6,0,,,1,1
134677578,0.150000006,0.557522118,,,1.01538455,0.805860758,0.308467478,0.288165122,15.8349714,6,0,,,1,1
134678739,0.150000006,0.509900987,,,0.830036581,0.79780215,0.321792632,0.277433008,15.7804308,6,0,,,1,1
134679907,0.150000006,0.484375,,,0.749450505,0.79780215,0.336320996,0.267471582,15.8304262,6,0,,,1,1
134681068,0.150000006,0.449275345,,,0.749450505,0.918681264,0.352223217,0.258200675,15.7758856,6,0,,,1,1
134682435,0.150000006,0.43069306,,,0.701098859,0.926739872,0.369703919,0.249550924,15.825881,6,0,,,1,1
134683595,0.150000006,0.427272737,,,0.757509112,1.01538455,0.38901034,0.241461933,15.7895203,6,0,,,1,1
134684725,0.150000006,0.40487805,,,0.668864429,0.983150125,0.38901034,0.241461933,15.8167906,6,0,,,1,1
134685852,0.150000006,0,,,0,1.89377284,0.38901034,0.241461933,15.6713495,6,0,,,1,1
134686981,0.150000006,0,,,0,1.67619038,0.38901034,0.241461933,15.7577057,6,0,,,1,1
134688108,0.150000006,0,,,0,1.74871778,0.38901034,0.241461933,15.6895294,6,0,,,1,1
134689237,0.150000006,0,,,0,1.68424892,0.38901034,0.241461933,15.7122545,6,0,,,1,1
134690364,0.150000006,0,,,0,1.74871778,0.38901034,0.241461933,15.7213449,6,0,,,1,1
134691533,0.150000006,0,,,0,1.71648335,0.41044426,0.233880892,15.7213449,6,0,,,1,1
134692693,0.150000006,0,,,0,1.70036626,0.434377879,0.226761371,15.7349796,6,0,,,1,1
134693856,0.150000006,0,,,0,1.66813183,0.461275518,0.220062494,15.7077093,6,0,,,1,1
134695017,0.150000006,0,,,0,1.60366297,0.491724193,0.213748068,15.7622499,6,0,,,1,1
134696180,0.150000006,0,,,0,1.92600727,0.5264768,0.207785904,15.7258902,6,0,,,1,1
134697341,0.150000006,0,,,0,1.69230759,0.566515267,0.202147305,15.7622499,6,0,,,1,1
134698504,0.150000006,0,,,0,1.88571417,0.592631519,0.199017808,15.7713404,6,0,,,1,1
134699664,0.150000006,0,,,0,1.57948709,0.555569232,0.203578517,15.7713404,6,0,,,1,1
134700827,0.150000006,0,,,0,1.85347974,0.522868693,0.208353341,15.7486153,6,0,,,1,1
134701987,0.150000006,0,,,0,1.45860791,0.493803233,0.213357583,15.7577057,6,0,,,1,1
134703360,0.150000006,0,,,0,1.70842481,0.467798948,0.218608171,15.7713404,6,0,,,1,1
134704520,0.150000006,0,,,0,1.77289367,0.444396436,0.224123687,15.7258902,6,0,,,1,1
134705683,0.150000006,0,,,0,1.66813183,0.423223794,0.229924724,15.7440701,6,0,,,1,1
134706844,0.150000006,0,,,0,1.74871778,0.403976947,0.236034065,15.7258902,6,0,,,1,1
134708007,0.150000006,0,,,0,1.65201449,0.386404485,0.24247694,15.7486153,6,0,,,1,1
134709167,0.150000006,0,,,0,1.86959696,0.370297045,0.249281377,15.7349796,6,0,,,1,1
134710331,0.150000006,0,,,0,1.62783873,0.355478793,0.256478786,15.7077093,6,0,,,1,1
134711491,0.150000006,0,,,0,1.73260069,0.341800898,0.264104158,15.7349796,6,0,,,1,1
134712654,0.150000006,0,,,0,1.74065924,0.329136521,0.2721968,15.6713495,6,0,,,1,1
134713814,0.150000006,0,,,0,1.72454202,0.31737715,0.280801088,15.7077093,6,0,,,1,1
134714983,0.150000006,0,,,0,1.70842481,0.306429029,0.289967149,15.6849842,6,0,,,1,1
134716143,0.150000006,0,,,0,1.70842481,0.296211064,0.299751729,15.6940746,6,0,,,1,1
134717307,0.150000006,0,,,0,1.8051281,0.286652535,0.310219765,15.639534,6,0,,,1,1
134718467,0.150000006,0,,,0,1.70036626,0.277691603,0.321445376,15.7031641,6,0,,,1,1
134719630,0.150000006,0,,,0,1.70036626,0.269273967,0.333513945,15.680439,6,0,,,1,1
134720790,0.150000006,0,,,0,1.61172152,0.261351645,0.34652403,15.6213531,6,0,,,1,1
134721953,0.150000006,0,,,0,1.77289367,0.25388217,0.360590369,15.6531687,6,0,,,1,1
134723114,0.150000006,0.422727287,,,0.749450505,1.02344322,0.2504794,0.367684782,15.8077011,6,0,,,1,1
134724481,0.150000006,0.614285707,,,1.03956032,0.652747214,0.256434411,0.355564058,15.825881,6,0,,,1,1
134725646,0.150000006,0.63809526,,,1.07985342,0.612454176,0.265576631,0.339365691,15.8122463,6,0,,,1,1
134726809,0.150000006,0.628140688,,,1.00732589,0.596336961,0.275394827,0.324578881,15.8349714,6,0,,,1,1
134727969,0.150000006,0.601851881,,,1.04761899,0.693040252,0.285966843,0.311026871,15.8349714,6,0,,,1,1
134729133,0.150000006,0.590673625,,,0.918681264,0.636629999,0.297382921,0.298561156,15.7940655,6,0,,,1,1
134730293,0.150000006,0.567164183,,,0.918681264,0.701098859,0.309748411,0.287056148,15.8349714,6,0,,,1,1
134731456,0.150000006,0.485714287,,,0.821977973,0.870329618,0.323186874,0.276404947,15.7804308,6,0,,,1,1
134732616,0.150000006,0.470588237,,,0.773626328,0.870329618,0.337844253,0.266515911,15.7940655,6,0,,,1,1
134733779,0.150000006,0.448275864,,,0.838095188,1.03150177,0.353894323,0.257309973,15.7940655,6,0,,,1,1
134734939,0.150000006,0.431924909,,,0.741391897,0.975091517,0.371545434,0.248718813,15.8213358,6,0,,,1,1
134736103,0.150000006,0.426666677,,,0.773626328,1.03956032,0.391049713,0.240682825,15.7986107,6,0,,,1,1
134737235,0.150000006,0.390243918,,,0.644688606,1.00732589,0.391049713,0.240682825,15.825881,6,0,,,1,1
134738364,0.150000006,0,,,0,1.87765551,0.391049713,0.240682825,15.7122545,6,0,,,1,1
134739490,0.150000006,0,,,0,1.66007316,0.391049713,0.240682825,15.7440701,6,0,,,1,1
134740620,0.150000006,0,,,0,1.72454202,0.391049713,0.240682825,15.7258902,6,0,,,1,1
134741747,0.150000006,0,,,0,1.66007316,0.391049713,0.240682825,15.7031641,6,0,,,1,1
134742876,0.150000006,0,,,0,1.73260069,0.391049713,0.240682825,15.7577057,6,0,,,1,1
134744036,0.150000006,0,,,0,1.70036626,0.412715226,0.233149856,15.6940746,6,0,,,1,1
134745403,0.150000006,0,,,0,1.70842481,0.436922222,0.2260741,15.7804308,6,0,,,1,1
134746564,0.150000006,0,,,0,1.84542108,0.464145809,0.219415173,15.7122545,6,0,,,1,1
134747727,0.150000006,0,,,0,1.66007316,0.494987249,0.213137299,15.7758856,6,0,,,1,1
134748892,0.150000006,0,,,0,1.89377284,0.530219138,0.207208693,15.7349796,6,0,,,1,1
134750055,0.150000006,0,,,0,1.53919411,0.57085079,0.201600954,15.7440701,6,0,,,1,1
134751215,0.150000006,0,,,0,1.70036626,0.583893597,0.200023025,15.7713404,6,0,,,1,1
134752378,0.150000006,0,,,0,1.74065924,0.547882795,0.204630479,15.7395248,6,0,,,1,1
134753538,0.150000006,0,,,0,1.65201449,0.516054988,0.209455341,15.7577057,6,0,,,1,1
134754702,0.150000006,0,,,0,1.71648335,0.487721652,0.214513302,15.7395248,6,0,,,1,1
134755862,0.150000006,0,,,0,1.82124531,0.462337464,0.219821617,15.7804308,6,0,,,1,1
134757025,0.150000006,0,,,0,1.75677645,0.439464778,0.22539936,15.7031641,6,0,,,1,1
134758186,0.150000006,0,,,0,1.75677645,0.418748587,0.231267482,15.7622499,6,0,,,1,1
134759349,0.150000006,0,,,0,1.89377284,0.399897486,0.237449348,15.7486153,6,0,,,1,1
134760514,0.150000006,0,,,0,1.57142854,0.382670611,0.243970752,15.6986198,6,0,,,1,1
134761677,0.150000006,0,,,0,1.78095222,0.366866618,0.250860512,15.7440701,6,0,,,1,1
134762837,0.150000006,0,,,0,1.75677645,0.352316201,0.258150727,15.7031641,6,0,,,1,1
134764000,0.150000006,0,,,0,1.70842481,0.338875979,0.265877306,15.7077093,6,0,,,1,1
134765160,0.150000006,0,,,0,1.65201449,0.326423526,0.274080724,15.6849842,6,0,,,1,1
134766528,0.150000006,0,,,0,1.65201449,0.314853758,0.282806426,15.7349796,6,0,,,1,1
134767688,0.150000006,0,,,0,1.6358974,0.304076076,0.292106003,15.6940746,6,0,,,1,1
134768852,0.150000006,0,,,0,1.58754563,0.294011861,0.302037984,15.6668043,6,0,,,1,1
134770012,0.150000006,0,,,0,1.77289367,0.284592479,0.312669158,15.6577139,6,0,,,1,1
134771175,0.150000006,0,,,0,1.64395595,0.275757909,0.324075967,15.6349888,6,0,,,1,1
134772340,0.150000006,0,,,0,1.69230759,0.267455339,0.336346596,15.6531687,6,0,,,1,1
134773503,0.150000006,0,,,0,1.65201449,0.259638101,0.349583089,15.6031733,6,0,,,1,1
134774663,0.150000006,0,,,0,1.66813183,0.252264857,0.36390394,15.6895294,6,0,,,1,1
134775827,0.150000006,0.50691247,,,0.886446834,0.862271011,0.249635905,0.369517565,15.8077011,6,0,,,1,1
134776987,0.150000006,0.629268289,,,1.03956032,0.612454176,0.257251978,0.354004085,15.8167906,6,0,,,1,1
134778150,0.150000006,0.623255789,,,1.07985342,0.652747214,0.266453654,0.337944329,15.8304262,6,0,,,1,1
134779310,0.150000006,0.6108374,,,0.99926734,0.636629999,0.276338011,0.323278457,15.7940655,6,0,,,1,1
134780474,0.150000006,0.612149537,,,1.05567765,0.668864429,0.286983937,0.309832573,15.825881,6,0,,,1,1
134781634,0.150000006,0.567010283,,,0.886446834,0.676923037,0.298483044,0.297460467,15.8122463,6,0,,,1,1
134782797,0.150000006,0.558823526,,,0.918681264,0.725274682,0.310942084,0.286038548,15.8077011,6,0,,,1,1
134783962,0.150000006,0.5,,,0.854212403,0.854212403,0.324486583,0.275461346,15.8031559,6,0,,,1,1
134785125,0.150000006,0.459183663,,,0.725274682,0.854212403,0.33926481,0.265638471,15.825881,6,0,,,1,1
134786285,0.150000006,0.438297868,,,0.830036581,1.0637362,0.355453342,0.256492019,15.7804308,6,0,,,1,1
134787653,0.150000006,0.421319813,,,0.668864429,0.918681264,0.373264223,0.247954503,15.7986107,6,0,,,1,1
134788813,0.150000006,0.422222227,,,0.76556772,1.04761899,0.392954171,0.239967033,15.8167906,6,0,,,1,1
134789944,0.150000006,0.367647052,,,0.604395568,1.03956032,0.392954171,0.239967033,15.8031559,6,0,,,1,1
134791070,0.150000006,0,,,0,1.77289367,0.392954171,0.239967033,15.7031641,6,0,,,1,1
134792200,0.150000006,0,,,0,1.75677645,0.392954171,0.239967033,15.6986198,6,0,,,1,1
134793326,0.150000006,0,,,0,1.74871778,0.392954171,0.239967033,15.7349796,6,0,,,1,1
134794460,0.150000006,0,,,0,1.70842481,0.392954171,0.239967033,15.7167997,6,0,,,1,1
134795587,0.150000006,0,,,0,1.74065924,0.392954171,0.239967033,15.7577057,6,0,,,1,1
134796750,0.150000006,0,,,0,1.77289367,0.414837122,0.232478082,15.7077093,6,0,,,1,1
134797910,0.150000006,0,,,0,1.67619038,0.439301074,0.225442424,15.7622499,6,0,,,1,1
134799073,0.150000006,0,,,0,1.86153841,0.466831207,0.218820125,15.7577057,6,0,,,1,1
134800234,0.150000006,0,,,0,1.65201449,0.498042583,0.212575793,15.7213449,6,0,,,1,1
134801397,0.150000006,0,,,0,1.8051281,0.533726394,0.206677929,15.7940655,6,0,,,1,1
134802557,0.150000006,0,,,0,1.68424892,0.57491827,0.201098487,15.7213449,6,0,,,1,1
134803721,0.150000006,0,,,0,1.90988994,0.575552702,0.201020986,15.7804308,6,0,,,1,1
134804881,0.150000006,0,,,0,1.62783873,0.540532529,0.205675066,15.7486153,6,0,,,1,1
134806048,0.150000006,0,,,0,1.66813183,0.509528697,0.210549936,15.7804308,6,0,,,1,1
134807209,0.150000006,0,,,0,1.73260069,0.481888264,0.215661556,15.7213449,6,0,,,1,1
134808576,0.150000006,0,,,0,1.52307677,0.457092226,0.221027538,15.7213449,6,0,,,1,1
134809737,0.150000006,0,,,0,1.9179486,0.434723079,0.226667419,15.7531605,6,0,,,1,1
134810900,0.150000006,0,,,0,1.72454202,0.414441168,0.232602626,15.6986198,6,0,,,1,1
134812060,0.150000006,0,,,0,1.65201449,0.395967335,0.238857046,15.7531605,6,0,,,1,1
134813223,0.150000006,0,,,0,1.82124531,0.379070252,0.245457113,15.7031641,6,0,,,1,1
134814383,0.150000006,0,,,0,1.76483512,0.363556206,0.252432257,15.7486153,6,0,,,1,1
134815546,0.150000006,0,,,0,1.78095222,0.349262089,0.259815454,15.7077093,6,0,,,1,1
134816707,0.150000006,0,,,0,1.54725266,0.336049497,0.267643541,15.7258902,6,0,,,1,1
134817881,0.150000006,0,,,0,1.90183139,0.323800147,0.275957942,15.6895294,6,0,,,1,1
134819041,0.150000006,0,,,0,1.65201449,0.312412351,0.284805506,15.6849842,6,0,,,1,1
134820204,0.150000006,0,,,0,1.78095222,0.301798373,0.294239283,15.680439,6,0,,,1,1
134821364,0.150000006,0,,,0,1.78901088,0.291881889,0.304319322,15.6531687,6,0,,,1,1
134822528,0.150000006,0,,,0,1.8051281,0.28259632,0.315114588,15.6895294,6,0,,,1,1
134823688,0.150000006,0,,,0,1.82930398,0.273883402,0.326703817,15.6213531,6,0,,,1,1
134824851,0.150000006,0,,,0,1.67619038,0.265691638,0.339178115,15.680439,6,0,,,1,1
134826012,0.150000006,0,,,0,1.83736253,0.257975698,0.352642775,15.6486235,6,0,,,1,1
134827175,0.150000006,0,,,0,1.65201449,0.250695199,0.36722073,15.6213531,6,0,,,1,1
134828335,0.150000006,0.457777798,,,0.830036581,0.983150125,0.24767682,0.373895258,15.8304262,6,0,,,1,1
134829707,0.150000006,0.62499994,,,1.16849804,0.701098859,0.254232645,0.359885693,15.784976,6,0,,,1,1
134830867,0.150000006,0.63861388,,,1.03956032,0.588278353,0.26321578,0.343300372,15.8395166,6,0,,,1,1
134832030,0.150000006,0.627358437,,,1.07179475,0.636629999,0.27285704,0.328176349,15.8031559,6,0,,,1,1
134833191,0.150000006,0.613861382,,,0.99926734,0.628571391,0.283231407,0.314328671,15.8304262,6,0,,,1,1
134834354,0.150000006,0.577981651,,,1.01538455,0.741391897,0.294425875,0.301602304,15.825881,6,0,,,1,1
134835515,0.150000006,0.564999998,,,0.910622656,0.701098859,0.306541681,0.289866358,15.784976,6,0,,,1,1
134836678,0.150000006,0.504672885,,,0.870329618,0.854212403,0.31969741,0.279009491,15.8122463,6,0,,,1,1
134837838,0.150000006,0.465000004,,,0.749450505,0.862271011,0.334032983,0.268936574,15.784976,6,0,,,1,1
134839001,0.150000006,0.452380955,,,0.76556772,0.926739872,0.349714547,0.259565622,15.7986107,6,0,,,1,1
134840162,0.150000006,0.436018944,,,0.741391897,0.958974302,0.366941005,0.250825763,15.7940655,6,0,,,1,1
134841330,0.150000006,0.400966167,,,0.668864429,0.99926734,0.385952502,0.242655247,15.8213358,6,0,,,1,1
134842457,0.150000006,0.412280709,,,0.757509112,1.07985342,0.385952502,0.242655247,15.7940655,6,0,,,1,1
134843586,0.150000006,0,,,0,1.69230759,0.385952502,0.242655247,15.7031641,6,0,,,1,1
134844712,0.150000006,0,,,0,1.83736253,0.385952502,0.242655247,15.7440701,6,0,,,1,1
134845842,0.150000006,0,,,0,1.61978006,0.385952502,0.242655247,15.7304344,6,0,,,1,1
134846969,0.150000006,0,,,0,1.78095222,0.385952502,0.242655247,15.7122545,6,0,,,1,1
134848098,0.150000006,0,,,0,1.64395595,0.385952502,0.242655247,15.7077093,6,0,,,1,1
134849258,0.150000006,0,,,0,1.77289367,0.407041669,0.235000253,15.7258902,6,0,,,1,1
134850626,0.150000006,0,,,0,1.79706955,0.430568725,0.227813497,15.6940746,6,0,,,1,1
134851786,0.150000006,0,,,0,1.67619038,0.456982374,0.221053258,15.7667952,6,0,,,1,1
134852954,0.150000006,0,,,0,1.88571417,0.486848563,0.214682639,15.6986198,6,0,,,1,1
134854114,0.150000006,0,,,0,1.5956043,0.520891547,0.208668947,15.784976,6,0,,,1,1
134855278,0.150000006,0,,,0,1.79706955,0.560053408,0.202982992,15.7395248,6,0,,,1,1
134856439,0.150000006,0,,,0,1.48278379,0.582321942,0.200208142,15.7395248,6,0,,,1,1
134857602,0.150000006,0,,,0,1.78901088,0.546498895,0.204824224,15.7713404,6,0,,,1,1
134858762,0.150000006,0,,,0,1.8051281,0.514826953,0.20965834,15.7077093,6,0,,,1,1
134859926,0.150000006,0,,,0,1.66813183,0.486624599,0.214726225,15.7486153,6,0,,,1,1
134861086,0.150000006,0,,,0,1.78901088,0.461351514,0.220045209,15.7395248,6,0,,,1,1
134862249,0.150000006,0,,,0,1.62783873,0.438573956,0.225634411,15.7486153,6,0,,,1,1
134863409,0.150000006,0,,,0,1.84542108,0.417939603,0.231514961,15.7213449,6,0,,,1,1
134864577,0.150000006,0,,,0,1.56336987,0.3991597,0.237710267,15.7531605,6,0,,,1,1
134865737,0.150000006,0,,,0,1.77289367,0.381994933,0.244246215,15.7122545,6,0,,,1,1
134866900,0.150000006,0,,,0,1.64395595,0.366245538,0.251151741,15.6940746,6,0,,,1,1
134868061,0.150000006,0,,,0,1.75677645,0.3517434,0.258459151,15.7213449,6,0,,,1,1
134869224,0.150000006,0,,,0,1.70036626,0.338346004,0.266204447,15.6531687,6,0,,,1,1
134870384,0.150000006,0,,,0,1.78901088,0.325931728,0.274428368,15.7395248,6,0,,,1,1
134871751,0.150000006,0,,,0,1.66007316,0.314396203,0.283176631,15.6713495,6,0,,,1,1
134872911,0.150000006,0,,,0,1.66007316,0.303649306,0.292500943,15.6895294,6,0,,,1,1
134874075,0.150000006,0,,,0,1.78095222,0.293612808,0.302460253,15.6622591,6,0,,,1,1
134875240,0.150000006,0,,,0,1.72454202,0.284218609,0.313121647,15.6349888,6,0,,,1,1
134876403,0.150000006,0,,,0,1.75677645,0.275406897,0.324562132,15.6486235,6,0,,,1,1
134877564,0.150000006,0,,,0,1.74065924,0.2671251,0.336870372,15.6168089,6,0,,,1,1
134878727,0.150000006,0,,,0,1.66813183,0.259326875,0.350148827,15.6577139,6,0,,,1,1
134879887,0.150000006,0.00444444455,,,0.00805860758,1.8051281,0.252010494,0.36443463,15.639534,6,0,,,1,1
134881050,0.150000006,0.497561008,,,0.821977973,0.830036581,0.249383628,0.370071709,15.825881,6,0,,,1,1
134882210,0.150000006,0.623376608,,,1.16043949,0.701098859,0.256812483,0.354839772,15.825881,6,0,,,1,1
134883374,0.150000006,0.639784932,,,0.958974302,0.539926708,0.265982151,0.338705808,15.784976,6,0,,,1,1
134884534,0.150000006,0.625,,,1.04761899,0.628571391,0.275830925,0.323975235,15.8486061,6,0,,,1,1
134885697,0.150000006,0.577464819,,,0.991208732,0.725274682,0.286437064,0.310472518,15.7940655,6,0,,,1,1
134886862,0.150000006,0.5825243,,,0.967032909,0.693040252,0.297891498,0.298050314,15.825881,6,0,,,1,1
134888025,0.150000006,0.560747683,,,0.967032909,0.757509112,0.310300201,0.28658393,15.8213358,6,0,,,1,1
134889185,0.150000006,0.495192319,,,0.830036581,0.846153796,0.3237876,0.275967062,15.8167906,6,0,,,1,1
134890348,0.150000006,0.475336313,,,0.854212403,0.942857087,0.338500768,0.266108721,15.8077011,6,0,,,1,1
134891509,0.150000006,0.458536595,,,0.757509112,0.894505441,0.354614764,0.25693047,15.8077011,6,0,,,1,1
134892876,0.150000006,0.426605523,,,0.749450505,1.00732589,0.372339606,0.248364225,15.8122463,6,0,,,1,1
134894036,0.150000006,0.418604672,,,0.725274682,1.00732589,0.391929567,0.240350738,15.784976,6,0,,,1,1
134895166,0.150000006,0.385365874,,,0.636629999,1.01538455,0.391929567,0.240350738,15.8122463,6,0,,,1,1
134896293,0.150000006,0,,,0,1.85347974,0.391929567,0.240350738,15.680439,6,0,,,1,1
134897422,0.150000006,0,,,0,1.67619038,0.391929567,0.240350738,15.7440701,6,0,,,1,1
134898554,0.150000006,0,,,0,1.70842481,0.391929567,0.240350738,15.6895294,6,0,,,1,1
134899683,0.150000006,0,,,0,1.70036626,0.391929567,0.240350738,15.7440701,6,0,,,1,1
134900810,0.150000006,0,,,0,1.86959696,0.391929567,0.240350738,15.7077093,6,0,,,1,1
134901973,0.150000006,0,,,0,1.68424892,0.413695395,0.232838199,15.7077093,6,0,,,1,1
134903133,0.150000006,0,,,0,1.68424892,0.438020885,0.225781068,15.7531605,6,0,,,1,1
134904296,0.150000006,0,,,0,1.68424892,0.465385824,0.219139159,15.7167997,6,0,,,1,1
134905456,0.150000006,0,,,0,1.61978006,0.496397793,0.212876841,15.7440701,6,0,,,1,1
134906619,0.150000006,0,,,0,1.78095222,0.53183794,0.206962481,15.7122545,6,0,,,1,1
134907779,0.150000006,0,,,0,1.74065924,0.57272768,0.2013679,15.7895203,6,0,,,1,1
134908942,0.150000006,0,,,0,1.82930398,0.587597787,0.199592009,15.7122545,6,0,,,1,1
134910107,0.150000006,0,,,0,1.66813183,0.55114305,0.204179376,15.8077011,6,0,,,1,1
134911270,0.150000006,0,,,0,1.62783873,0.51894629,0.208982766,15.7667952,6,0,,,1,1
134912430,0.150000006,0,,,0,1.61978006,0.490303367,0.214017645,15.7395248,6,0,,,1,1
134913798,0.150000006,0,,,0,1.66813183,0.46465683,0.219301179,15.7667952,6,0,,,1,1
134914958,0.150000006,0,,,0,1.78901088,0.441559851,0.22485216,15.7213449,6,0,,,1,1
134916121,0.150000006,0,,,0,1.66813183,0.420650303,0.230691493,15.7577057,6,0,,,1,1
134917281,0.150000006,0,,,0,1.86153841,0.401631534,0.236842185,15.7304344,6,0,,,1,1
134918445,0.150000006,0,,,0,1.61978006,0.384258151,0.243329823,15.7304344,6,0,,,1,1
134919605,0.150000006,0,,,0,1.84542108,0.368325502,0.250182897,15.7258902,6,0,,,1,1
134920768,0.150000006,0,,,0,1.73260069,0.353661478,0.257433236,15.7031641,6,0,,,1,1
134921934,0.150000006,0,,,0,1.86959696,0.340120345,0.265116304,15.7122545,6,0,,,1,1
134923097,0.150000006,0,,,0,1.74065924,0.327577978,0.273272038,15.680439,6,0,,,1,1
134924257,0.150000006,0,,,0,1.74065924,0.315927714,0.281945556,15.7077093,6,0,,,1,1
134925420,0.150000006,0,,,0,1.82930398,0.305077642,0.291187674,15.639534,6,0,,,1,1
134926581,0.150000006,0,,,0,1.70036626,0.294948131,0.301056236,15.7167997,6,0,,,1,1
134927744,0.150000006,0,,,0,1.82124531,0.285469621,0.311617196,15.6577139,6,0,,,1,1
134928904,0.150000006,0,,,0,1.66007316,0.276581347,0.322946042,15.6577139,6,0,,,1,1
134930067,0.150000006,0,,,0,1.8051281,0.268229902,0.335129619,15.6713495,6,0,,,1,1
134931228,0.150000006,0,,,0,1.74065924,0.26036799,0.348268569,15.5940828,6,0,,,1,1
134932391,0.150000006,0,,,0,1.66813183,0.252953798,0.362479836,15.639534,6,0,,,1,1
134933556,0.150000006,0.44262296,,,0.870329618,1.09597063,0.249748975,0.369270116,15.7986107,6,0,,,1,1
134934924,0.150000006,0.627659559,,,0.950915694,0.56410253,0.256159544,0.356093884,15.8213358,6,0,,,1,1
134936084,0.150000006,0.633484185,,,1.12820506,0.652747214,0.265281826,0.33984831,15.825881,6,0,,,1,1
134937248,0.150000006,0.606060624,,,0.967032909,0.628571391,0.27507782,0.325020343,15.8213358,6,0,,,1,1
134938408,0.150000006,0.603686631,,,1.05567765,0.693040252,0.285625041,0.311432213,15.8213358,6,0,,,1,1
134939572,0.150000006,0.577981651,,,1.01538455,0.741391897,0.297013313,0.298934639,15.7986107,6,0,,,1,1
134940732,0.150000006,0.556097567,,,0.918681264,0.73333329,0.309347451,0.287401378,15.8304262,6,0,,,1,1
134941896,0.150000006,0.50220263,,,0.918681264,0.910622656,0.32275039,0.276725024,15.7758856,6,0,,,1,1
134943056,0.150000006,0.484848499,,,0.773626328,0.821977973,0.337367296,0.266813457,15.8213358,6,0,,,1,1
134944224,0.150000006,0.447488576,,,0.789743543,0.975091517,0.353370994,0.257587343,15.8122463,6,0,,,1,1
134945385,0.150000006,0.422110528,,,0.676923037,0.926739872,0.37096864,0.248977959,15.7713404,6,0,,,1,1
134946548,0.150000006,0.413953483,,,0.717216074,1.01538455,0.390410841,0.240925476,15.8213358,6,0,,,1,1
134947675,0.150000006,0.379146904,,,0.644688606,1.05567765,0.390410841,0.240925476,15.7895203,6,0,,,1,1
134948804,0.150000006,0,,,0,1.74065924,0.390410841,0.240925476,15.6849842,6,0,,,1,1
134949931,0.150000006,0,,,0,1.70842481,0.390410841,0.240925476,15.7304344,6,0,,,1,1
134951060,0.150000006,0,,,0,1.76483512,0.390410841,0.240925476,15.7304344,6,0,,,1,1
134952187,0.150000006,0,,,0,1.74871778,0.390410841,0.240925476,15.7167997,6,0,,,1,1
134953316,0.150000006,0,,,0,1.76483512,0.390410841,0.240925476,15.7122545,6,0,,,1,1
134954476,0.150000006,0,,,0,1.92600727,0.412003666,0.233377546,15.7349796,6,0,,,1,1
134955848,0.150000006,0,,,0,1.64395595,0.436124831,0.226288185,15.7031641,6,0,,,1,1
134957009,0.150000006,0,,,0,1.90183139,0.463246047,0.219616815,15.7667952,6,0,,,1,1
134958172,0.150000006,0,,,0,1.71648335,0.493964076,0.213327572,15.7031641,6,0,,,1,1
134959332,0.150000006,0,,,0,1.71648335,0.529045284,0.20738852,15.7895203,6,0,,,1,1
134960495,0.150000006,0,,,0,1.78095222,0.569490373,0.20177117,15.7395248,6,0,,,1,1
134961655,0.150000006,0,,,0,1.73260069,0.574263215,0.201178774,15.7804308,6,0,,,1,1
134962818,0.150000006,0,,,0,1.74871778,0.539395034,0.205840245,15.7758856,6,0,,,1,1
134963978,0.150000006,0,,,0,1.66007316,0.508517921,0.210723013,15.7395248,6,0,,,1,1
134965141,0.150000006,0,,,0,1.82124531,0.480984032,0.215843141,15.7486153,6,0,,,1,1
134966301,0.150000006,0,,,0,1.5956043,0.456278652,0.221218288,15.7213449,6,0,,,1,1
134967470,0.150000006,0,,,0,1.88571417,0.433987021,0.226868019,15.7395248,6,0,,,1,1
134968630,0.150000006,0,,,0,1.73260069,0.413772196,0.232813895,15.7077093,6,0,,,1,1
134969793,0.150000006,0,,,0,1.83736253,0.395356625,0.239079833,15.7577057,6,0,,,1,1
134970953,0.150000006,0,,,0,1.72454202,0.378510505,0.245692343,15.7031641,6,0,,,1,1
134972117,0.150000006,0,,,0,1.64395595,0.363041312,0.252681077,15.7440701,6,0,,,1,1
134973277,0.150000006,0,,,0,1.78095222,0.348786861,0.260079026,15.6895294,6,0,,,1,1
134974440,0.150000006,0,,,0,1.58754563,0.335609525,0.267923236,15.6849842,6,0,,,1,1
134975804,0.150000006,0,,,0,1.71648335,0.323391646,0.276255369,15.6940746,6,0,,,1,1
134976968,0.150000006,0,,,0,1.74065924,0.312032074,0.285122335,15.6713495,6,0,,,1,1
134978128,0.150000006,0,,,0,1.66813183,0.301443458,0.29457739,15.6986198,6,0,,,1,1
134979296,0.150000006,0,,,0,1.8051281,0.291549921,0.304681033,15.6486235,6,0,,,1,1
134980456,0.150000006,0,,,0,1.65201449,0.282285154,0.315502435,15.6849842,6,0,,,1,1
134981620,0.150000006,0,,,0,1.69230759,0.273591101,0.327120721,15.6577139,6,0,,,1,1
134982780,0.150000006,0,,,0,1.75677645,0.265416503,0.339627504,15.6213531,6,0,,,1,1
134983943,0.150000006,0,,,0,1.83736253,0.257716298,0.353128642,15.6440792,6,0,,,1,1
134985103,0.150000006,0.00495049544,,,0.00805860758,1.61978006,0.250493675,0.367653996,15.6486235,6,0,,,1,1
134986267,0.150000006,0.49333334,,,0.894505441,0.918681264,0.247870684,0.373454332,15.825881,6,0,,,1,1
134987427,0.150000006,0.634146333,,,1.25714278,0.725274682,0.255234927,0.357896179,15.7940655,6,0,,,1,1
134988591,0.150000006,0.632124364,,,0.983150125,0.572161138,0.264290333,0.341489524,15.8304262,6,0,,,1,1
134989751,0.150000006,0.611607134,,,1.10402918,0.701098859,0.27401188,0.326521158,15.8031559,6,0,,,1,1
134990919,0.150000006,0.59803921,,,0.983150125,0.660805821,0.284475952,0.312809885,15.7895203,6,0,,,1,1
134992080,0.150000006,0.570048273,,,0.950915694,0.717216074,0.295770973,0.300203741,15.8304262,6,0,,,1,1
134993244,0.150000006,0.573394477,,,1.00732589,0.749450505,0.308000028,0.288574249,15.7986107,6,0,,,1,1
134994404,0.150000006,0.51010102,,,0.813919365,0.781684935,0.321283966,0.277812213,15.8304262,6,0,,,1,1
134995568,0.150000006,0.463963956,,,0.830036581,0.958974302,0.335765392,0.267824024,15.8077011,6,0,,,1,1
134996932,0.150000006,0.453658551,,,0.749450505,0.902564049,0.351613879,0.258529097,15.8077011,6,0,,,1,1
134998095,0.150000006,0.444954127,,,0.781684935,0.975091517,0.369032651,0.249857694,15.8122463,6,0,,,1,1
134999256,0.150000006,0.399061054,,,0.684981644,1.03150177,0.388267189,0.241749153,15.7895203,6,0,,,1,1
135000386,0.150000006,0.376146793,,,0.660805821,1.09597063,0.388267189,0.241749153,15.7986107,6,0,,,1,1
135001512,0.150000006,0,,,0,1.78901088,0.388267189,0.241749153,15.6304436,6,0,,,1,1
135002646,0.150000006,0,,,0,1.83736253,0.388267189,0.241749153,15.7622499,6,0,,,1,1
135003773,0.150000006,0,,,0,1.77289367,0.388267189,0.241749153,15.6986198,6,0,,,1,1
135004903,0.150000006,0,,,0,1.5956043,0.388267189,0.241749153,15.7486153,6,0,,,1,1
135006030,0.150000006,0,,,0,1.78095222,0.388267189,0.241749153,15.6940746,6,0,,,1,1
135007193,0.150000006,0,,,0,1.76483512,0.409617037,0.234150335,15.7486153,6,0,,,1,1
135008354,0.150000006,0,,,0,1.82930398,0.433451504,0.227014646,15.7304344,6,0,,,1,1
135009517,0.150000006,0,,,0,1.76483512,0.460231006,0.220301017,15.7122545,6,0,,,1,1
135010677,0.150000006,0,,,0,1.81318665,0.490537405,0.21397309,15.7622499,6,0,,,1,1
135011840,0.150000006,0,,,0,1.68424892,0.525116563,0.207998544,15.7122545,6,0,,,1,1
135013000,0.150000006,0,,,0,1.74871778,0.564940572,0.20234856,15.784976,6,0,,,1,1
135014168,0.150000006,0,,,0,1.78095222,0.57813257,0.200708166,15.7304344,6,0,,,1,1
135015328,0.150000006,0,,,0,1.65201449,0.5428074,0.205347598,15.784976,6,0,,,1,1
135016491,0.150000006,0,,,0,1.82124531,0.511549652,0.210206777,15.7395248,6,0,,,1,1
135017855,0.150000006,0,,,0,1.65201449,0.483695477,0.215301543,15.7258902,6,0,,,1,1
135019018,0.150000006,0,,,0,1.75677645,0.458717912,0.220649421,15.7395248,6,0,,,1,1
135020179,0.150000006,0,,,0,1.82930398,0.436193287,0.226269767,15.7213449,6,0,,,1,1
135021342,0.150000006,0,,,0,1.67619038,0.415777177,0.232183889,15.7486153,6,0,,,1,1
135022502,0.150000006,0,,,0,1.8051281,0.397186726,0.238415509,15.7031641,6,0,,,1,1
135023666,0.150000006,0,,,0,1.71648335,0.380187631,0.24499087,15.7395248,6,0,,,1,1
135024831,0.150000006,0,,,0,1.78095222,0.36458391,0.251939148,15.7213449,6,0,,,1,1
135025995,0.150000006,0,,,0,1.62783873,0.350210458,0.259293109,15.7077093,6,0,,,1,1
135027155,0.150000006,0,,,0,1.85347974,0.336927384,0.267089278,15.7031641,6,0,,,1,1
135028319,0.150000006,0,,,0,1.79706955,0.324615091,0.27536878,15.6849842,6,0,,,1,1
135029479,0.150000006,0,,,0,1.81318665,0.31317094,0.284177989,15.7077093,6,0,,,1,1
135030642,0.150000006,0,,,0,1.81318665,0.302506208,0.293569565,15.6668043,6,0,,,1,1
135031803,0.150000006,0,,,0,1.72454202,0.292543918,0.303602964,15.6986198,6,0,,,1,1
135032966,0.150000006,0,,,0,1.89377284,0.283216894,0.314346552,15.639534,6,0,,,1,1
135034126,0.150000006,0,,,0,1.66007316,0.274466217,0.325878352,15.639534,6,0,,,1,1
135035289,0.150000006,0,,,0,1.77289367,0.26624009,0.338288486,15.6486235,6,0,,,1,1
135036454,0.150000006,0,,,0,1.72454202,0.258492708,0.351681232,15.6122637,6,0,,,1,1
135037617,0.150000006,0,,,0,1.87765551,0.25118345,0.366178125,15.639534,6,0,,,1,1
135038981,0.150000006,0.510373473,,,0.991208732,0.950915694,0.248606727,0.371795863,15.825881,6,0,,,1,1
135040144,0.150000006,0.615384638,,,1.03150177,0.644688606,0.256096125,0.35621649,15.8031559,6,0,,,1,1
135041305,0.150000006,0.637209296,,,1.10402918,0.628571391,0.265213817,0.339959979,15.8213358,6,0,,,1,1
135042468,0.150000006,0.610526323,,,0.934798479,0.596336961,0.275004685,0.325122476,15.8077011,6,0,,,1,1
135043628,0.150000006,0.612244904,,,0.967032909,0.612454176,0.285546184,0.311526,15.8213358,6,0,,,1,1
135044791,0.150000006,0.584112167,,,1.00732589,0.717216074,0.296928048,0.299021065,15.8031559,6,0,,,1,1
135045952,0.150000006,0.555555582,,,0.886446834,0.709157467,0.309254974,0.287481248,15.8440609,6,0,,,1,1
135047115,0.150000006,0.502183437,,,0.926739872,0.918681264,0.322649717,0.276799083,15.7895203,6,0,,,1,1
135048280,0.150000006,0.467980266,,,0.76556772,0.870329618,0.337257326,0.2668823,15.8213358,6,0,,,1,1
135049443,0.150000006,0.455357134,,,0.821977973,0.983150125,0.353250355,0.257651508,15.825881,6,0,,,1,1
135050604,0.150000006,0.434343427,,,0.693040252,0.902564049,0.370835692,0.249037892,15.7895203,6,0,,,1,1
135051767,0.150000006,0.401869148,,,0.693040252,1.03150177,0.390263587,0.240981609,15.8213358,6,0,,,1,1
135052894,0.150000006,0.401826471,,,0.709157467,1.05567765,0.390263587,0.240981609,15.7804308,6,0,,,1,1
135054024,0.150000006,0,,,0,1.75677645,0.390263587,0.240981609,15.6849842,6,0,,,1,1
135055151,0.150000006,0,,,0,1.83736253,0.390263587,0.240981609,15.7167997,6,0,,,1,1
135056280,0.150000006,0,,,0,1.77289367,0.390263587,0.240981609,15.7077093,6,0,,,1,1
135057406,0.150000006,0,,,0,1.92600727,0.390263587,0.240981609,15.7031641,6,0,,,1,1
135058536,0.150000006,0,,,0,1.67619038,0.390263587,0.240981609,15.7622499,6,0,,,1,1
135059905,0.150000006,0,,,0,1.82124531,0.411839664,0.233430222,15.7577057,6,0,,,1,1
135061069,0.150000006,0,,,0,1.64395595,0.43594107,0.226337701,15.6986198,6,0,,,1,1
135062229,0.150000006,0,,,0,1.83736253,0.463038713,0.219663456,15.7622499,6,0,,,1,1
135063392,0.150000006,0,,,0,1.69230759,0.49372834,0.213371575,15.7258902,6,0,,,1,1
135064553,0.150000006,0,,,0,1.70842481,0.528774917,0.207430109,15.7804308,6,0,,,1,1
135065716,0.150000006,0,,,0,1.89377284,0.569177032,0.201810539,15.7531605,6,0,,,1,1
135066876,0.150000006,0,,,0,1.66813183,0.588074684,0.199537039,15.7713404,6,0,,,1,1
135068039,0.150000006,0,,,0,1.85347974,0.551562488,0.204121873,15.7758856,6,0,,,1,1
135069199,0.150000006,0,,,0,1.66007316,0.519318283,0.208922505,15.7486153,6,0,,,1,1
135070363,0.150000006,0,,,0,1.82124531,0.490635395,0.213954449,15.7577057,6,0,,,1,1
135071528,0.150000006,0,,,0,1.70842481,0.464955002,0.219234809,15.7349796,6,0,,,1,1
135072692,0.150000006,0,,,0,1.78901088,0.441829085,0.224782392,15.7531605,6,0,,,1,1
135073852,0.150000006,0,,,0,1.90988994,0.420894682,0.230618045,15.7167997,6,0,,,1,1
135075015,0.150000006,0,,,0,1.57142854,0.401854306,0.236764804,15.7486153,6,0,,,1,1
135076175,0.150000006,0,,,0,1.79706955,0.384462029,0.243248135,15.7077093,6,0,,,1,1
135077339,0.150000006,0,,,0,1.6358974,0.368512809,0.25009656,15.7077093,6,0,,,1,1
135078499,0.150000006,0,,,0,1.70842481,0.353834152,0.257341802,15.7349796,6,0,,,1,1
135079662,0.150000006,0,,,0,1.70842481,0.340280116,0.265019298,15.680439,6,0,,,1,1
135081026,0.150000006,0,,,0,1.71648335,0.327726156,0.273169011,15.7304344,6,0,,,1,1
135082190,0.150000006,0,,,0,1.92600727,0.31606552,0.281835884,15.7077093,6,0,,,1,1
135083355,0.150000006,0,,,0,1.64395595,0.30520615,0.2910707,15.6758938,6,0,,,1,1
135084518,0.150000006,0,,,0,1.86959696,0.295068234,0.300931185,15.6940746,6,0,,,1,1
135085678,0.150000006,0,,,0,1.71648335,0.285582155,0.311483204,15.6168089,6,0,,,1,1
135086841,0.150000006,0,,,0,1.86153841,0.276686996,0.322802156,15.6577139,6,0,,,1,1
135088001,0.150000006,0,,,0,1.84542108,0.268329263,0.334974676,15.6349888,6,0,,,1,1
135089164,0.150000006,0,,,0,1.69230759,0.260461569,0.348101258,15.6349888,6,0,,,1,1
135090325,0.150000006,0,,,0,1.86153841,0.253042132,0.362298578,15.6122637,6,0,,,1,1
135091488,0.150000006,0.432558119,,,0.749450505,0.983150125,0.249747351,0.369273633,15.8031559,6,0,,,1,1
135092648,0.150000006,0.617117107,,,1.10402918,0.684981644,0.255874872,0.356645465,15.825881,6,0,,,1,1
135093816,0.150000006,0.6195122,,,1.02344322,0.628571391,0.264976531,0.340350688,15.8167906,6,0,,,1,1
135094977,0.150000006,0.629807711,,,1.05567765,0.620512784,0.274749577,0.325479805,15.8122463,6,0,,,1,1
135096140,0.150000006,0.604545414,,,1.07179475,0.701098859,0.285271138,0.311854035,15.825881,6,0,,,1,1
135097300,0.150000006,0.577272773,,,1.02344322,0.749450505,0.296630651,0.299323261,15.8304262,6,0,,,1,1
135098464,0.150000006,0.560869575,,,1.03956032,0.813919365,0.308932394,0.287760586,15.8167906,6,0,,,1,1
135099624,0.150000006,0.50746268,,,0.821977973,0.79780215,0.322298586,0.277058005,15.8122463,6,0,,,1,1
135100788,0.150000006,0.472972959,,,0.846153796,0.942857087,0.33687371,0.267123014,15.7895203,6,0,,,1,1
135102153,0.150000006,0.436974794,,,0.838095188,1.07985342,0.352829486,0.25787583,15.7667952,6,0,,,1,1
135103316,0.150000006,0.416243672,,,0.660805821,0.926739872,0.370371908,0.249247476,15.8122463,6,0,,,1,1
135104476,0.150000006,0.420353949,,,0.76556772,1.05567765,0.389749974,0.241177842,15.7940655,6,0,,,1,1
135105611,0.150000006,0.393203914,,,0.652747214,1.00732589,0.389749974,0.241177842,15.825881,6,0,,,1,1
135106737,0.150000006,0,,,0,1.78095222,0.389749974,0.241177842,15.7031641,6,0,,,1,1
135107867,0.150000006,0,,,0,1.74065924,0.389749974,0.241177842,15.7349796,6,0,,,1,1
135108993,0.150000006,0,,,0,1.74871778,0.389749974,0.241177842,15.7031641,6,0,,,1,1
135110123,0.150000006,0,,,0,1.66813183,0.389749974,0.241177842,15.7077093,6,0,,,1,1
135111249,0.150000006,0,,,0,1.76483512,0.389749974,0.241177842,15.7349796,6,0,,,1,1
135112412,0.150000006,0,,,0,1.71648335,0.411267757,0.23361434,15.6758938,6,0,,,1,1
135113573,0.150000006,0,,,0,1.77289367,0.435300291,0.226510793,15.7758856,6,0,,,1,1
135114736,0.150000006,0,,,0,1.82930398,0.462315887,0.21982649,15.7077093,6,0,,,1,1
135115896,0.150000006,0,,,0,1.81318665,0.4929066,0.213525414,15.7758856,6,0,,,1,1
135117064,0.150000006,0,,,0,1.81318665,0.527832448,0.207575485,15.7622499,6,0,,,1,1
135118224,0.150000006,0,,,0,1.61172152,0.568085253,0.201948151,15.7349796,6,0,,,1,1
135119387,0.150000006,0,,,0,1.88571417,0.572631657,0.201379776,15.7940655,6,0,,,1,1
135120548,0.150000006,0,,,0,1.65201449,0.537955403,0.206050664,15.7486153,6,0,,,1,1
135121711,0.150000006,0,,,0,1.69230759,0.50723815,0.21094355,15.7622499,6,0,,,1,1
135123075,0.150000006,0,,,0,1.70842481,0.479838997,0.216074541,15.7486153,6,0,,,1,1
135124238,0.150000006,0,,,0,1.64395595,0.455248028,0.221461371,15.7667952,6,0,,,1,1
135125398,0.150000006,0,,,0,1.9582417,0.433054596,0.227123663,15.7440701,6,0,,,1,1
135126562,0.150000006,0,,,0,1.73260069,0.412924469,0.233083114,15.7213449,6,0,,,1,1
135127722,0.150000006,0,,,0,1.88571417,0.394582689,0.239363745,15.7486153,6,0,,,1,1
135128889,0.150000006,0,,,0,1.73260069,0.377801001,0.245992213,15.6895294,6,0,,,1,1
135130050,0.150000006,0,,,0,1.85347974,0.362388581,0.252998263,15.7440701,6,0,,,1,1
135131213,0.150000006,0,,,0,1.82930398,0.348184377,0.260415077,15.6849842,6,0,,,1,1
135132373,0.150000006,0,,,0,1.76483512,0.335051656,0.26827988,15.7258902,6,0,,,1,1
135133536,0.150000006,0,,,0,1.90183139,0.322873592,0.276634514,15.7031641,6,0,,,1,1
135134696,0.150000006,0,,,0,1.56336987,0.311549753,0.285526216,15.6577139,6,0,,,1,1
135135859,0.150000006,0,,,0,1.9179486,0.300993323,0.29500854,15.6940746,6,0,,,1,1
135137019,0.150000006,0,,,0,1.76483512,0.291128784,0.305142283,15.6486235,6,0,,,1,1
135138183,0.150000006,0,,,0,1.75677645,0.281890333,0.315997034,15.680439,6,0,,,1,1
135139343,0.150000006,0,,,0,1.78095222,0.273220181,0.327652544,15.6168089,6,0,,,1,1
135140511,0.150000006,0,,,0,1.64395595,0.265067488,0.340200722,15.6758938,6,0,,,1,1
135141671,0.150000006,0,,,0,1.86959696,0.257387191,0.353748351,15.6486235,6,0,,,1,1
135142834,0.150000006,0,,,0,1.66007316,0.250139475,0.368419737,15.6122637,6,0,,,1,1
135144199,0.150000006,0.522727251,,,0.926739872,0.846153796,0.247689858,0.373865575,15.8213358,6,0,,,1,1
135145362,0.150000006,0.618181825,,,1.09597063,0.676923037,0.25537619,0.357618809,15.8122463,6,0,,,1,1
135146523,0.150000006,0.647887349,,,1.11208785,0.604395568,0.264441788,0.341236979,15.8304262,6,0,,,1,1
135147686,0.150000006,0.622549057,,,1.02344322,0.620512784,0.27417472,0.32629025,15.8213358,6,0,,,1,1
135148846,0.150000006,0.608247399,,,0.950915694,0.612454176,0.284651458,0.31259796,15.8167906,6,0,,,1,1
135150009,0.150000006,0.598130822,,,1.03150177,0.693040252,0.295960695,0.300008565,15.8167906,6,0,,,1,1
135151169,0.150000006,0.555555522,,,0.926739872,0.741391897,0.308205754,0.288393915,15.7986107,6,0,,,1,1
135152338,0.150000006,0.519417465,,,0.862271011,0.79780215,0.321507812,0.277645051,15.7940655,6,0,,,1,1
135153498,0.150000006,0.477064222,,,0.838095188,0.918681264,0.33600989,0.267668635,15.7940655,6,0,,,1,1
135154661,0.150000006,0.448780507,,,0.741391897,0.910622656,0.351882041,0.258384317,15.8077011,6,0,,,1,1
135155822,0.150000006,0.436440676,,,0.830036581,1.07179475,0.369328022,0.249722496,15.7895203,6,0,,,1,1
135156951,0.150000006,0.404040396,,,0.644688606,0.950915694,0.369328022,0.249722496,15.8122463,6,0,,,1,1
135158078,0.150000006,0,,,0,1.81318665,0.369328022,0.249722496,15.6758938,6,0,,,1,1
135159208,0.150000006,0,,,0,1.72454202,0.369328022,0.249722496,15.7258902,6,0,,,1,1
135160334,0.150000006,0,,,0,1.81318665,0.369328022,0.249722496,15.7122545,6,0,,,1,1
135161464,0.150000006,0,,,0,1.71648335,0.369328022,0.249722496,15.6758938,6,0,,,1,1
135162625,0.150000006,0,,,0,1.76483512,0.38859418,0.241622552,15.7167997,6,0,,,1,1
135163793,0.150000006,0,,,0,1.89377284,0.409981012,0.234031558,15.6986198,6,0,,,1,1
135165157,0.150000006,0,,,0,1.62783873,0.43385905,0.226903021,15.7622499,6,0,,,1,1
135166320,0.150000006,0,,,0,1.86959696,0.460690498,0.220195904,15.7395248,6,0,,,1,1
135167481,0.150000006,0,,,0,1.67619038,0.491059452,0.213873908,15.7122545,6,0,,,1,1
135168644,0.150000006,0,,,0,1.90988994,0.525714815,0.207904801,15.7667952,6,0,,,1,1
135169804,0.150000006,0,,,0,1.73260069,0.565633118,0.202259853,15.7258902,6,0,,,1,1
135170968,0.150000006,0,,,0,1.93406582,0.53992027,0.205763862,15.7895203,6,0,,,1,1
135172128,0.150000006,0,,,0,1.71648335,0.508985698,0.210642785,15.7349796,6,0,,,1,1
135173291,0.150000006,0,,,0,1.66813183,0.481402904,0.21575889,15.7531605,6,0,,,1,1
135174456,0.150000006,0,,,0,1.79706955,0.456655622,0.221129775,15.7304344,6,0,,,1,1
135175620,0.150000006,0,,,0,1.66007316,0.434328198,0.226774916,15.7031641,6,0,,,1,1
135176780,0.150000006,0,,,0,1.81318665,0.414082199,0.23271586,15.7395248,6,0,,,1,1
135177943,0.150000006,0,,,0,1.70842481,0.395639747,0.238976419,15.6849842,6,0,,,1,1
135179103,0.150000006,0,,,0,1.60366297,0.378769964,0.245583162,15.7577057,6,0,,,1,1
135180267,0.150000006,0,,,0,1.74065924,0.363279998,0.252565593,15.6668043,6,0,,,1,1
135181427,0.150000006,0,,,0,1.61978006,0.349007189,0.259956658,15.7577057,6,0,,,1,1
135182590,0.150000006,0,,,0,1.78901088,0.335813522,0.267793387,15.6986198,6,0,,,1,1
135183750,0.150000006,0,,,0,1.66007316,0.32358101,0.276117325,15.6668043,6,0,,,1,1
135184913,0.150000006,0,,,0,1.8051281,0.312208384,0.28497529,15.7077093,6,0,,,1,1
135186283,0.150000006,0,,,0,1.79706955,0.301608026,0.294420391,15.6577139,6,0,,,1,1
135187446,0.150000006,0,,,0,1.66007316,0.29170385,0.304513127,15.6849842,6,0,,,1,1
135188606,0.150000006,0,,,0,1.71648335,0.282429457,0.31532234,15.6622591,6,0,,,1,1
135189770,0.150000006,0,,,0,1.64395595,0.273726612,0.326927155,15.639534,6,0,,,1,1
135190930,0.150000006,0,,,0,1.86959696,0.265544087,0.339418858,15.6622591,6,0,,,1,1
135192094,0.150000006,0,,,0,1.73260069,0.25783655,0.352903068,15.6213531,6,0,,,1,1
135193254,0.150000006,0.00458715623,,,0.00805860758,1.74871778,0.250604123,0.367416382,15.6577139,6,0,,,1,1
135194417,0.150000006,0.5,,,0.910622656,0.910622656,0.248029768,0.373093784,15.8167906,6,0,,,1,1
135195578,0.150000006,0.62780267,,,1.12820506,0.668864429,0.255464137,0.357446522,15.825881,6,0,,,1,1
135196741,0.150000006,0.633484185,,,1.12820506,0.652747214,0.264536083,0.341080099,15.8395166,6,0,,,1,1
135197906,0.150000006,0.62500006,,,1.08791208,0.652747214,0.274276078,0.326146811,15.8031559,6,0,,,1,1
135199069,0.150000006,0.604545414,,,1.07179475,0.701098859,0.284760714,0.312466323,15.8349714,6,0,,,1,1
135200230,0.150000006,0.572687209,,,1.04761899,0.781684935,0.296078801,0.2998873,15.7940655,6,0,,,1,1
135201393,0.150000006,0.560185194,,,0.975091517,0.76556772,0.308333844,0.288281828,15.8122463,6,0,,,1,1
135202554,0.150000006,0.477477491,,,0.854212403,0.934798479,0.321647197,0.27754119,15.8077011,6,0,,,1,1
135203717,0.150000006,0.470046103,,,0.821977973,0.926739872,0.33616212,0.267572135,15.8077011,6,0,,,1,1
135204877,0.150000006,0.450819671,,,0.886446834,1.07985342,0.352048993,0.258294374,15.8167906,6,0,,,1,1
135206041,0.150000006,0.427860707,,,0.693040252,0.926739872,0.369511962,0.249638453,15.8031559,6,0,,,1,1
135207405,0.150000006,0.409090906,,,0.725274682,1.04761899,0.38879782,0.241543889,15.8122463,6,0,,,1,1
135208535,0.150000006,0.401869148,,,0.693040252,1.03150177,0.38879782,0.241543889,15.7986107,6,0,,,1,1
135209667,0.150000006,0,,,0,1.78901088,0.38879782,0.241543889,15.6940746,6,0,,,1,1
135210796,0.150000006,0,,,0,1.83736253,0.38879782,0.241543889,15.7258902,6,0,,,1,1
135211923,0.150000006,0,,,0,1.72454202,0.38879782,0.241543889,15.7122545,6,0,,,1,1
135213052,0.150000006,0,,,0,1.82930398,0.38879782,0.241543889,15.7167997,6,0,,,1,1
135214179,0.150000006,0,,,0,1.70036626,0.38879782,0.241543889,15.7122545,6,0,,,1,1
135215342,0.150000006,0,,,0,1.90183139,0.410207689,0.233957782,15.7167997,6,0,,,1,1
135216502,0.150000006,0,,,0,1.74065924,0.434112906,0.226833642,15.7122545,6,0,,,1,1
135217666,0.150000006,0,,,0,1.79706955,0.46097675,0.220130563,15.7395248,6,0,,,1,1
135218826,0.150000006,0,,,0,1.70036626,0.491384685,0.213812277,15.7077093,6,0,,,1,1
135219989,0.150000006,0,,,0,1.82124531,0.526087642,0.207846582,15.7804308,6,0,,,1,1
135221154,0.150000006,0,,,0,1.71648335,0.566064656,0.202204734,15.7258902,6,0,,,1,1
135222317,0.150000006,0,,,0,1.74065924,0.578719437,0.200637549,15.7895203,6,0,,,1,1
135223477,0.150000006,0,,,0,1.8051281,0.543324769,0.205273688,15.7758856,6,0,,,1,1
135224640,0.150000006,0,,,0,1.67619038,0.512009144,0.210129291,15.7349796,6,0,,,1,1
135225800,0.150000006,0,,,0,1.88571417,0.484106302,0.215220243,15.7713404,6,0,,,1,1
135226963,0.150000006,0,,,0,1.65201449,0.459087372,0.220564038,15.7122545,6,0,,,1,1
135228327,0.150000006,0,,,0,1.70036626,0.436527371,0.226179957,15.7713404,6,0,,,1,1
135229490,0.150000006,0,,,0,1.90988994,0.416080654,0.232089356,15.7531605,6,0,,,1,1
135230650,0.150000006,0,,,0,1.68424892,0.397463709,0.23831585,15.6986198,6,0,,,1,1
135231813,0.150000006,0,,,0,1.83736253,0.380441427,0.244885594,15.7577057,6,0,,,1,1
135232979,0.150000006,0,,,0,1.69230759,0.364817232,0.251827836,15.6895294,6,0,,,1,1
135234142,0.150000006,0,,,0,1.8051281,0.35042581,0.259175181,15.7349796,6,0,,,1,1
135235302,0.150000006,0,,,0,1.70036626,0.337126702,0.266964167,15.6940746,6,0,,,1,1
135236466,0.150000006,0,,,0,1.78095222,0.324800074,0.275235772,15.7122545,6,0,,,1,1
135237626,0.150000006,0,,,0,1.85347974,0.313343108,0.284036398,15.7122545,6,0,,,1,1
135238789,0.150000006,0,,,0,1.58754563,0.302666873,0.293418407,15.6668043,6,0,,,1,1
135239949,0.150000006,0,,,0,1.77289367,0.292694181,0.303441346,15.6758938,6,0,,,1,1
135241112,0.150000006,0,,,0,1.78095222,0.28335771,0.314173251,15.6349888,6,0,,,1,1
135242273,0.150000006,0,,,0,1.66007316,0.274598449,0.325692147,15.6577139,6,0,,,1,1
135243440,0.150000006,0,,,0,1.81318665,0.266364515,0.338087827,15.6122637,6,0,,,1,1
135244600,0.150000006,0,,,0,1.67619038,0.25860998,0.351464391,15.6531687,6,0,,,1,1
135245764,0.150000006,0,,,0,1.84542108,0.251294196,0.365942985,15.6122637,6,0,,,1,1
135246924,0.150000006,0.431818187,,,0.76556772,1.00732589,0.248038113,0.373074919,15.7804308,6,0,,,1,1
135248088,0.150000006,0.605263174,,,1.11208785,0.725274682,0.253960639,0.360432148,15.825881,6,0,,,1,1
135249452,0.150000006,0.61572051,,,1.13626361,0.709157467,0.262924224,0.343797565,15.8077011,6,0,,,1,1
135250615,0.150000006,0.624390244,,,1.03150177,0.620512784,0.272543728,0.328630656,15.825881,6,0,,,1,1
135251775,0.150000006,0.607142866,,,1.09597063,0.709157467,0.282893866,0.314745426,15.8167906,6,0,,,1,1
135252938,0.150000006,0.590673625,,,0.918681264,0.636629999,0.294061124,0.301985979,15.8167906,6,0,,,1,1
135254099,0.150000006,0.576923072,,,0.967032909,0.709157467,0.306146324,0.290220737,15.8167906,6,0,,,1,1
135255266,0.150000006,0.488479286,,,0.854212403,0.894505441,0.319267422,0.279337823,15.7940655,6,0,,,1,1
135256427,0.150000006,0.485436887,,,0.805860758,0.854212403,0.333563596,0.269241601,15.7895203,6,0,,,1,1
135257590,0.150000006,0.442553192,,,0.838095188,1.05567765,0.34920007,0.259849787,15.8031559,6,0,,,1,1
135258751,0.150000006,0.433179736,,,0.757509112,0.991208732,0.366374671,0.251091093,15.8122463,6,0,,,1,1
135259914,0.150000006,0.419913411,,,0.781684935,1.07985342,0.385326028,0.242903575,15.8122463,6,0,,,1,1
135261041,0.150000006,0.393034846,,,0.636629999,0.983150125,0.385326028,0.242903575,15.7804308,6,0,,,1,1
135262170,0.150000006,0,,,0,1.8051281,0.385326028,0.242903575,15.6849842,6,0,,,1,1
135263298,0.150000006,0,,,0,1.72454202,0.385326028,0.242903575,15.7122545,6,0,,,1,1
135264427,0.150000006,0,,,0,1.75677645,0.385326028,0.242903575,15.7304344,6,0,,,1,1
135265554,0.150000006,0,,,0,1.89377284,0.385326028,0.242903575,15.6895294,6,0,,,1,1
135266689,0.150000006,0,,,0,1.74871778,0.385326028,0.242903575,15.7440701,6,0,,,1,1
135267849,0.150000006,0,,,0,1.79706955,0.406344891,0.235233143,15.6849842,6,0,,,1,1
135269012,0.150000006,0,,,0,1.77289367,0.429789156,0.228032351,15.7304344,6,0,,,1,1
135270376,0.150000006,0,,,0,1.87765551,0.456104308,0.221259296,15.7349796,6,0,,,1,1
135271539,0.150000006,0,,,0,1.74065924,0.485852122,0.21487698,15.7167997,6,0,,,1,1
135272700,0.150000006,0,,,0,1.72454202,0.519751012,0.20885253,15.7395248,6,0,,,1,1
135273863,0.150000006,0,,,0,1.83736253,0.558735132,0.203156695,15.7213449,6,0,,,1,1
135275023,0.150000006,0,,,0,1.68424892,0.569939017,0.201714918,15.7758856,6,0,,,1,1
135276187,0.150000006,0,,,0,1.87765551,0.53557837,0.206401572,15.7440701,6,0,,,1,1
135277347,0.150000006,0,,,0,1.62783873,0.505124211,0.211311311,15.7395248,6,0,,,1,1
135278515,0.150000006,0,,,0,1.78095222,0.477946877,0.216460407,15.7758856,6,0,,,1,1
135279675,0.150000006,0,,,0,1.72454202,0.453544527,0.221866742,15.7213449,6,0,,,1,1
135280839,0.150000006,0,,,0,1.86959696,0.431512892,0.227550045,15.7577057,6,0,,,1,1
135281999,0.150000006,0,,,0,1.86959696,0.411522508,0.233532205,15.7122545,6,0,,,1,1
135283163,0.150000006,0,,,0,1.66813183,0.393302292,0.239837408,15.7577057,6,0,,,1,1
135284323,0.150000006,0,,,0,1.81318665,0.376627058,0.246492475,15.7258902,6,0,,,1,1
135285487,0.150000006,0,,,0,1.66007316,0.361308306,0.253527462,15.6940746,6,0,,,1,1
135286647,0.150000006,0,,,0,1.83736253,0.347187012,0.260975778,15.7258902,6,0,,,1,1
135287810,0.150000006,0,,,0,1.67619038,0.334128022,0.268874973,15.6758938,6,0,,,1,1
135288971,0.150000006,0,,,0,1.87765551,0.322015792,0.277267337,15.7077093,6,0,,,1,1
135290139,0.150000006,0,,,0,1.73260069,0.310750991,0.286200464,15.680439,6,0,,,1,1
135291503,0.150000006,0,,,0,1.66813183,0.300247699,0.295728326,15.7122545,6,0,,,1,1
135292667,0.150000006,0,,,0,1.77289367,0.290431201,0.305912465,15.6668043,6,0,,,1,1
135293827,0.150000006,0,,,0,1.75677645,0.281236291,0.316823006,15.6486235,6,0,,,1,1
135294991,0.150000006,0,,,0,1.76483512,0.272605717,0.328540653,15.639534,6,0,,,1,1
135296151,0.150000006,0,,,0,1.83736253,0.264489055,0.34115833,15.6031733,6,0,,,1,1
135297315,0.150000006,0,,,0,1.78901088,0.256841779,0.354783803,15.6440792,6,0,,,1,1
135298476,0.150000006,0.00873362459,,,0.0161172152,1.82930398,0.249700353,0.369376451,15.6349888,6,0,,,1,1
135299639,0.150000006,0.492822975,,,0.830036581,0.854212403,0.247154787,0.375091255,15.8167906,6,0,,,1,1
135300799,0.150000006,0.625570774,,,1.10402918,0.660805821,0.254436731,0.35947752,15.8213358,6,0,,,1,1
135301967,0.150000006,0.621359229,,,1.03150177,0.628571391,0.263434559,0.342928916,15.8077011,6,0,,,1,1
135303128,0.150000006,0.632653058,,,0.99926734,0.580219746,0.273092121,0.327836901,15.8122463,6,0,,,1,1
135304292,0.150000006,0.590090096,,,1.05567765,0.73333329,0.283484727,0.314017236,15.8077011,6,0,,,1,1
135305452,0.150000006,0.583732069,,,0.983150125,0.701098859,0.294699639,0.301315576,15.825881,6,0,,,1,1
135306615,0.150000006,0.550458729,,,0.967032909,0.789743543,0.306838423,0.289601475,15.8122463,6,0,,,1,1
135307775,0.150000006,0.492682934,,,0.813919365,0.838095188,0.320020199,0.278764099,15.7895203,6,0,,,1,1
135308939,0.150000006,0.480000019,,,0.870329618,0.942857087,0.334385365,0.268708557,15.8167906,6,0,,,1,1
135310099,0.150000006,0.448113203,,,0.76556772,0.942857087,0.350100815,0.25935322,15.7895203,6,0,,,1,1
135311262,0.150000006,0.452488691,,,0.805860758,0.975091517,0.367366314,0.250627428,15.8031559,6,0,,,1,1
135312627,0.150000006,0.424892724,,,0.79780215,1.07985342,0.386423051,0.242469624,15.7940655,6,0,,,1,1
135313761,0.150000006,0.372549027,,,0.612454176,1.03150177,0.386423051,0.242469624,15.8122463,6,0,,,1,1
135314888,0.150000006,0,,,0,1.90988994,0.386423051,0.242469624,15.6758938,6,0,,,1,1
135316018,0.150000006,0,,,0,1.73260069,0.386423051,0.242469624,15.7349796,6,0,,,1,1
135317151,0.150000006,0,,,0,1.65201449,0.386423051,0.242469624,15.7304344,6,0,,,1,1
135318282,0.150000006,0,,,0,1.8051281,0.386423051,0.242469624,15.7031641,6,0,,,1,1
135319408,0.150000006,0,,,0,1.68424892,0.386423051,0.242469624,15.7304344,6,0,,,1,1
135320572,0.150000006,0,,,0,1.83736253,0.407565087,0.234826148,15.7167997,6,0,,,1,1
135321732,0.150000006,0,,,0,1.70842481,0.43115443,0.227649868,15.7395248,6,0,,,1,1
135322895,0.150000006,0,,,0,1.95018303,0.457642198,0.22089918,15.7531605,6,0,,,1,1
135324060,0.150000006,0,,,0,1.73260069,0.487597525,0.214537323,15.7167997,6,0,,,1,1
135325223,0.150000006,0,,,0,1.93406582,0.52174902,0.208531648,15.7713404,6,0,,,1,1
135326383,0.150000006,0,,,0,1.76483512,0.561044753,0.202853084,15.7122545,6,0,,,1,1
135327546,0.150000006,0,,,0,1.78095222,0.57638526,0.200919628,15.7622499,6,0,,,1,1
135328706,0.150000006,0,,,0,1.75677645,0.541266799,0.205568969,15.7395248,6,0,,,1,1
135329869,0.150000006,0,,,0,1.76483512,0.510181069,0.210438728,15.7758856,6,0,,,1,1
135331030,0.150000006,0,,,0,1.96630025,0.482471794,0.215544865,15.7531605,6,0,,,1,1
135332193,0.150000006,0,,,0,1.6358974,0.457617193,0.220905006,15.7077093,6,0,,,1,1
135333557,0.150000006,0,,,0,1.83736253,0.43519789,0.226538524,15.7349796,6,0,,,1,1
135334720,0.150000006,0,,,0,1.82124531,0.414872646,0.232466921,15.7258902,6,0,,,1,1
135335885,0.150000006,0,,,0,1.68424892,0.396361262,0.238713965,15.7349796,6,0,,,1,1
135337048,0.150000006,0,,,0,1.88571417,0.379431248,0.245305985,15.7304344,6,0,,,1,1
135338209,0.150000006,0,,,0,1.66007316,0.363888264,0.252272397,15.6986198,6,0,,,1,1
135339372,0.150000006,0,,,0,1.81318665,0.349568546,0.259646118,15.7486153,6,0,,,1,1
135340532,0.150000006,0,,,0,1.72454202,0.336333156,0.267463833,15.6622591,6,0,,,1,1
135341695,0.150000006,0,,,0,1.87765551,0.32406351,0.275766939,15.7031641,6,0,,,1,1
135342856,0.150000006,0,,,0,1.79706955,0.312657565,0.284602076,15.6713495,6,0,,,1,1
135344020,0.150000006,0,,,0,1.77289367,0.302027166,0.294022143,15.6940746,6,0,,,1,1
135345180,0.150000006,0,,,0,1.84542108,0.2920959,0.304087043,15.680439,6,0,,,1,1
135346343,0.150000006,0,,,0,1.69230759,0.282796949,0.31486553,15.6258984,6,0,,,1,1
135347508,0.150000006,0,,,0,1.87765551,0.274071813,0.326436132,15.6713495,6,0,,,1,1
135348671,0.150000006,0,,,0,1.65201449,0.265868932,0.338889599,15.6213531,6,0,,,1,1
135349831,0.150000006,0,,,0,1.77289367,0.258142829,0.352330893,15.6440792,6,0,,,1,1
135350995,0.150000006,0,,,0,1.86959696,0.250853062,0.366882563,15.6077185,6,0,,,1,1
135352155,0.150000006,0.437229425,,,0.813919365,1.04761899,0.247654691,0.373945713,15.8213358,6,0,,,1,1
135353318,0.150000006,0.621276557,,,1.17655671,0.717216074,0.253801107,0.360753983,15.8167906,6,0,,,1,1
135354683,0.150000006,0.630434811,,,1.16849804,0.684981644,0.262753248,0.344090372,15.7758856,6,0,,,1,1
135355846,0.150000006,0.617924571,,,1.05567765,0.652747214,0.272359997,0.328898191,15.825881,6,0,,,1,1
135357006,0.150000006,0.602620125,,,1.11208785,0.73333329,0.282695919,0.314990819,15.8122463,6,0,,,1,1
135358169,0.150000006,0.593301475,,,0.99926734,0.684981644,0.293847263,0.302211881,15.8440609,6,0,,,1,1
135359335,0.150000006,0.568720341,,,0.967032909,0.73333329,0.305914521,0.290429354,15.8440609,6,0,,,1,1
135360498,0.150000006,0.51243782,,,0.830036581,0.789743543,0.319015324,0.279531121,15.7667952,6,0,,,1,1
135361659,0.150000006,0.460093915,,,0.789743543,0.926739872,0.333288401,0.26942119,15.8122463,6,0,,,1,1
135362822,0.150000006,0.446902692,,,0.813919365,1.00732589,0.34889853,0.260017008,15.7713404,6,0,,,1,1
135363982,0.150000006,0.423963159,,,0.741391897,1.00732589,0.366042733,0.251247197,15.825881,6,0,,,1,1
135365146,0.150000006,0.419913411,,,0.781684935,1.07985342,0.384958863,0.243049696,15.784976,6,0,,,1,1
135366273,0.150000006,0.375634521,,,0.596336961,0.991208732,0.384958863,0.243049696,15.8167906,6,0,,,1,1
135367403,0.150000006,0,,,0,1.84542108,0.384958863,0.243049696,15.680439,6,0,,,1,1
135368530,0.150000006,0,,,0,1.60366297,0.384958863,0.243049696,15.7122545,6,0,,,1,1
135369659,0.150000006,0,,,0,1.87765551,0.384958863,0.243049696,15.7304344,6,0,,,1,1
135370791,0.150000006,0,,,0,1.78901088,0.384958863,0.243049696,15.6713495,6,0,,,1,1
135371921,0.150000006,0,,,0,1.86153841,0.384958863,0.243049696,15.7304344,6,0,,,1,1
135373081,0.150000006,0,,,0,1.78095222,0.405936599,0.235370204,15.6758938,6,0,,,1,1
135374244,0.150000006,0,,,0,1.84542108,0.429332435,0.228161126,15.7531605,6,0,,,1,1
135375608,0.150000006,0,,,0,1.90183139,0.45558998,0.221380517,15.7304344,6,0,,,1,1
135376772,0.150000006,0,,,0,1.67619038,0.485268533,0.214991331,15.7304344,6,0,,,1,1
135377932,0.150000006,0,,,0,1.90988994,0.519083261,0.208960578,15.7667952,6,0,,,1,1
135379095,0.150000006,0,,,0,1.70036626,0.55796349,0.203258932,15.7304344,6,0,,,1,1
135380255,0.150000006,0,,,0,1.82124531,0.566690922,0.202124938,15.7804308,6,0,,,1,1
135381419,0.150000006,0,,,0,1.76483512,0.532709062,0.206830889,15.7213449,6,0,,,1,1
135382584,0.150000006,0,,,0,1.71648335,0.502571166,0.21176134,15.7577057,6,0,,,1,1
135383747,0.150000006,0,,,0,1.89377284,0.475660503,0.216932654,15.7440701,6,0,,,1,1
135384907,0.150000006,0,,,0,1.58754563,0.451485157,0.222362891,15.7304344,6,0,,,1,1
135386071,0.150000006,0,,,0,1.90988994,0.42964831,0.228071988,15.7304344,6,0,,,1,1
135387231,0.150000006,0,,,0,1.64395595,0.409826368,0.234081998,15.7440701,6,0,,,1,1
135388395,0.150000006,0,,,0,1.73260069,0.39175269,0.240417302,15.7349796,6,0,,,1,1
135389555,0.150000006,0,,,0,1.77289367,0.375205874,0.247105047,15.7258902,6,0,,,1,1
135390718,0.150000006,0,,,0,1.71648335,0.360000193,0.254175514,15.6940746,6,0,,,1,1
135391878,0.150000006,0,,,0,1.78901088,0.345978945,0.261662543,15.7304344,6,0,,,1,1
135393046,0.150000006,0,,,0,1.68424892,0.333008975,0.269603997,15.6622591,6,0,,,1,1
135394207,0.150000006,0,,,0,1.79706955,0.320976317,0.278042674,15.6895294,6,0,,,1,1
135395370,0.150000006,0,,,0,1.82124531,0.309782863,0.287026614,15.6668043,6,0,,,1,1
135396735,0.150000006,0,,,0,1.70842481,0.299343765,0.296610475,15.6895294,6,0,,,1,1
135397898,0.150000006,0,,,0,1.82930398,0.289585352,0.306856513,15.6895294,6,0,,,1,1
135399059,0.150000006,0,,,0,1.75677645,0.280443102,0.317835748,15.6168089,6,0,,,1,1
135400223,0.150000006,0,,,0,1.76483512,0.271860361,0.329629779,15.6531687,6,0,,,1,1
135401383,0.150000006,0,,,0,1.87765551,0.263787419,0.34233281,15.6168089,6,0,,,1,1
135402546,0.150000006,0,,,0,1.78095222,0.256180048,0.356054246,15.6440792,6,0,,,1,1
135403707,0.150000006,0.0130434772,,,0.0241758227,1.82930398,0.249112248,0.370670944,15.6531687,6,0,,,1,1
135404875,0.150000006,0.50234741,,,0.862271011,0.854212403,0.246733651,0.376065403,15.7940655,6,0,,,1,1
135406036,0.150000006,0.632743359,,,1.15238094,0.668864429,0.25428316,0.359784514,15.8304262,6,0,,,1,1
135407199,0.150000006,0.621621609,,,1.11208785,0.676923037,0.263269931,0.343208283,15.784976,6,0,,,1,1
135408360,0.150000006,0.610576987,,,1.02344322,0.652747214,0.272915214,0.328092188,15.8213358,6,0,,,1,1
135409523,0.150000006,0.597457588,,,1.13626361,0.76556772,0.283294111,0.314251482,15.8031559,6,0,,,1,1
135410683,0.150000006,0.585365891,,,0.967032909,0.684981644,0.294493616,0.301531225,15.8304262,6,0,,,1,1
135411847,0.150000006,0.554621875,,,1.0637362,0.854212403,0.306615114,0.289800674,15.8304262,6,0,,,1,1
135413007,0.150000006,0.512690365,,,0.813919365,0.773626328,0.31977728,0.278948694,15.7940655,6,0,,,1,1
135414170,0.150000006,0.485576928,,,0.813919365,0.862271011,0.334120184,0.268880099,15.8213358,6,0,,,1,1
135415330,0.150000006,0.454545468,,,0.805860758,0.967032909,0.349810123,0.259513021,15.7758856,6,0,,,1,1
135416499,0.150000006,0.421800941,,,0.717216074,0.983150125,0.367046237,0.250776559,15.8167906,6,0,,,1,1
135417863,0.150000006,0.423728824,,,0.805860758,1.09597063,0.38606894,0.242609248,15.825881,6,0,,,1,1
135418993,0.150000006,0.38916254,,,0.636629999,0.99926734,0.38606894,0.242609248,15.7758856,6,0,,,1,1
135420120,0.150000006,0,,,0,1.8051281,0.38606894,0.242609248,15.6940746,6,0,,,1,1
135421250,0.150000006,0,,,0,1.71648335,0.38606894,0.242609248,15.7077093,6,0,,,1,1
135422376,0.150000006,0,,,0,1.79706955,0.38606894,0.242609248,15.6940746,6,0,,,1,1
135423506,0.150000006,0,,,0,1.90183139,0.38606894,0.242609248,15.7031641,6,0,,,1,1
135424632,0.150000006,0,,,0,1.72454202,0.38606894,0.242609248,15.7531605,6,0,,,1,1
135425795,0.150000006,0,,,0,1.87765551,0.40717116,0.234957144,15.6986198,6,0,,,1,1
135426955,0.150000006,0,,,0,1.75677645,0.430713654,0.227772936,15.7395248,6,0,,,1,1
135428123,0.150000006,0,,,0,1.77289367,0.457145602,0.221015051,15.7395248,6,0,,,1,1
135429283,0.150000006,0,,,0,1.74871778,0.487033844,0.214646623,15.7077093,6,0,,,1,1
135430447,0.150000006,0,,,0,1.83736253,0.521103621,0.208634928,15.7349796,6,0,,,1,1
135431607,0.150000006,0,,,0,1.92600727,0.560298562,0.202950791,15.7304344,6,0,,,1,1
135432770,0.150000006,0,,,0,1.79706955,0.580335438,0.200444043,15.7758856,6,0,,,1,1
135433930,0.150000006,0,,,0,1.82124531,0.544748902,0.205071121,15.784976,6,0,,,1,1
135435093,0.150000006,0,,,0,1.66007316,0.513273597,0.209917039,15.7167997,6,0,,,1,1
135436253,0.150000006,0,,,0,1.89377284,0.485236585,0.21499759,15.7667952,6,0,,,1,1
135437416,0.150000006,0,,,0,1.69230759,0.46010375,0.220330209,15.7213449,6,0,,,1,1
135438780,0.150000006,0,,,0,1.74871778,0.437446177,0.225934073,15.7440701,6,0,,,1,1
135439948,0.150000006,0,,,0,1.90183139,0.416915327,0.231830463,15.7349796,6,0,,,1,1
135441108,0.150000006,0,,,0,1.66813183,0.398225307,0.238042861,15.7213449,6,0,,,1,1
135442272,0.150000006,0,,,0,1.93406582,0.3811391,0.24459739,15.7395248,6,0,,,1,1
135443432,0.150000006,0,,,0,1.69230759,0.365458727,0.251523077,15.7077093,6,0,,,1,1
135444596,0.150000006,0,,,0,1.65201449,0.351017624,0.258852392,15.7077093,6,0,,,1,1
135445756,0.150000006,0,,,0,1.78901088,0.337674409,0.266621679,15.6758938,6,0,,,1,1
135446920,0.150000006,0,,,0,1.69230759,0.325308472,0.274871767,15.7167997,6,0,,,1,1
135448080,0.150000006,0,,,0,1.89377284,0.313816249,0.283648759,15.6849842,6,0,,,1,1
135449243,0.150000006,0,,,0,1.61172152,0.303108275,0.293004721,15.6758938,6,0,,,1,1
135450403,0.150000006,0,,,0,1.90988994,0.293106943,0.30299896,15.6895294,6,0,,,1,1
135451572,0.150000006,0,,,0,1.76483512,0.283744574,0.313699037,15.639534,6,0,,,1,1
135452732,0.150000006,0,,,0,1.73260069,0.27496174,0.325182557,15.6849842,6,0,,,1,1
135453896,0.150000006,0,,,0,1.82930398,0.266706318,0.337538749,15.6077185,6,0,,,1,1
135455056,0.150000006,0,,,0,1.76483512,0.258932173,0.350870997,15.6622591,6,0,,,1,1
135456219,0.150000006,0,,,0,1.88571417,0.251598388,0.365299851,15.6168089,6,0,,,1,1
135457379,0.150000006,0.427272737,,,0.757509112,1.01538455,0.248295307,0.372494549,15.7986107,6,0,,,1,1
135458543,0.150000006,0.621739149,,,1.15238094,0.701098859,0.254296094,0.359758645,15.8213358,6,0,,,1,1
135459907,0.150000006,0.631147563,,,1.24102557,0.725274682,0.263283819,0.34318471,15.7895203,6,0,,,1,1
135461071,0.150000006,0.621890545,,,1.00732589,0.612454176,0.272930115,0.32807067,15.8440609,6,0,,,1,1
135462231,0.150000006,0.602564096,,,1.13626361,0.749450505,0.283310175,0.314231724,15.8122463,6,0,,,1,1
135463399,0.150000006,0.570707083,,,0.910622656,0.684981644,0.29451099,0.301513046,15.7986107,6,0,,,1,1
135464560,0.150000006,0.565789461,,,1.03956032,0.79780215,0.306633919,0.289783865,15.8122463,6,0,,,1,1
135465724,0.150000006,0.497674406,,,0.862271011,0.870329618,0.319797754,0.278933108,15.7940655,6,0,,,1,1
135466884,0.150000006,0.469194293,,,0.79780215,0.902564049,0.334142506,0.268865615,15.8167906,6,0,,,1,1
135468048,0.150000006,0.46443513,,,0.894505441,1.03150177,0.349834621,0.25949952,15.784976,6,0,,,1,1
135469208,0.150000006,0.434782594,,,0.725274682,0.942857087,0.367073208,0.250764012,15.8031559,6,0,,,1,1
135470372,0.150000006,0.415929198,,,0.757509112,1.0637362,0.386098772,0.242597476,15.8167906,6,0,,,1,1
135471499,0.150000006,0.388888896,,,0.676923037,1.0637362,0.386098772,0.242597476,15.7804308,6,0,,,1,1
135472628,0.150000006,0,,,0,1.75677645,0.386098772,0.242597476,15.680439,6,0,,,1,1
135473760,0.150000006,0,,,0,1.76483512,0.386098772,0.242597476,15.7213449,6,0,,,1,1
135474889,0.150000006,0,,,0,1.79706955,0.386098772,0.242597476,15.7122545,6,0,,,1,1
135476016,0.150000006,0,,,0,1.86959696,0.386098772,0.242597476,15.6940746,6,0,,,1,1
135477145,0.150000006,0,,,0,1.71648335,0.386098772,0.242597476,15.7486153,6,0,,,1,1
135478305,0.150000006,0,,,0,1.90988994,0.40720433,0.234946087,15.7122545,6,0,,,1,1
135479469,0.150000006,0,,,0,1.66813183,0.430750757,0.227762565,15.7213449,6,0,,,1,1
135480833,0.150000006,0,,,0,1.81318665,0.457187444,0.221005276,15.7667952,6,0,,,1,1
135481997,0.150000006,0,,,0,1.82124531,0.487081289,0.214637414,15.6849842,6,0,,,1,1
135483157,0.150000006,0,,,0,1.82124531,0.52115798,0.208626226,15.7758856,6,0,,,1,1
135484321,0.150000006,0,,,0,2.00659323,0.560361385,0.202942565,15.7622499,6,0,,,1,1
135485486,0.150000006,0,,,0,1.60366297,0.570890725,0.201595962,15.7304344,6,0,,,1,1
135486649,0.150000006,0,,,0,1.95018303,0.536418676,0.206277013,15.7667952,6,0,,,1,1
135487809,0.150000006,0,,,0,1.79706955,0.505871654,0.211180791,15.7167997,6,0,,,1,1
135488972,0.150000006,0,,,0,1.86153841,0.478615999,0.216323435,15.784976,6,0,,,1,1
135490132,0.150000006,0,,,0,1.86959696,0.454147011,0.221722826,15.7031641,6,0,,,1,1
135491295,0.150000006,0,,,0,1.76483512,0.432058215,0.227398723,15.7577057,6,0,,,1,1
135492456,0.150000006,0,,,0,1.73260069,0.412018478,0.233372808,15.7440701,6,0,,,1,1
135493619,0.150000006,0,,,0,1.72454202,0.393755287,0.239669248,15.6758938,6,0,,,1,1
135494779,0.150000006,0,,,0,1.73260069,0.377042413,0.246314898,15.7349796,6,0,,,1,1
135495942,0.150000006,0,,,0,1.8051281,0.361690581,0.253339589,15.6986198,6,0,,,1,1
135497107,0.150000006,0,,,0,1.74871778,0.347539961,0.260776699,15.7440701,6,0,,,1,1
135498270,0.150000006,0,,,0,1.83736253,0.334454894,0.268663704,15.6895294,6,0,,,1,1
135499430,0.150000006,0,,,0,1.68424892,0.322319388,0.277042687,15.6849842,6,0,,,1,1
135500593,0.150000006,0,,,0,1.95018303,0.311033726,0.285961062,15.6849842,6,0,,,1,1
135501958,0.150000006,0,,,0,1.78095222,0.300511628,0.295472711,15.6622591,6,0,,,1,1
135503121,0.150000006,0,,,0,1.84542108,0.290678173,0.305638939,15.6986198,6,0,,,1,1
135504282,0.150000006,0,,,0,1.78901088,0.281467825,0.316529691,15.6440792,6,0,,,1,1
135505446,0.150000006,0,,,0,1.6358974,0.272823244,0.328225195,15.6758938,6,0,,,1,1
135506606,0.150000006,0,,,0,1.74065924,0.264693826,0.340818167,15.6349888,6,0,,,1,1
135507769,0.150000006,0,,,0,1.83736253,0.257034868,0.354416043,15.6077185,6,0,,,1,1
135508934,0.150000006,0,,,0,1.76483512,0.249806702,0.369143963,15.6440792,6,0,,,1,1
135510098,0.150000006,0.495967746,,,0.991208732,1.00732589,0.247134984,0.375136852,15.8077011,6,0,,,1,1
135511259,0.150000006,0.630136967,,,1.11208785,0.652747214,0.254404515,0.359541804,15.8077011,6,0,,,1,1
135512422,0.150000006,0.628820956,,,1.16043949,0.684981644,0.263400048,0.342987418,15.8440609,6,0,,,1,1
135513583,0.150000006,0.638297856,,,0.967032909,0.547985315,0.273055047,0.327890337,15.7940655,6,0,,,1,1
135514746,0.150000006,0.59803921,,,0.983150125,0.660805821,0.283444762,0.314066291,15.8395166,6,0,,,1,1
135515907,0.150000006,0.594470024,,,1.03956032,0.709157467,0.294656426,0.301360726,15.784976,6,0,,,1,1
135517070,0.150000006,0.555023968,,,0.934798479,0.749450505,0.306791604,0.289643198,15.8304262,6,0,,,1,1
135518231,0.150000006,0.506329119,,,0.967032909,0.942857087,0.319969267,0.278802752,15.7895203,6,0,,,1,1
135519394,0.150000006,0.464114845,,,0.781684935,0.902564049,0.334329784,0.268744528,15.8122463,6,0,,,1,1
135520559,0.150000006,0.468354434,,,0.894505441,1.01538455,0.35003987,0.259386688,15.8077011,6,0,,,1,1
135521927,0.150000006,0.422222227,,,0.76556772,1.04761899,0.367299199,0.250658661,15.7713404,6,0,,,1,1
135523087,0.150000006,0.397129208,,,0.668864429,1.01538455,0.386348814,0.242498875,15.8122463,6,0,,,1,1
135524218,0.150000006,0.416309029,,,0.781684935,1.09597063,0.386348814,0.242498875,15.784976,6,0,,,1,1
135525345,0.150000006,0,,,0,1.72454202,0.386348814,0.242498875,15.7122545,6,0,,,1,1
135526475,0.150000006,0,,,0,1.9743588,0.386348814,0.242498875,15.7349796,6,0,,,1,1
135527602,0.150000006,0,,,0,1.69230759,0.386348814,0.242498875,15.6895294,6,0,,,1,1
135528732,0.150000006,0,,,0,1.96630025,0.386348814,0.242498875,15.7440701,6,0,,,1,1
135529859,0.150000006,0,,,0,1.75677645,0.386348814,0.242498875,15.6668043,6,0,,,1,1
135531022,0.150000006,0,,,0,1.86959696,0.407482475,0.23485361,15.7349796,6,0,,,1,1
135532187,0.150000006,0,,,0,1.81318665,0.431062013,0.227675647,15.6895294,6,0,,,1,1
135533351,0.150000006,0,,,0,1.70036626,0.457538068,0.220923454,15.7713404,6,0,,,1,1
135534512,0.150000006,0,,,0,1.93406582,0.487479329,0.214560226,15.7486153,6,0,,,1,1
135535675,0.150000006,0,,,0,1.64395595,0.521613657,0.208553299,15.7213449,6,0,,,1,1
135536835,0.150000006,0,,,0,1.78901088,0.560888231,0.202873558,15.7667952,6,0,,,1,1
135537998,0.150000006,0,,,0,1.68424892,0.587300658,0.199626312,15.7167997,6,0,,,1,1
135539158,0.150000006,0,,,0,1.74065924,0.550881624,0.204215288,15.7895203,6,0,,,1,1
135540322,0.150000006,0,,,0,1.85347974,0.518714547,0.209020376,15.7486153,6,0,,,1,1
135541482,0.150000006,0,,,0,1.70036626,0.490096539,0.214057088,15.7440701,6,0,,,1,1
135542854,0.150000006,0,,,0,1.86959696,0.464471012,0.219342574,15.7304344,6,0,,,1,1
135544014,0.150000006,0,,,0,1.77289367,0.441392064,0.224895686,15.7258902,6,0,,,1,1
135545178,0.150000006,0,,,0,1.81318665,0.420498073,0.230737299,15.7440701,6,0,,,1,1
135546338,0.150000006,0,,,0,1.98241746,0.401492715,0.23689048,15.7349796,6,0,,,1,1
135547502,0.150000006,0,,,0,1.68424892,0.384131074,0.243380815,15.6986198,6,0,,,1,1
135548662,0.150000006,0,,,0,2.01465178,0.368208736,0.250236809,15.7213449,6,0,,,1,1
135549826,0.150000006,0,,,0,1.83736253,0.353553832,0.257490277,15.6713495,6,0,,,1,1
135550986,0.150000006,0,,,0,1.82930398,0.340020835,0.265176803,15.7213449,6,0,,,1,1
135552150,0.150000006,0,,,0,1.99853468,0.327485621,0.273336381,15.6440792,6,0,,,1,1
135553310,0.150000006,0,,,0,1.82124531,0.315841794,0.282014012,15.7304344,6,0,,,1,1
135554479,0.150000006,0,,,0,1.90183139,0.304997534,0.291260719,15.6486235,6,0,,,1,1
135555639,0.150000006,0,,,0,1.66813183,0.294873238,0.301134288,15.6713495,6,0,,,1,1
135556803,0.150000006,0,,,0,1.72454202,0.285399497,0.311700821,15.6758938,6,0,,,1,1
135557963,0.150000006,0,,,0,1.8051281,0.276515543,0.323035836,15.6258984,6,0,,,1,1
135559127,0.150000006,0,,,0,1.79706955,0.268167943,0.335226327,15.6622591,6,0,,,1,1
135560287,0.150000006,0,,,0,1.84542108,0.260309607,0.348373055,15.6122637,6,0,,,1,1
135561450,0.150000006,0,,,0,1.73260069,0.252898753,0.362592936,15.6440792,6,0,,,1,1
135562610,0.150000006,0.460251063,,,0.886446834,1.03956032,0.249848947,0.369051754,15.8213358,6,0,,,1,1
135563978,0.150000006,0.627615035,,,1.20879114,0.717216074,0.256591856,0.355261803,15.7986107,6,0,,,1,1
135565139,0.150000006,0.620689631,,,1.01538455,0.620512784,0.265745521,0.339090317,15.8349714,6,0,,,1,1
135566307,0.150000006,0.620535731,,,1.12014651,0.684981644,0.275576442,0.324326992,15.825881,6,0,,,1,1
135567467,0.150000006,0.601941764,,,0.99926734,0.660805821,0.286162645,0.310795546,15.8031559,6,0,,,1,1
135568631,0.150000006,0.586956501,,,1.08791208,0.76556772,0.297594696,0.29834801,15.8213358,6,0,,,1,1
135569791,0.150000006,0.528037369,,,0.910622656,0.813919365,0.309978187,0.286859125,15.7895203,6,0,,,1,1
135570955,0.150000006,0.504716992,,,0.862271011,0.846153796,0.323437005,0.276222259,15.7940655,6,0,,,1,1
135572116,0.150000006,0.467248917,,,0.862271011,0.983150125,0.338117599,0.266346008,15.8077011,6,0,,,1,1
135573280,0.150000006,0.460784316,,,0.757509112,0.886446834,0.354194254,0.257151663,15.8167906,6,0,,,1,1
135574440,0.150000006,0.432432443,,,0.773626328,1.01538455,0.371876061,0.248570904,15.8213358,6,0,,,1,1
135575603,0.150000006,0.409523815,,,0.693040252,0.99926734,0.391415983,0.240544289,15.7577057,6,0,,,1,1
135576730,0.150000006,0.370535702,,,0.668864429,1.13626361,0.391415983,0.240544289,15.8122463,6,0,,,1,1
135577865,0.150000006,0,,,0,1.86959696,0.391415983,0.240544289,15.6213531,6,0,,,1,1
135578992,0.150000006,0,,,0,1.81318665,0.391415983,0.240544289,15.7667952,6,0,,,1,1
135580122,0.150000006,0,,,0,1.84542108,0.391415983,0.240544289,15.6668043,6,0,,,1,1
135581248,0.150000006,0,,,0,1.6358974,0.391415983,0.240544289,15.7622499,6,0,,,1,1
135582378,0.150000006,0,,,0,1.90183139,0.391415983,0.240544289,15.7077093,6,0,,,1,1
135583539,0.150000006,0,,,0,1.66007316,0.41312322,0.233019829,15.6986198,6,0,,,1,1
135584906,0.150000006,0,,,0,2.03076911,0.437379539,0.225951865,15.7258902,6,0,,,1,1
135586066,0.150000006,0,,,0,1.8051281,0.464661896,0.219300047,15.7031641,6,0,,,1,1
135587229,0.150000006,0,,,0,1.84542108,0.495574236,0.213028654,15.7531605,6,0,,,1,1
135588390,0.150000006,0,,,0,2.03076911,0.53089273,0.207105979,15.7304344,6,0,,,1,1
135589558,0.150000006,0,,,0,1.6358974,0.57163161,0.201503739,15.7258902,6,0,,,1,1
135590718,0.150000006,0,,,0,1.83736253,0.572481394,0.201398358,15.7758856,6,0,,,1,1
135591881,0.150000006,0,,,0,1.68424892,0.537822664,0.206070155,15.7167997,6,0,,,1,1
135593041,0.150000006,0,,,0,1.76483512,0.507120192,0.21096395,15.7804308,6,0,,,1,1
135594205,0.150000006,0,,,0,2.00659323,0.479733378,0.216095924,15.7077093,6,0,,,1,1
135595365,0.150000006,0,,,0,1.61978006,0.455152988,0.221483871,15.7577057,6,0,,,1,1
135596528,0.150000006,0,,,0,2.05494499,0.432968616,0.227147326,15.7349796,6,0,,,1,1
135597688,0.150000006,0,,,0,1.58754563,0.412846267,0.233108044,15.7167997,6,0,,,1,1
135598852,0.150000006,0,,,0,1.82930398,0.394511253,0.239390031,15.7258902,6,0,,,1,1
135600012,0.150000006,0,,,0,1.75677645,0.377735555,0.246019959,15.7167997,6,0,,,1,1
135601180,0.150000006,0,,,0,1.78095222,0.362328351,0.253027618,15.7304344,6,0,,,1,1
135602340,0.150000006,0,,,0,1.84542108,0.348128736,0.260446191,15.7077093,6,0,,,1,1
135603503,0.150000006,0,,,0,1.72454202,0.335000157,0.268312901,15.6986198,6,0,,,1,1
135604663,0.150000006,0,,,0,1.84542108,0.32282576,0.276669621,15.7213449,6,0,,,1,1
135606031,0.150000006,0,,,0,1.75677645,0.311505258,0.285563648,15.6577139,6,0,,,1,1
135607191,0.150000006,0,,,0,1.82124531,0.300951749,0.295048445,15.7031641,6,0,,,1,1
135608354,0.150000006,0,,,0,1.77289367,0.291089922,0.30518502,15.6668043,6,0,,,1,1
135609515,0.150000006,0,,,0,1.77289367,0.281853884,0.31604287,15.6577139,6,0,,,1,1
135610678,0.150000006,0,,,0,1.95018303,0.273185968,0.327701747,15.6758938,6,0,,,1,1
135611839,0.150000006,0,,,0,1.74871778,0.265035242,0.34025386,15.6077185,6,0,,,1,1
135613007,0.150000006,0,,,0,1.72454202,0.257356793,0.35380581,15.6531687,6,0,,,1,1
135614168,0.150000006,0.00873362459,,,0.0161172152,1.82930398,0.250187129,0.368316412,15.6213531,6,0,,,1,1
135615331,0.150000006,0.5,,,0.838095188,0.838095188,0.247693181,0.373858035,15.825881,6,0,,,1,1
135616491,0.150000006,0.619607806,,,1.27326,0.781684935,0.255085051,0.358191341,15.8031559,6,0,,,1,1
135617655,0.150000006,0.639593959,,,1.01538455,0.572161138,0.264129609,0.341758221,15.8077011,6,0,,,1,1
135618815,0.150000006,0.61860466,,,1.07179475,0.660805821,0.273839146,0.326766819,15.8167906,6,0,,,1,1
135619978,0.150000006,0.610091746,,,1.07179475,0.684981644,0.284289777,0.313035339,15.8213358,6,0,,,1,1
135621139,0.150000006,0.588785052,,,1.01538455,0.709157467,0.295569718,0.300411373,15.8304262,6,0,,,1,1
135622302,0.150000006,0.568181813,,,1.00732589,0.76556772,0.307781786,0.288766146,15.8304262,6,0,,,1,1
135623467,0.150000006,0.50234741,,,0.862271011,0.854212403,0.321046472,0.277990013,15.7804308,6,0,,,1,1
135624630,0.150000006,0.473214298,,,0.854212403,0.950915694,0.335506022,0.267989248,15.8213358,6,0,,,1,1
135625791,0.150000006,0.446808487,,,0.846153796,1.04761899,0.351329476,0.258683085,15.7577057,6,0,,,1,1
135627159,0.150000006,0.435185194,,,0.757509112,0.983150125,0.368719369,0.25000155,15.8077011,6,0,,,1,1
135628319,0.150000006,0.411016941,,,0.781684935,1.12014651,0.387920409,0.24188377,15.8122463,6,0,,,1,1
135629450,0.150000006,0.400990099,,,0.652747214,0.975091517,0.387920409,0.24188377,15.7758856,6,0,,,1,1
135630576,0.150000006,0,,,0,1.88571417,0.387920409,0.24188377,15.6986198,6,0,,,1,1
135631706,0.150000006,0,,,0,1.81318665,0.387920409,0.24188377,15.7077093,6,0,,,1,1
135632833,0.150000006,0,,,0,1.82930398,0.387920409,0.24188377,15.6940746,6,0,,,1,1
135633963,0.150000006,0,,,0,1.90183139,0.387920409,0.24188377,15.7031641,6,0,,,1,1
135635095,0.150000006,0,,,0,1.77289367,0.387920409,0.24188377,15.6986198,6,0,,,1,1
135636258,0.150000006,0,,,0,1.99853468,0.409231126,0.234276608,15.7258902,6,0,,,1,1
135637419,0.150000006,0,,,0,1.57948709,0.43301937,0.227133363,15.7077093,6,0,,,1,1
135638582,0.150000006,0,,,0,2.03882766,0.459743857,0.220412835,15.7395248,6,0,,,1,1
135639743,0.150000006,0,,,0,1.71648335,0.489984035,0.21407856,15.7349796,6,0,,,1,1
135640906,0.150000006,0,,,0,1.8051281,0.524482489,0.208098188,15.7622499,6,0,,,1,1
135642066,0.150000006,0,,,0,1.84542108,0.564206719,0.20244287,15.7258902,6,0,,,1,1
135643229,0.150000006,0,,,0,1.70036626,0.591059744,0.199195683,15.7713404,6,0,,,1,1
135644390,0.150000006,0,,,0,1.87765551,0.554187536,0.203764662,15.7486153,6,0,,,1,1
135645553,0.150000006,0,,,0,1.78901088,0.521644771,0.208548322,15.7213449,6,0,,,1,1
135646718,0.150000006,0,,,0,1.81318665,0.492711425,0.213562042,15.7486153,6,0,,,1,1
135648085,0.150000006,0,,,0,1.87765551,0.466818988,0.218822807,15.7122545,6,0,,,1,1
135649246,0.150000006,0,,,0,1.68424892,0.443511963,0.224349305,15.7622499,6,0,,,1,1
135650409,0.150000006,0,,,0,1.87765551,0.422421545,0.230162203,15.7440701,6,0,,,1,1
135651570,0.150000006,0,,,0,1.76483512,0.403245896,0.236284345,15.6849842,6,0,,,1,1
135652734,0.150000006,0,,,0,1.94212437,0.385735661,0.242741063,15.7395248,6,0,,,1,1
135653894,0.150000006,0,,,0,1.87765551,0.369682789,0.24956055,15.680439,6,0,,,1,1
135655058,0.150000006,0,,,0,1.85347974,0.354912668,0.256774306,15.7258902,6,0,,,1,1
135656218,0.150000006,0,,,0,1.85347974,0.341277421,0.264417499,15.7031641,6,0,,,1,1
135657381,0.150000006,0,,,0,1.61978006,0.32865113,0.272529662,15.6758938,6,0,,,1,1
135658546,0.150000006,0,,,0,1.90183139,0.316925764,0.281155348,15.7077093,6,0,,,1,1
135659709,0.150000006,0,,,0,1.73260069,0.30600825,0.290344954,15.6531687,6,0,,,1,1
135660870,0.150000006,0,,,0,1.8051281,0.295817852,0.300155491,15.6986198,6,0,,,1,1
135662033,0.150000006,0,,,0,1.85347974,0.286284268,0.310652226,15.6304436,6,0,,,1,1
135663193,0.150000006,0,,,0,1.77289367,0.277346015,0.321909726,15.6713495,6,0,,,1,1
135664357,0.150000006,0,,,0,1.87765551,0.268949002,0.33401382,15.6440792,6,0,,,1,1
135665517,0.150000006,0,,,0,1.66007316,0.261045486,0.34706372,15.6304436,6,0,,,1,1
135666680,0.150000006,0,,,0,1.8051281,0.253593206,0.361174822,15.6122637,6,0,,,1,1
135667841,0.150000006,0.441176504,,,0.846153796,1.07179475,0.250359595,0.367943168,15.8213358,6,0,,,1,1
135669208,0.150000006,0.61038959,,,1.13626361,0.725274682,0.256615996,0.355215549,15.8167906,6,0,,,1,1
135670373,0.150000006,0.633027494,,,1.11208785,0.644688606,0.265771389,0.339048207,15.825881,6,0,,,1,1
135671537,0.150000006,0.601809919,,,1.07179475,0.709157467,0.275604278,0.324288458,15.7986107,6,0,,,1,1
135672697,0.150000006,0.596244156,,,1.02344322,0.693040252,0.286192656,0.31076017,15.8213358,6,0,,,1,1
135673860,0.150000006,0.563559294,,,1.07179475,0.830036581,0.297627151,0.298315406,15.8077011,6,0,,,1,1
135675020,0.150000006,0.5625,,,0.942857087,0.73333329,0.310013384,0.286828995,15.825881,6,0,,,1,1
135676184,0.150000006,0.506493509,,,0.942857087,0.918681264,0.323475331,0.276194304,15.8213358,6,0,,,1,1
135677344,0.150000006,0.474226803,,,0.741391897,0.821977973,0.338159502,0.26632002,15.7940655,6,0,,,1,1
135678507,0.150000006,0.447619051,,,0.757509112,0.934798479,0.354240239,0.257127434,15.8122463,6,0,,,1,1
135679668,0.150000006,0.438053071,,,0.79780215,1.02344322,0.371926725,0.248548269,15.7758856,6,0,,,1,1
135680831,0.150000006,0.403587461,,,0.725274682,1.07179475,0.391472131,0.240523085,15.8077011,6,0,,,1,1
135681963,0.150000006,0.384615391,,,0.725274682,1.16043949,0.391472131,0.240523085,15.7895203,6,0,,,1,1
135683092,0.150000006,0,,,0,1.78095222,0.391472131,0.240523085,15.6758938,6,0,,,1,1
135684219,0.150000006,0,,,0,1.92600727,0.391472131,0.240523085,15.7304344,6,0,,,1,1
135685349,0.150000006,0,,,0,1.67619038,0.391472131,0.240523085,15.680439,6,0,,,1,1
135686475,0.150000006,0,,,0,1.92600727,0.391472131,0.240523085,15.7258902,6,0,,,1,1
135687605,0.150000006,0,,,0,1.73260069,0.391472131,0.240523085,15.7077093,6,0,,,1,1
135688765,0.150000006,0,,,0,1.73260069,0.413185775,0.232999936,15.7395248,6,0,,,1,1
135690132,0.150000006,0,,,0,1.88571417,0.437449634,0.225933164,15.7349796,6,0,,,1,1
135691292,0.150000006,0,,,0,1.75677645,0.464740992,0.219282433,15.7122545,6,0,,,1,1
135692460,0.150000006,0,,,0,1.94212437,0.495664239,0.213012025,15.7395248,6,0,,,1,1
135693620,0.150000006,0,,,0,1.76483512,0.530995965,0.207090273,15.7122545,6,0,,,1,1
135694783,0.150000006,0,,,0,1.77289367,0.571751356,0.201488867,15.7940655,6,0,,,1,1
135695944,0.150000006,0,,,0,1.88571417,0.569170833,0.201811314,15.7304344,6,0,,,1,1
135697107,0.150000006,0,,,0,1.69230759,0.53489989,0.206502497,15.7577057,6,0,,,1,1
135698267,0.150000006,0,,,0,1.76483512,0.504520714,0.211417109,15.7531605,6,0,,,1,1
135699431,0.150000006,0,,,0,1.86959696,0.477406472,0.21657142,15.7031641,6,0,,,1,1
135700591,0.150000006,0,,,0,1.74871778,0.453057915,0.221983358,15.7531605,6,0,,,1,1
135701754,0.150000006,0,,,0,1.87765551,0.431072354,0.227672771,15.6849842,6,0,,,1,1
135702914,0.150000006,0,,,0,1.5956043,0.411121786,0.233661458,15.7622499,6,0,,,1,1
135704082,0.150000006,0,,,0,1.9743588,0.392936289,0.239973694,15.6986198,6,0,,,1,1
135705242,0.150000006,0,,,0,1.64395595,0.376291454,0.246636465,15.7167997,6,0,,,1,1
135706406,0.150000006,0,,,0,1.86153841,0.360999435,0.253679752,15.6895294,6,0,,,1,1
135707566,0.150000006,0,,,0,1.78095222,0.346901774,0.261137158,15.7122545,6,0,,,1,1
135708729,0.150000006,0,,,0,1.81318665,0.333863854,0.269046336,15.7077093,6,0,,,1,1
135709890,0.150000006,0,,,0,1.92600727,0.3217704,0.277449518,15.7213449,6,0,,,1,1
135711257,0.150000006,0,,,0,1.78901088,0.310522497,0.286394536,15.6168089,6,0,,,1,1
135712417,0.150000006,0,,,0,1.88571417,0.300034374,0.295935601,15.6895294,6,0,,,1,1
135713580,0.150000006,0,,,0,1.78901088,0.290231586,0.306134254,15.6304436,6,0,,,1,1
135714740,0.150000006,0,,,0,1.75677645,0.281049103,0.317060918,15.6940746,6,0,,,1,1
135715908,0.150000006,0,,,0,1.76483512,0.272429824,0.328796446,15.6304436,6,0,,,1,1
135717068,0.150000006,0,,,0,1.61172152,0.264323503,0.341434151,15.6349888,6,0,,,1,1
135718231,0.150000006,0,,,0,1.78095222,0.256685674,0.355082124,15.6122637,6,0,,,1,1
135719391,0.150000006,0.0164609049,,,0.0322344303,1.92600727,0.24962002,0.369552374,15.598628,6,0,,,1,1
135720555,0.150000006,0.491228074,,,0.902564049,0.934798479,0.24719584,0.374996722,15.825881,6,0,,,1,1
135721715,0.150000006,0.620553374,,,1.26520133,0.773626328,0.254503071,0.359345168,15.8031559,6,0,,,1,1
135722878,0.150000006,0.645933032,,,1.08791208,0.596336961,0.263505667,0.342808455,15.8167906,6,0,,,1,1
135724038,0.150000006,0.629108012,,,1.07985342,0.636629999,0.273168564,0.327726811,15.8304262,6,0,,,1,1
135725201,0.150000006,0.598086119,,,1.00732589,0.676923037,0.283567101,0.313916236,15.8031559,6,0,,,1,1
135726362,0.150000006,0.575471699,,,0.983150125,0.725274682,0.294788629,0.301222563,15.8304262,6,0,,,1,1
135727530,0.150000006,0.557446837,,,1.05567765,0.838095188,0.306934923,0.289515555,15.7895203,6,0,,,1,1
135728690,0.150000006,0.516746402,,,0.870329618,0.813919365,0.320125163,0.278684527,15.8213358,6,0,,,1,1
135729853,0.150000006,0.486956507,,,0.902564049,0.950915694,0.334499985,0.268634647,15.8031559,6,0,,,1,1
135731013,0.150000006,0.458128065,,,0.749450505,0.886446834,0.350226462,0.259284347,15.784976,6,0,,,1,1
135732381,0.150000006,0.424242437,,,0.676923037,0.918681264,0.367504656,0.250563055,15.8122463,6,0,,,1,1
135733541,0.150000006,0.427350432,,,0.805860758,1.07985342,0.386576116,0.242409408,15.7895203,6,0,,,1,1
135734671,0.150000006,0.379999995,,,0.612454176,0.99926734,0.386576116,0.242409408,15.8167906,6,0,,,1,1
135735798,0.150000006,0,,,0,1.99047613,0.386576116,0.242409408,15.6622591,6,0,,,1,1
135736928,0.150000006,0,,,0,1.66007316,0.386576116,0.242409408,15.7258902,6,0,,,1,1
135738054,0.150000006,0,,,0,1.79706955,0.386576116,0.242409408,15.6940746,6,0,,,1,1
135739188,0.150000006,0,,,0,1.82930398,0.386576116,0.242409408,15.6895294,6,0,,,1,1
135740315,0.150000006,0,,,0,1.74065924,0.386576116,0.242409408,15.7258902,6,0,,,1,1
135741478,0.150000006,0,,,0,1.86153841,0.407735348,0.234769687,15.6758938,6,0,,,1,1
135742638,0.150000006,0,,,0,1.69230759,0.431344986,0.22759679,15.7667952,6,0,,,1,1
135743802,0.150000006,0,,,0,1.9743588,0.457856894,0.220849186,15.7258902,6,0,,,1,1
135744963,0.150000006,0,,,0,1.77289367,0.487841249,0.21449019,15.7213449,6,0,,,1,1
135746126,0.150000006,0,,,0,1.82930398,0.522028089,0.208487138,15.7713404,6,0,,,1,1
135747287,0.150000006,0,,,0,1.78095222,0.561367452,0.202810928,15.7167997,6,0,,,1,1
135748450,0.150000006,0,,,0,1.76483512,0.588713109,0.199463636,15.8077011,6,0,,,1,1
135749610,0.150000006,0,,,0,1.77289367,0.552124083,0.204045057,15.7713404,6,0,,,1,1
135750778,0.150000006,0,,,0,1.77289367,0.519816041,0.208842039,15.7304344,6,0,,,1,1
135751938,0.150000006,0,,,0,1.83736253,0.491079688,0.213870093,15.784976,6,0,,,1,1
135753306,0.150000006,0,,,0,1.89377284,0.465353996,0.219146222,15.7077093,6,0,,,1,1
135754466,0.150000006,0,,,0,1.83736253,0.442189336,0.22468929,15.7713404,6,0,,,1,1
135755629,0.150000006,0,,,0,1.92600727,0.421221584,0.230520025,15.7077093,6,0,,,1,1
135756790,0.150000006,0,,,0,1.60366297,0.40215227,0.236661464,15.7213449,6,0,,,1,1
135757953,0.150000006,0,,,0,1.86153841,0.38473478,0.243139088,15.7077093,6,0,,,1,1
135759114,0.150000006,0,,,0,1.81318665,0.368763387,0.249981299,15.6986198,6,0,,,1,1
135760277,0.150000006,0,,,0,1.78095222,0.35406518,0.257219762,15.7258902,6,0,,,1,1
135761437,0.150000006,0,,,0,1.90183139,0.340493739,0.264889896,15.6849842,6,0,,,1,1
135762605,0.150000006,0,,,0,1.74065924,0.327924281,0.273031503,15.7031641,6,0,,,1,1
135763766,0.150000006,0,,,0,1.90183139,0.316249818,0.281689465,15.6986198,6,0,,,1,1
135764929,0.150000006,0,,,0,1.75677645,0.30537799,0.290914595,15.6531687,6,0,,,1,1
135766089,0.150000006,0,,,0,1.70842481,0.295228839,0.300764322,15.6940746,6,0,,,1,1
135767253,0.150000006,0,,,0,1.96630025,0.285732597,0.31130442,15.6349888,6,0,,,1,1
135768413,0.150000006,0,,,0,1.73260069,0.276828229,0.32261011,15.6940746,6,0,,,1,1
135769576,0.150000006,0,,,0,1.90183139,0.268462062,0.334767908,15.6440792,6,0,,,1,1
135770736,0.150000006,0,,,0,1.77289367,0.260586739,0.347877949,15.6031733,6,0,,,1,1
135771900,0.150000006,0,,,0,1.89377284,0.253160268,0.362056702,15.6213531,6,0,,,1,1
135773065,0.150000006,0.429752052,,,0.838095188,1.11208785,0.249837935,0.369075775,15.8077011,6,0,,,1,1
135774432,0.150000006,0.608490527,,,1.03956032,0.668864429,0.255839109,0.356715024,15.8031559,6,0,,,1,1
135775593,0.150000006,0.645631075,,,1.07179475,0.588278353,0.264938176,0.340413988,15.8304262,6,0,,,1,1
135776756,0.150000006,0.612612605,,,1.09597063,0.693040252,0.274708331,0.325537711,15.7713404,6,0,,,1,1
135777917,0.150000006,0.596153855,,,0.99926734,0.676923037,0.285226703,0.311907202,15.8213358,6,0,,,1,1
135779080,0.150000006,0.583333313,,,1.07179475,0.76556772,0.29658258,0.299372226,15.7940655,6,0,,,1,1
135780240,0.150000006,0.565217376,,,0.942857087,0.725274682,0.30888024,0.287805825,15.8304262,6,0,,,1,1
135781403,0.150000006,0.50666666,,,0.918681264,0.894505441,0.322241813,0.277099967,15.7940655,6,0,,,1,1
135782564,0.150000006,0.458937168,,,0.76556772,0.902564049,0.336811692,0.267161995,15.7804308,6,0,,,1,1
135783727,0.150000006,0.459459454,,,0.821977973,0.967032909,0.352761477,0.257912189,15.7940655,6,0,,,1,1
135784892,0.150000006,0.424107134,,,0.76556772,1.03956032,0.370296955,0.249281421,15.7940655,6,0,,,1,1
135786055,0.150000006,0.425339341,,,0.757509112,1.02344322,0.389666975,0.241209626,15.8031559,6,0,,,1,1
135787182,0.150000006,0.383928567,,,0.693040252,1.11208785,0.389666975,0.241209626,15.825881,6,0,,,1,1
135788311,0.150000006,0,,,0,1.73260069,0.389666975,0.241209626,15.639534,6,0,,,1,1
135789438,0.150000006,0,,,0,1.99047613,0.389666975,0.241209626,15.7622499,6,0,,,1,1
135790567,0.150000006,0,,,0,1.6358974,0.389666975,0.241209626,15.6849842,6,0,,,1,1
135791694,0.150000006,0,,,0,1.90988994,0.389666975,0.241209626,15.7213449,6,0,,,1,1
135792824,0.150000006,0,,,0,1.77289367,0.389666975,0.241209626,15.7031641,6,0,,,1,1
135793985,0.150000006,0,,,0,1.85347974,0.411175311,0.233644173,15.7304344,6,0,,,1,1
135795352,0.150000006,0,,,0,1.82124531,0.435196757,0.226538837,15.7167997,6,0,,,1,1
135796518,0.150000006,0,,,0,1.89377284,0.462199092,0.219852895,15.7213449,6,0,,,1,1
135797681,0.150000006,0,,,0,1.77289367,0.492773861,0.213550329,15.7213449,6,0,,,1,1
135798841,0.150000006,0,,,0,2.02271056,0.527680218,0.207599029,15.7122545,6,0,,,1,1
135800005,0.150000006,0,,,0,1.68424892,0.567908943,0.201970428,15.7713404,6,0,,,1,1
135801165,0.150000006,0,,,0,1.89377284,0.57589668,0.200979069,15.7440701,6,0,,,1,1
135802328,0.150000006,0,,,0,1.61978006,0.540835977,0.205631182,15.7440701,6,0,,,1,1
135803489,0.150000006,0,,,0,1.76483512,0.509798348,0.210503921,15.7440701,6,0,,,1,1
135804652,0.150000006,0,,,0,1.81318665,0.482129425,0.215613276,15.7167997,6,0,,,1,1
135805812,0.150000006,0,,,0,1.8051281,0.457309216,0.22097683,15.7486153,6,0,,,1,1
135806976,0.150000006,0,,,0,2.02271056,0.434919298,0.226614088,15.7077093,6,0,,,1,1
135808140,0.150000006,0,,,0,1.77289367,0.414619505,0.232546508,15.7486153,6,0,,,1,1
135809303,0.150000006,0,,,0,1.85347974,0.396130204,0.238797843,15.7304344,6,0,,,1,1
135810464,0.150000006,0,,,0,1.71648335,0.379219443,0.245394573,15.6849842,6,0,,,1,1
135811627,0.150000006,0,,,0,1.84542108,0.363693446,0.252366126,15.7304344,6,0,,,1,1
135812787,0.150000006,0,,,0,1.82124531,0.349388808,0.259745359,15.6895294,6,0,,,1,1
135813950,0.150000006,0,,,0,1.78901088,0.336166769,0.267569155,15.7440701,6,0,,,1,1
135815111,0.150000006,0,,,0,1.89377284,0.323909014,0.275878966,15.7077093,6,0,,,1,1
135816478,0.150000006,0,,,0,1.66813183,0.312513709,0.284721375,15.6531687,6,0,,,1,1
135817645,0.150000006,0,,,0,1.84542108,0.301892936,0.294149399,15.7213449,6,0,,,2,1
135818809,0.150000006,0,,,0,1.9179486,0.291970372,0.30422321,15.6304436,5.99900007,0,,,2,1
135819974,0.150000006,0,,,0,1.71648335,0.28267929,0.315011501,15.7031641,5.99900007,0,,,2,1
135821137,0.150000006,0,,,0,1.82124531,0.273961306,0.326593041,15.639534,5.99599981,0,,,2,1
135822297,0.150000006,0,,,0,1.74065924,0.265764922,0.339058727,15.6304436,5.99599981,0,,,2,1
135823461,0.150000006,0,,,0,1.61978006,0.258044749,0.35251376,15.6258984,5.99399996,0,,,2,1
135824621,0.150000006,0.00925925933,,,0.0161172152,1.72454202,0.250841856,0.366906524,15.6258984,5.99399996,0,,,2,1
135825784,0.150000006,0.511415482,,,0.902564049,0.862271011,0.248442486,0.372163802,15.8167906,5.99199963,0,,,2,1
135826945,0.150000006,0.607692301,,,1.27326,0.821977973,0.255988777,0.356424421,15.8122463,5.99199963,0,,,2,1
135828108,0.150000006,0.654450238,,,1.00732589,0.5318681,0.265098691,0.340149343,15.7940655,5.98900032,0,,,2,1
135829269,0.150000006,0.611374378,,,1.03956032,0.660805821,0.274880946,0.325295687,15.8167906,5.98900032,0,,,2,1
135830432,0.150000006,0.601809919,,,1.07179475,0.709157467,0.285412759,0.311684996,15.8031559,5.98699999,0,,,2,1
135831597,0.150000006,0.575471699,,,0.983150125,0.725274682,0.296783775,0.299167514,15.8349714,5.98699999,0,,,2,1
135832760,0.150000006,0.548837185,,,0.950915694,0.781684935,0.309098452,0.28761667,15.8122463,5.98500013,0,,,2,1
135833921,0.150000006,0.504672885,,,0.870329618,0.854212403,0.322479337,0.27692458,15.7804308,5.98500013,0,,,2,1
135835084,0.150000006,0.488584459,,,0.862271011,0.902564049,0.33707118,0.266998947,15.825881,5.98199987,0,,,2,1
135836245,0.150000006,0.448979586,,,0.886446834,1.08791208,0.353046119,0.257760227,15.7758856,5.98199987,0,,,2,1
135837613,0.150000006,0.430622011,,,0.725274682,0.958974302,0.370610625,0.249139503,15.8167906,5.98000002,0,,,2,1
135838773,0.150000006,0.405172408,,,0.757509112,1.11208785,0.390014321,0.241076723,15.8213358,5.98000002,0,,,2,1
135839903,0.150000006,0.388888896,,,0.620512784,0.975091517,0.390014321,0.241076723,15.7758856,5.97800016,0,,,2,1
135841030,0.150000006,0,,,0,1.95018303,0.390014321,0.241076723,15.6940746,5.97800016,0,,,2,1
135842164,0.150000006,0,,,0,1.74871778,0.390014321,0.241076723,15.7167997,5.9749999,0,,,2,1
135843291,0.150000006,0,,,0,1.93406582,0.390014321,0.241076723,15.7122545,5.9749999,0,,,2,1
135844421,0.150000006,0,,,0,1.82124531,0.390014321,0.241076723,15.7031641,5.97300005,0,,,2,1
135845547,0.150000006,0,,,0,1.72454202,0.390014321,0.241076723,15.7122545,5.97300005,0,,,2,1
135846711,0.150000006,0,,,0,1.99853468,0.411562115,0.233519435,15.7304344,5.97099972,0,,,2,1
135847871,0.150000006,0,,,0,1.66007316,0.435630083,0.226421595,15.6940746,5.97099972,0,,,2,1
135849035,0.150000006,0,,,0,1.9179486,0.46268788,0.219742492,15.7577057,5.96899986,0,,,2,1
135850196,0.150000006,0,,,0,1.82124531,0.493329495,0.21344614,15.7213449,5.96899986,0,,,2,1
135851359,0.150000006,0,,,0,1.85347974,0.528317451,0.207500562,15.7713404,5.96600008,0,,,2,1
135852519,0.150000006,0,,,0,1.90183139,0.568647027,0.201877236,15.7486153,5.96600008,0,,,2,1
135853687,0.150000006,0,,,0,1.65201449,0.585314929,0.199856773,15.7349796,5.96400023,0,,,2,1
135854848,0.150000006,0,,,0,1.92600727,0.549134195,0.204456463,15.7577057,5.96400023,0,,,2,1
135856011,0.150000006,0,,,0,1.78095222,0.517164886,0.209273055,15.7167997,5.96199989,0,,,2,1
135857172,0.150000006,0,,,0,1.70036626,0.488712877,0.21432212,15.7667952,5.96199989,0,,,2,1
135858539,0.150000006,0,,,0,2.18388271,0.463228136,0.219620854,15.7304344,5.95900011,0,,,2,1
135859699,0.150000006,0,,,0,1.6358974,0.44026947,0.22518827,15.7304344,5.95900011,0,,,2,1
135860862,0.150000006,0,,,0,1.90988994,0.419479072,0.231045276,15.6986198,5.95699978,0,,,2,1
135862022,0.150000006,0,,,0,1.78095222,0.400563657,0.237215102,15.7077093,5.95699978,0,,,2,1
135863186,0.150000006,0,,,0,1.86153841,0.383280545,0.243723497,15.7167997,5.954,0,,,2,1
135864346,0.150000006,0,,,0,1.92600727,0.3674272,0.250599056,15.7213449,5.954,0,,,2,1
135865514,0.150000006,0,,,0,1.72454202,0.352833182,0.257873893,15.7031641,5.95199966,0,,,2,1
135866674,0.150000006,0,,,0,1.74065924,0.339354217,0.265583664,15.7349796,5.95199966,0,,,2,1
135867838,0.150000006,0,,,0,1.67619038,0.326867223,0.273768663,15.6531687,5.94999981,0,,,2,1
135868998,0.150000006,0,,,0,1.71648335,0.315266579,0.28247419,15.7167997,5.94999981,0,,,2,1
135870161,0.150000006,0,,,0,1.9582417,0.304461122,0.291751564,15.6258984,5.94700003,0,,,2,1
135871321,0.150000006,0,,,0,1.70842481,0.294371843,0.301659048,15.7167997,5.94700003,0,,,2,1
135872485,0.150000006,0,,,0,1.82124531,0.284929723,0.312263072,15.6486235,5.94500017,0,,,2,1
135873645,0.150000006,0,,,0,1.74065924,0.276074529,0.32363978,15.6531687,5.94500017,0,,,2,1
135874809,0.150000006,0,,,0,1.69230759,0.267753184,0.335876763,15.6486235,5.94299984,0,,,2,1
135875969,0.150000006,0,,,0,1.84542108,0.259918779,0.349075526,15.6168089,5.94299984,0,,,2,1
135877137,0.150000006,0,,,0,1.69230759,0.2525298,0.363354087,15.639534,5.94000006,0,,,2,1
135878297,0.150000006,0.451737434,,,0.942857087,1.14432228,0.249414831,0.370003015,15.8167906,5.94000006,0,,,2,1
135879664,0.150000006,0.607305944,,,1.07179475,0.693040252,0.255790472,0.356809556,15.7667952,5.93799973,0,,,2,1
135880825,0.150000006,0.623762369,,,1.01538455,0.612454176,0.264886022,0.340500116,15.8304262,5.93799973,0,,,2,1
135881988,0.150000006,0.61572051,,,1.13626361,0.709157467,0.274652272,0.325616449,15.7895203,5.93599987,0,,,2,1
135883148,0.150000006,0.612244904,,,0.967032909,0.612454176,0.285166264,0.311979473,15.8395166,5.93599987,0,,,2,1
135884312,0.150000006,0.594827592,,,1.11208785,0.757509112,0.296517253,0.299438834,15.8122463,5.93299961,0,,,2,1
135885472,0.150000006,0.550505042,,,0.878388226,0.717216074,0.30880937,0.287867427,15.8031559,5.93299961,0,,,2,1
135886635,0.150000006,0.5,,,0.846153796,0.846153796,0.322164714,0.277157038,15.7895203,5.93099976,0,,,2,1
135887796,0.150000006,0.467248917,,,0.862271011,0.983150125,0.33672744,0.267215014,15.7940655,5.93099976,0,,,2,1
135888964,0.150000006,0.458937168,,,0.76556772,0.902564049,0.35266906,0.257961631,15.7940655,5.9289999,0,,,2,1
135890124,0.150000006,0.425619811,,,0.830036581,1.12014651,0.370195121,0.24932763,15.8122463,5.9289999,0,,,2,1
135891287,0.150000006,0.406091392,,,0.644688606,0.942857087,0.389554203,0.241252869,15.7758856,5.92600012,0,,,2,1
135892414,0.150000006,0.400881052,,,0.73333329,1.09597063,0.389554203,0.241252869,15.8122463,5.92600012,0,,,2,1
135893544,0.150000006,0,,,0,1.77289367,0.389554203,0.241252869,15.6349888,5.92400026,0,,,2,1
135894670,0.150000006,0,,,0,1.82930398,0.389554203,0.241252869,15.7577057,5.92400026,0,,,2,1
135895800,0.150000006,0,,,0,1.9179486,0.389554203,0.241252869,15.6531687,5.92199993,0,,,2,1
135896927,0.150000006,0,,,0,1.82124531,0.389554203,0.241252869,15.7758856,5.92199993,0,,,2,1
135898056,0.150000006,0,,,0,1.70842481,0.389554203,0.241252869,15.7304344,5.91900015,0,,,2,1
135899216,0.150000006,0,,,0,1.76483512,0.411049753,0.233684719,15.7167997,5.91900015,0,,,2,1
135900588,0.150000006,0,,,0,1.78901088,0.43505612,0.226576969,15.7304344,5.91699982,0,,,2,1
135901748,0.150000006,0,,,0,1.86153841,0.462040454,0.219888836,15.7031641,5.91699982,0,,,2,1
135902911,0.150000006,0,,,0,1.70036626,0.492593527,0.213584214,15.7622499,5.91499996,0,,,2,1
135904072,0.150000006,0,,,0,1.88571417,0.52747345,0.207631037,15.7258902,5.91499996,0,,,2,1
135905235,0.150000006,0,,,0,1.57948709,0.567669451,0.202000752,15.7349796,5.9119997,0,,,2,1
135906395,0.150000006,0,,,0,1.82930398,0.57642287,0.200915068,15.7577057,5.9119997,0,,,2,1
135907558,0.150000006,0,,,0,1.73260069,0.541299999,0.205564186,15.7395248,5.90999985,0,,,2,1
135908718,0.150000006,0,,,0,1.75677645,0.510210633,0.210433692,15.7895203,5.90999985,0,,,2,1
135909882,0.150000006,0,,,0,1.90988994,0.482498139,0.215539604,15.7577057,5.90799999,0,,,2,1
135911042,0.150000006,0,,,0,1.70036626,0.457640946,0.220899463,15.7395248,5.90799999,0,,,2,1
135912210,0.150000006,0,,,0,1.94212437,0.435219347,0.226532713,15.7349796,5.90500021,0,,,2,1
135913370,0.150000006,0,,,0,1.83736253,0.414892226,0.232460797,15.6713495,5.90500021,0,,,2,1
135914533,0.150000006,0,,,0,1.74065924,0.396379113,0.238707483,15.7667952,5.90299988,0,,,2,1
135915693,0.150000006,0,,,0,1.82930398,0.379447579,0.245299146,15.6895294,5.90299988,0,,,2,1
135916856,0.150000006,0,,,0,1.76483512,0.363903254,0.252265215,15.7440701,5.90100002,0,,,2,1
135918017,0.150000006,0,,,0,1.66813183,0.349582434,0.259638458,15.7486153,5.90100002,0,,,2,1
135919180,0.150000006,0,,,0,1.82930398,0.33634603,0.267455697,15.6758938,5.89799976,0,,,2,1
135920340,0.150000006,0,,,0,1.78901088,0.324075401,0.275758356,15.7122545,5.89799976,0,,,2,1
135921708,0.150000006,0,,,0,1.95018303,0.312668622,0.284592927,15.6849842,5.89599991,0,,,2,1
135922873,0.150000006,0,,,0,1.67619038,0.302037507,0.294012308,15.6713495,5.89599991,0,,,2,1
135924037,0.150000006,0,,,0,1.89377284,0.292105556,0.304076582,15.6758938,5.89400005,0,,,2,1
135925197,0.150000006,0,,,0,1.70036626,0.282806039,0.314854264,15.6349888,5.89400005,0,,,2,1
135926360,0.150000006,0,,,0,1.78095222,0.274080336,0.326424062,15.6622591,5.89099979,0,,,2,1
135927521,0.150000006,0,,,0,1.69230759,0.265876919,0.338876605,15.6258984,5.89099979,0,,,2,1
135928684,0.150000006,0,,,0,1.75677645,0.258150369,0.352316856,15.6213531,5.88899994,0,,,2,1
135929845,0.150000006,0,,,0,1.68424892,0.250860184,0.366867304,15.6622591,5.88899994,0,,,2,1
135931008,0.150000006,0.478991598,,,0.918681264,0.99926734,0.248020038,0.373115808,15.784976,5.88700008,0,,,2,1
135932168,0.150000006,0.62500006,,,1.08791208,0.652747214,0.254983425,0.358391851,15.8304262,5.88700008,0,,,2,1
135933331,0.150000006,0.621848762,,,1.19267392,0.725274682,0.264020681,0.341940731,15.8077011,5.88399982,0,,,2,1
135934497,0.150000006,0.62621361,,,1.03956032,0.620512784,0.273722053,0.326933652,15.8440609,5.88399982,0,,,2,1
135935660,0.150000006,0.602620125,,,1.11208785,0.73333329,0.284163594,0.313188463,15.8213358,5.88199997,0,,,2,1
135936820,0.150000006,0.577889442,,,0.926739872,0.676923037,0.295433313,0.300552398,15.8122463,5.88199997,0,,,2,1
135937983,0.150000006,0.577272773,,,1.02344322,0.749450505,0.307633907,0.288896441,15.8122463,5.88000011,0,,,2,1
135939144,0.150000006,0.493775934,,,0.958974302,0.983150125,0.320885569,0.278110772,15.8031559,5.88000011,0,,,2,1
135940307,0.150000006,0.476851851,,,0.830036581,0.910622656,0.335330307,0.268101484,15.8122463,5.87699986,0,,,2,1
135941467,0.150000006,0.439330518,,,0.846153796,1.07985342,0.351136804,0.258787632,15.8213358,5.87699986,0,,,2,1
135942835,0.150000006,0.417431176,,,0.73333329,1.02344322,0.368507147,0.250099212,15.784976,5.875,0,,,2,1
135943995,0.150000006,0.401913881,,,0.676923037,1.00732589,0.387685537,0.241975203,15.8167906,5.875,0,,,2,1
135945125,0.150000006,0.39301309,,,0.725274682,1.12014651,0.387685537,0.241975203,15.784976,5.87199974,0,,,2,1
135946256,0.150000006,0,,,0,1.74065924,0.387685537,0.241975203,15.7077093,5.87199974,0,,,2,1
135947386,0.150000006,0,,,0,1.8051281,0.387685537,0.241975203,15.7486153,5.86999989,0,,,2,1
135948513,0.150000006,0,,,0,1.67619038,0.387685537,0.241975203,15.6713495,5.86999989,0,,,2,1
135949642,0.150000006,0,,,0,1.9582417,0.387685537,0.241975203,15.7622499,5.86800003,0,,,2,1
135950769,0.150000006,0,,,0,1.6358974,0.387685537,0.241975203,15.6758938,5.86800003,0,,,2,1
135951932,0.150000006,0,,,0,1.90183139,0.40896973,0.234362379,15.7440701,5.86600018,0,,,2,1
135953093,0.150000006,0,,,0,1.83736253,0.432726711,0.227213979,15.6986198,5.86600018,0,,,2,1
135954256,0.150000006,0,,,0,1.66007316,0.459413975,0.220488742,15.7622499,5.86299992,0,,,2,1
135955416,0.150000006,0,,,0,1.90183139,0.489609361,0.214150175,15.7258902,5.86299992,0,,,2,1
135956580,0.150000006,0,,,0,1.64395595,0.524053156,0.208165854,15.7349796,5.86100006,0,,,2,1
135957745,0.150000006,0,,,0,1.78095222,0.563709974,0.202506915,15.7440701,5.86100006,0,,,2,1
135958909,0.150000006,0,,,0,1.83736253,0.572006524,0.201457202,15.7304344,5.85899973,0,,,2,1
135960069,0.150000006,0,,,0,1.83736253,0.537403703,0.206131741,15.7940655,5.85899973,0,,,2,1
135961233,0.150000006,0,,,0,1.96630025,0.506747544,0.211028516,15.7486153,5.85599995,0,,,2,1
135962393,0.150000006,0,,,0,1.65201449,0.47939992,0.21616368,15.7395248,5.85599995,0,,,2,1
135963760,0.150000006,0,,,0,1.89377284,0.45485279,0.221554995,15.7713404,5.85400009,0,,,2,1
135964920,0.150000006,0,,,0,1.82124531,0.432696939,0.22722216,15.7122545,5.85400009,0,,,2,1
135966083,0.150000006,0,,,0,1.6358974,0.412599295,0.233186886,15.7622499,5.85099983,0,,,2,1
135967244,0.150000006,0,,,0,1.9743588,0.394285738,0.239473164,15.7213449,5.85099983,0,,,2,1
135968407,0.150000006,0,,,0,1.69230759,0.377528757,0.246107787,15.7077093,5.84899998,0,,,2,1
135969572,0.150000006,0,,,0,1.84542108,0.362138093,0.253120512,15.6986198,5.84899998,0,,,2,1
135970735,0.150000006,0,,,0,1.84542108,0.347953141,0.260544568,15.680439,5.84700012,0,,,2,1
135971895,0.150000006,0,,,0,1.67619038,0.334837526,0.268417299,15.7213449,5.84700012,0,,,2,1
135973059,0.150000006,0,,,0,1.85347974,0.322674751,0.276780665,15.7077093,5.84399986,0,,,2,1
135974219,0.150000006,0,,,0,1.70842481,0.311364621,0.285681933,15.6849842,5.84399986,0,,,2,1
135975383,0.150000006,0,,,0,1.73260069,0.3008205,0.295174748,15.6986198,5.84200001,0,,,2,1
135976543,0.150000006,0,,,0,1.74871778,0.290967137,0.305320114,15.6349888,5.84200001,0,,,2,1
135977707,0.150000006,0,,,0,1.75677645,0.281738788,0.31618771,15.6895294,5.84000015,0,,,2,1
135978867,0.150000006,0,,,0,1.90988994,0.273077816,0.327857524,15.598628,5.84000015,0,,,2,1
135980031,0.150000006,0,,,0,1.70036626,0.264933437,0.340421796,15.6668043,5.83799982,0,,,2,1
135981196,0.150000006,0,,,0,1.76483512,0.257260829,0.353987336,15.6077185,5.83799982,0,,,2,1
135982359,0.150000006,0,,,0,1.69230759,0.250020087,0.368678987,15.6168089,5.83500004,0,,,2,1
135983520,0.150000006,0.444933921,,,0.813919365,1.01538455,0.246908396,0.375660181,15.8031559,5.83500004,0,,,2,1
135984887,0.150000006,0.618834078,,,1.11208785,0.684981644,0.253134966,0.362108469,15.8304262,5.83300018,0,,,2,1
135986047,0.150000006,0.648780465,,,1.07179475,0.580219746,0.262039363,0.3453224,15.7804308,5.83300018,0,,,2,1
135987210,0.150000006,0.623188376,,,1.03956032,0.628571391,0.271593034,0.330023646,15.8349714,5.82999992,0,,,2,1
135988371,0.150000006,0.606194675,,,1.10402918,0.717216074,0.281869709,0.316022962,15.784976,5.82999992,0,,,2,1
135989534,0.150000006,0.579999983,,,0.934798479,0.676923037,0.292954683,0.30316183,15.8486061,5.82800007,0,,,2,1
135990694,0.150000006,0.582959592,,,1.04761899,0.749450505,0.304947257,0.291306585,15.7986107,5.82800007,0,,,2,1
135991862,0.150000006,0.5,,,0.813919365,0.813919365,0.31796357,0.280343622,15.8213358,5.82600021,0,,,2,1
135993023,0.150000006,0.490384609,,,0.821977973,0.854212403,0.332140625,0.270175904,15.825881,5.82600021,0,,,2,1
135994186,0.150000006,0.441747576,,,0.73333329,0.926739872,0.347640902,0.260719895,15.7940655,5.82299995,0,,,2,1
135995346,0.150000006,0.446009398,,,0.76556772,0.950915694,0.364658713,0.251903445,15.8167906,5.82299995,0,,,2,1
135996510,0.150000006,0.420408189,,,0.830036581,1.14432228,0.383428395,0.243663743,15.7986107,5.8210001,0,,,2,1
135997636,0.150000006,0.382775128,,,0.644688606,1.03956032,0.383428395,0.243663743,15.825881,5.8210001,0,,,2,1
135998766,0.150000006,0,,,0,1.9743588,0.383428395,0.243663743,15.6668043,5.81899977,0,,,2,1
135999893,0.150000006,0,,,0,1.66007316,0.383428395,0.243663743,15.7304344,5.81899977,0,,,2,1
136001023,0.150000006,0,,,0,1.72454202,0.383428395,0.243663743,15.7077093,5.81599998,0,,,2,1
136002150,0.150000006,0,,,0,1.76483512,0.383428395,0.243663743,15.7122545,5.81599998,0,,,2,1
136003285,0.150000006,0,,,0,1.70842481,0.383428395,0.243663743,15.7395248,5.81400013,0,,,2,1
136004446,0.150000006,0,,,0,1.86959696,0.404235184,0.235946,15.7167997,5.81400013,0,,,2,1
136005813,0.150000006,0,,,0,1.66813183,0.427429706,0.228702158,15.6940746,5.81200027,0,,,2,1
136006974,0.150000006,0,,,0,1.92600727,0.453447968,0.221889868,15.7713404,5.81200027,0,,,2,1
136008137,0.150000006,0,,,0,1.65201449,0.482839108,0.21547164,15.6895294,5.80900002,0,,,2,1
136009297,0.150000006,0,,,0,1.73260069,0.516304374,0.209414274,15.7667952,5.80900002,0,,,2,1
136010461,0.150000006,0,,,0,1.75677645,0.554754078,0.203688189,15.7167997,5.80700016,0,,,2,1
136011621,0.150000006,0,,,0,1.67619038,0.581039786,0.200360149,15.7895203,5.80700016,0,,,2,1
136012784,0.150000006,0,,,0,1.79706955,0.545369506,0.204983309,15.784976,5.80499983,0,,,2,1
136013945,0.150000006,0,,,0,1.65201449,0.513824582,0.209825039,15.7258902,5.80499983,0,,,2,1
136015113,0.150000006,0,,,0,1.88571417,0.48572889,0.214901075,15.7758856,5.80200005,0,,,2,1
136016273,0.150000006,0,,,0,1.79706955,0.460546374,0.220228866,15.7031641,5.80200005,0,,,2,1
136017437,0.150000006,0,,,0,1.83736253,0.437846273,0.225827515,15.7758856,5.79999971,0,,,2,1
136018597,0.150000006,0,,,0,1.79706955,0.417278767,0.231718242,15.7486153,5.79999971,0,,,2,1
136019761,0.150000006,0,,,0,1.60366297,0.398556858,0.237924561,15.7122545,5.79799986,0,,,2,1
136020921,0.150000006,0,,,0,1.85347974,0.381442785,0.244472474,15.7395248,5.79799986,0,,,2,1
136022084,0.150000006,0,,,0,1.79706955,0.365737945,0.251390964,15.7031641,5.79500008,0,,,2,1
136023245,0.150000006,0,,,0,1.71648335,0.351275206,0.2587125,15.7440701,5.79500008,0,,,2,1
136024408,0.150000006,0,,,0,1.95018303,0.337912798,0.266473293,15.7077093,5.79300022,0,,,2,1
136025568,0.150000006,0,,,0,1.64395595,0.325529695,0.274714023,15.6758938,5.79300022,0,,,2,1
136026940,0.150000006,0,,,0,1.86153841,0.314022094,0.283480793,15.7167997,5.79100037,0,,,2,1
136028100,0.150000006,0,,,0,1.79706955,0.303300321,0.29282549,15.6577139,5.79100037,0,,,2,1
136029263,0.150000006,0,,,0,1.70036626,0.293286562,0.302807301,15.6940746,5.78800011,0,,,2,1
136030424,0.150000006,0,,,0,1.82930398,0.283912808,0.313493639,15.6668043,5.78800011,0,,,2,1
136031588,0.150000006,0,,,0,1.71648335,0.275119752,0.324961811,15.6531687,5.78600025,0,,,2,1
136032748,0.150000006,0,,,0,1.77289367,0.266855001,0.337300897,15.6531687,5.78600025,0,,,2,1
136033912,0.150000006,0,,,0,1.78901088,0.259072304,0.350614041,15.6168089,5.78399992,0,,,2,1
136035072,0.150000006,0,,,0,1.70036626,0.25173071,0.365021259,15.680439,5.78399992,0,,,2,1
136036236,0.150000006,0.512096822,,,1.02344322,0.975091517,0.249157757,0.370570213,15.825881,5.78100014,0,,,2,1
136037396,0.150000006,0.614678919,,,1.07985342,0.676923037,0.256706446,0.355042338,15.7804308,5.78100014,0,,,2,1
136038564,0.150000006,0.632075489,,,1.07985342,0.628571391,0.265868425,0.338890374,15.8077011,5.77899981,0,,,2,1
136039725,0.150000006,0.607476652,,,1.04761899,0.676923037,0.275708616,0.324144065,15.8122463,5.77899981,0,,,2,1
136040888,0.150000006,0.610256374,,,0.958974302,0.612454176,0.286305189,0.31062758,15.8304262,5.77699995,0,,,2,1
136042048,0.150000006,0.583333313,,,1.07179475,0.76556772,0.297748834,0.298193246,15.8395166,5.77699995,0,,,2,1
136043212,0.150000006,0.567708313,,,0.878388226,0.668864429,0.310145438,0.286716014,15.7940655,5.77400017,0,,,2,1
136044372,0.150000006,0.486725658,,,0.886446834,0.934798479,0.323619127,0.276089579,15.825881,5.77400017,0,,,2,1
136045536,0.150000006,0.457777798,,,0.830036581,0.983150125,0.338316649,0.266222686,15.7804308,5.77200031,0,,,2,1
136046900,0.150000006,0.450980395,,,0.741391897,0.902564049,0.354412675,0.257036656,15.8213358,5.77200031,0,,,2,1
136048064,0.150000006,0.423580796,,,0.781684935,1.0637362,0.372116804,0.248463437,15.8167906,5.76900005,0,,,2,1
136049224,0.150000006,0.404145092,,,0.628571391,0.926739872,0.391682744,0.240443662,15.7895203,5.76900005,0,,,2,1
136050359,0.150000006,0.391111135,,,0.709157467,1.10402918,0.391682744,0.240443662,15.8031559,5.7670002,0,,,2,1
136051486,0.150000006,0,,,0,1.77289367,0.391682744,0.240443662,15.6577139,5.7670002,0,,,2,1
136052615,0.150000006,0,,,0,1.9179486,0.391682744,0.240443662,15.784976,5.76499987,0,,,2,1
136053742,0.150000006,0,,,0,1.70842481,0.391682744,0.240443662,15.7122545,5.76499987,0,,,2,1
136054871,0.150000006,0,,,0,1.78095222,0.391682744,0.240443662,15.7395248,5.76300001,0,,,2,1
136055998,0.150000006,0,,,0,1.78901088,0.391682744,0.240443662,15.6986198,5.76300001,0,,,2,1
136057161,0.150000006,0,,,0,1.67619038,0.413420379,0.23292543,15.6940746,5.75999975,0,,,2,1
136058322,0.150000006,0,,,0,1.81318665,0.43771261,0.225863084,15.7213449,5.75999975,0,,,2,1
136059485,0.150000006,0,,,0,1.74065924,0.465037853,0.219216391,15.7395248,5.7579999,0,,,2,1
136060645,0.150000006,0,,,0,1.76483512,0.496001899,0.212949738,15.7486153,5.7579999,0,,,2,1
136061813,0.150000006,0,,,0,1.88571417,0.531383514,0.207031414,15.7713404,5.75600004,0,,,2,1
136062973,0.150000006,0,,,0,1.69230759,0.572200716,0.201433137,15.7167997,5.75600004,0,,,2,1
136064136,0.150000006,0,,,0,1.98241746,0.579006433,0.200603068,15.7986107,5.75300026,0,,,2,1
136065297,0.150000006,0,,,0,1.62783873,0.543577731,0.205237567,15.7258902,5.75300026,0,,,2,1
136066460,0.150000006,0,,,0,1.87765551,0.512233734,0.210091487,15.7940655,5.7510004,0,,,2,1
136067825,0.150000006,0,,,0,1.78901088,0.484307021,0.215180576,15.7577057,5.7510004,0,,,2,1
136068988,0.150000006,0,,,0,1.61172152,0.459267974,0.220522359,15.7395248,5.74900007,0,,,2,1
136070148,0.150000006,0,,,0,1.74871778,0.436690569,0.226136178,15.7713404,5.74900007,0,,,2,1
136071311,0.150000006,0,,,0,1.66007316,0.41622898,0.232043236,15.7167997,5.74599981,0,,,2,1
136072476,0.150000006,0,,,0,1.90988994,0.397599071,0.238267183,15.7622499,5.74599981,0,,,2,1
136073640,0.150000006,0,,,0,1.78095222,0.380565435,0.244834229,15.7304344,5.74399996,0,,,2,1
136074801,0.150000006,0,,,0,1.69230759,0.364931256,0.251773536,15.7031641,5.74399996,0,,,2,1
136075964,0.150000006,0,,,0,1.76483512,0.350530982,0.259117663,15.7667952,5.7420001,0,,,2,1
136077124,0.150000006,0,,,0,1.64395595,0.337224036,0.266903132,15.6622591,5.7420001,0,,,2,1
136078288,0.150000006,0,,,0,1.74871778,0.324890435,0.275170952,15.7349796,5.73899984,0,,,2,1
136079448,0.150000006,0,,,0,1.76483512,0.31342721,0.283967316,15.6577139,5.73899984,0,,,2,1
136080611,0.150000006,0,,,0,1.71648335,0.302745342,0.293344676,15.7167997,5.73699999,0,,,2,1
136081771,0.150000006,0,,,0,1.90988994,0.292767555,0.303362519,15.6668043,5.73699999,0,,,2,1
136082934,0.150000006,0,,,0,1.64395595,0.283426493,0.314088732,15.6486235,5.73499966,0,,,2,1
136084099,0.150000006,0,,,0,1.74065924,0.274663031,0.32560131,15.6486235,5.73499966,0,,,2,1
136085263,0.150000006,0,,,0,1.73260069,0.266425282,0.337989986,15.6213531,5.73200035,0,,,2,1
136086423,0.150000006,0,,,0,1.66007316,0.25866729,0.351358622,15.6486235,5.73200035,0,,,2,1
136087586,0.150000006,0,,,0,1.87765551,0.251348287,0.365828395,15.6349888,5.73000002,0,,,2,1
136088951,0.150000006,0.486842096,,,0.894505441,0.942857087,0.248564914,0.371889472,15.7895203,5.73000002,0,,,2,1
136090115,0.150000006,0.621495306,,,1.07179475,0.652747214,0.255672306,0.35703975,15.8395166,5.72700024,0,,,2,1
136091275,0.150000006,0.626609445,,,1.17655671,0.701098859,0.264759302,0.340709716,15.7986107,5.72700024,0,,,2,1
136092439,0.150000006,0.620000005,,,0.99926734,0.612454176,0.274516046,0.325808138,15.8440609,5.7249999,0,,,2,1
136093599,0.150000006,0.602739692,,,1.0637362,0.701098859,0.285019398,0.312155455,15.8122463,5.7249999,0,,,2,1
136094763,0.150000006,0.556701005,,,0.870329618,0.693040252,0.296358466,0.299600929,15.7940655,5.72300005,0,,,2,1
136095928,0.150000006,0.566666663,,,0.958974302,0.73333329,0.308637172,0.288017213,15.7986107,5.72300005,0,,,2,1
136097091,0.150000006,0.497674406,,,0.862271011,0.870329618,0.321977288,0.277295887,15.7986107,5.71999979,0,,,2,1
136098252,0.150000006,0.467661709,,,0.757509112,0.862271011,0.336522698,0.267344117,15.8167906,5.71999979,0,,,2,1
136099415,0.150000006,0.447488576,,,0.789743543,0.975091517,0.35244447,0.258081913,15.8213358,5.71799994,0,,,2,1
136100576,0.150000006,0.428571433,,,0.628571391,0.838095188,0.369947672,0.249439999,15.7804308,5.71799994,0,,,2,1
136101739,0.150000006,0.395454556,,,0.701098859,1.07179475,0.3892802,0.241358072,15.8122463,5.7159996,0,,,2,1
136102867,0.150000006,0.384955734,,,0.701098859,1.12014651,0.3892802,0.241358072,15.784976,5.7159996,0,,,2,1
136103996,0.150000006,0,,,0,1.77289367,0.3892802,0.241358072,15.6895294,5.71399975,0,,,2,1
136105123,0.150000006,0,,,0,1.8051281,0.3892802,0.241358072,15.7167997,5.71399975,0,,,2,1
136106253,0.150000006,0,,,0,1.60366297,0.3892802,0.241358072,15.7440701,5.71099997,0,,,2,1
136107385,0.150000006,0,,,0,1.84542108,0.3892802,0.241358072,15.7440701,5.71099997,0,,,2,1
136108515,0.150000006,0,,,0,1.57948709,0.3892802,0.241358072,15.7258902,5.70900011,0,,,2,1
136109879,0.150000006,0,,,0,1.74065924,0.410744697,0.233783424,15.7531605,5.70900011,0,,,2,1
136111042,0.150000006,0,,,0,1.79706955,0.434714407,0.226669773,15.6849842,5.70599985,0,,,2,1
136112202,0.150000006,0,,,0,1.74065924,0.461655051,0.219976231,15.7758856,5.70599985,0,,,2,1
136113366,0.150000006,0,,,0,1.89377284,0.492155492,0.213666677,15.7258902,5.704,0,,,2,1
136114526,0.150000006,0,,,0,1.67619038,0.526971221,0.20770897,15.7304344,5.704,0,,,2,1
136115690,0.150000006,0,,,0,1.66813183,0.56708777,0.202074498,15.7622499,5.70200014,0,,,2,1
136116850,0.150000006,0,,,0,1.74871778,0.567384303,0.202036887,15.7395248,5.70200014,0,,,2,1
136118014,0.150000006,0,,,0,1.67619038,0.533321738,0.206738666,15.7758856,5.69999981,0,,,2,1
136119179,0.150000006,0,,,0,1.84542108,0.503116429,0.211664677,15.7395248,5.69999981,0,,,2,1
136120342,0.150000006,0,,,0,1.5553112,0.476148933,0.216831207,15.7486153,5.69700003,0,,,2,1
136121502,0.150000006,0,,,0,1.77289367,0.451925159,0.222256333,15.7258902,5.69700003,0,,,2,1
136122666,0.150000006,0,,,0,1.75677645,0.430046737,0.227959886,15.7304344,5.69499969,0,,,2,1
136123826,0.150000006,0,,,0,1.68424892,0.410188854,0.233963892,15.7349796,5.69499969,0,,,2,1
136124990,0.150000006,0,,,0,1.89377284,0.392083973,0.240292713,15.7167997,5.69299984,0,,,2,1
136126150,0.150000006,0,,,0,1.65201449,0.375509709,0.24697344,15.7213449,5.69299984,0,,,2,1
136127314,0.150000006,0,,,0,1.75677645,0.360279888,0.254036248,15.7349796,5.69000006,0,,,2,1
136128474,0.150000006,0,,,0,1.62783873,0.346237332,0.261514992,15.6758938,5.69000006,0,,,2,1
136129637,0.150000006,0,,,0,1.82124531,0.333248287,0.269447386,15.7349796,5.6880002,0,,,2,1
136131006,0.150000006,0,,,0,1.90988994,0.321198642,0.277876019,15.7077093,5.6880002,0,,,2,1
136132169,0.150000006,0,,,0,1.58754563,0.309989959,0.286849022,15.6758938,5.68499994,0,,,2,1
136133330,0.150000006,0,,,0,1.73260069,0.299537182,0.296420872,15.6940746,5.68499994,0,,,2,1
136134493,0.150000006,0,,,0,1.61978006,0.289766341,0.306653589,15.6486235,5.68300009,0,,,2,1
136135654,0.150000006,0,,,0,1.71648335,0.280612767,0.317618042,15.7077093,5.68300009,0,,,2,1
136136817,0.150000006,0,,,0,1.82124531,0.272019833,0.329395652,15.6258984,5.68099976,0,,,2,1
136137978,0.150000006,0,,,0,1.53113544,0.263937563,0.342080295,15.6668043,5.68099976,0,,,2,1
136139142,0.150000006,0,,,0,1.78095222,0.256321669,0.355781078,15.6486235,5.67799997,0,,,2,1
136140302,0.150000006,0,,,0,1.64395595,0.249132961,0.370625108,15.6077185,5.67799997,0,,,2,1
136141470,0.150000006,0.454545468,,,0.805860758,0.967032909,0.246124506,0.377489418,15.8167906,5.67599964,0,,,2,1
136142630,0.150000006,0.616033792,,,1.17655671,0.73333329,0.252459168,0.363500357,15.784976,5.67599964,0,,,2,1
136143794,0.150000006,0.654255331,,,0.991208732,0.523809493,0.261315256,0.346588016,15.8440609,5.67399979,0,,,2,1
136144954,0.150000006,0.625570774,,,1.10402918,0.660805821,0.270815253,0.33117944,15.8167906,5.67399979,0,,,2,1
136146118,0.150000006,0.616216242,,,0.918681264,0.572161138,0.281032056,0.317082614,15.8122463,5.671,0,,,2,1
136147279,0.150000006,0.590909064,,,0.942857087,0.652747214,0.292049944,0.304136842,15.8122463,5.671,0,,,2,1
136148443,0.150000006,0.566210032,,,0.99926734,0.76556772,0.303967029,0.292206734,15.8122463,5.66900015,0,,,2,1
136149603,0.150000006,0.502392352,,,0.846153796,0.838095188,0.316898048,0.281177193,15.8077011,5.66900015,0,,,2,1
136150767,0.150000006,0.475982547,,,0.878388226,0.967032909,0.330978125,0.27094999,15.8167906,5.66699982,0,,,2,1
136152131,0.150000006,0.429292917,,,0.684981644,0.910622656,0.346367568,0.261440694,15.7895203,5.66699982,0,,,2,1
136153300,0.150000006,0.443349749,,,0.725274682,0.910622656,0.363257945,0.252576262,15.7986107,5.66400003,0,,,2,1
136154460,0.150000006,0.40476194,,,0.684981644,1.00732589,0.381880015,0.244293198,15.7986107,5.66400003,0,,,2,1
136155590,0.150000006,0.391959786,,,0.628571391,0.975091517,0.381880015,0.244293198,15.8213358,5.66200018,0,,,2,1
136156717,0.150000006,0,,,0,1.77289367,0.381880015,0.244293198,15.6849842,5.66200018,0,,,2,1
136157847,0.150000006,0,,,0,1.70842481,0.381880015,0.244293198,15.7213449,5.65999985,0,,,2,1
136158974,0.150000006,0,,,0,1.78901088,0.381880015,0.244293198,15.7395248,5.65999985,0,,,2,1
136160103,0.150000006,0,,,0,1.72454202,0.381880015,0.244293198,15.6758938,5.65699959,0,,,2,1
136161230,0.150000006,0,,,0,1.83736253,0.381880015,0.244293198,15.7304344,5.65699959,0,,,2,1
136162394,0.150000006,0,,,0,1.6358974,0.402514577,0.23653616,15.7077093,5.65499973,0,,,2,1
136163554,0.150000006,0,,,0,1.73260069,0.425506443,0.2292566,15.7622499,5.65499973,0,,,2,1
136164723,0.150000006,0,,,0,1.76483512,0.451284051,0.222411737,15.7577057,5.65299988,0,,,2,1
136165883,0.150000006,0,,,0,1.61172152,0.480386317,0.215963721,15.7258902,5.65299988,0,,,2,1
136167046,0.150000006,0,,,0,1.78901088,0.51350081,0.209879056,15.7895203,5.6500001,0,,,2,1
136168207,0.150000006,0,,,0,1.67619038,0.551518679,0.204127878,15.7122545,5.6500001,0,,,2,1
136169371,0.150000006,0,,,0,1.74871778,0.572621703,0.201381028,15.8031559,5.64800024,0,,,2,1
136170531,0.150000006,0,,,0,1.64395595,0.537946582,0.206051961,15.7349796,5.64800024,0,,,2,1
136171695,0.150000006,0,,,0,1.66813183,0.507230282,0.210944906,15.7758856,5.64599991,0,,,2,1
136173059,0.150000006,0,,,0,1.72454202,0.479831994,0.216075942,15.7440701,5.64599991,0,,,2,1
136174222,0.150000006,0,,,0,1.76483512,0.45524171,0.221462846,15.7440701,5.64300013,0,,,2,1
136175382,0.150000006,0,,,0,1.65201449,0.433048904,0.227125227,15.7667952,5.64300013,0,,,2,1
136176550,0.150000006,0,,,0,1.74065924,0.412919253,0.233084798,15.7486153,5.64099979,0,,,2,1
136177711,0.150000006,0,,,0,1.53919411,0.39457792,0.239365518,15.7077093,5.64099979,0,,,2,1
136178874,0.150000006,0,,,0,1.82124531,0.37779665,0.245994061,15.7440701,5.63899994,0,,,2,1
136180034,0.150000006,0,,,0,1.71648335,0.362384558,0.2530002,15.6668043,5.63899994,0,,,2,1
136181197,0.150000006,0,,,0,1.82124531,0.348180681,0.260417134,15.7395248,5.63599968,0,,,2,1
136182358,0.150000006,0,,,0,1.68424892,0.335048229,0.268282056,15.6895294,5.63599968,0,,,2,1
136183521,0.150000006,0,,,0,1.62783873,0.322870433,0.276636839,15.7440701,5.63399982,0,,,2,1
136184681,0.150000006,0,,,0,1.70842481,0.311546803,0.285528749,15.7031641,5.63399982,0,,,2,1
136185845,0.150000006,0,,,0,1.61172152,0.300990552,0.295011222,15.6713495,5.63199997,0,,,2,1
136187005,0.150000006,0,,,0,1.71648335,0.291126221,0.305145115,15.6849842,5.63199997,0,,,2,1
136188173,0.150000006,0,,,0,1.78901088,0.281887949,0.316000074,15.639534,5.62900019,0,,,2,1
136189333,0.150000006,0,,,0,1.73260069,0.273217946,0.327655792,15.6849842,5.62900019,0,,,2,1
136190496,0.150000006,0,,,0,1.83736253,0.265065342,0.340204239,15.6304436,5.62699986,0,,,2,1
136191657,0.150000006,0,,,0,1.5956043,0.257385164,0.353752166,15.6440792,5.62699986,0,,,2,1
136192820,0.150000006,0,,,0,1.70842481,0.250137568,0.368423849,15.6440792,5.625,0,,,2,1
136194185,0.150000006,0.5,,,0.910622656,0.910622656,0.247493327,0.374314189,15.8304262,5.625,0,,,2,1
136195348,0.150000006,0.645933032,,,1.08791208,0.596336961,0.255001664,0.35835582,15.8349714,5.62199974,0,,,2,1
136196509,0.150000006,0.62500006,,,1.08791208,0.652747214,0.264040232,0.341907978,15.8395166,5.62199974,0,,,2,1
136197673,0.150000006,0.626943052,,,0.975091517,0.580219746,0.273743063,0.326903701,15.784976,5.61999989,0,,,2,1
136198833,0.150000006,0.597087383,,,0.991208732,0.668864429,0.284186244,0.313160956,15.8349714,5.61999989,0,,,2,1
136200002,0.150000006,0.584158421,,,0.950915694,0.676923037,0.29545781,0.300527066,15.7986107,5.61800003,0,,,2,1
136201163,0.150000006,0.55392158,,,0.910622656,0.73333329,0.307660431,0.288873017,15.8304262,5.61800003,0,,,2,1
136202326,0.150000006,0.507042289,,,0.870329618,0.846153796,0.320914447,0.278089076,15.8031559,5.61499977,0,,,2,1
136203487,0.150000006,0.479591846,,,0.757509112,0.821977973,0.335361838,0.268081337,15.8213358,5.61499977,0,,,2,1
136204650,0.150000006,0.462962955,,,0.805860758,0.934798479,0.351171374,0.258768857,15.8213358,5.61299992,0,,,2,1
136205810,0.150000006,0.42723006,,,0.73333329,0.983150125,0.368545234,0.250081629,15.784976,5.61299992,0,,,2,1
136206974,0.150000006,0.408163279,,,0.644688606,0.934798479,0.387727678,0.241958782,15.8122463,5.61100006,0,,,2,1
136208101,0.150000006,0.391304344,,,0.725274682,1.12820506,0.387727678,0.241958782,15.7713404,5.61100006,0,,,2,1
136209231,0.150000006,0,,,0,1.81318665,0.387727678,0.241958782,15.7077093,5.6079998,0,,,2,1
136210358,0.150000006,0,,,0,1.78095222,0.387727678,0.241958782,15.7440701,5.6079998,0,,,2,1
136211493,0.150000006,0,,,0,1.5956043,0.387727678,0.241958782,15.6895294,5.60599995,0,,,2,1
136212620,0.150000006,0,,,0,1.76483512,0.387727678,0.241958782,15.7577057,5.60599995,0,,,2,1
136213750,0.150000006,0,,,0,1.6358974,0.387727678,0.241958782,15.7031641,5.60400009,0,,,2,1
136215114,0.150000006,0,,,0,1.69230759,0.409016609,0.234346986,15.7622499,5.60400009,0,,,2,1
136216278,0.150000006,0,,,0,1.79706955,0.432779193,0.227199495,15.7167997,5.60099983,0,,,2,1
136217438,0.150000006,0,,,0,1.53113544,0.459473163,0.220475093,15.7258902,5.60099983,0,,,2,1
136218601,0.150000006,0,,,0,1.82124531,0.489676565,0.214137301,15.7577057,5.59899998,0,,,2,1
136219761,0.150000006,0,,,0,1.58754563,0.524130166,0.20815371,15.7122545,5.59899998,0,,,2,1
136220925,0.150000006,0,,,0,1.8051281,0.563799083,0.202495396,15.7667952,5.59700012,0,,,2,1
136222090,0.150000006,0,,,0,1.72454202,0.587605536,0.199591115,15.7440701,5.59700012,0,,,2,1
136223253,0.150000006,0,,,0,1.5553112,0.551149786,0.204178452,15.8031559,5.59399986,0,,,2,1
136224414,0.150000006,0,,,0,1.82930398,0.51895231,0.208981782,15.7667952,5.59399986,0,,,2,1
136225577,0.150000006,0,,,0,1.58754563,0.490308791,0.214016616,15.7213449,5.59200001,0,,,2,1
136226737,0.150000006,0,,,0,1.8051281,0.464661658,0.219300091,15.7577057,5.59200001,0,,,2,1
136227901,0.150000006,0,,,0,1.65201449,0.441564232,0.224851012,15.7167997,5.59000015,0,,,2,1
136229061,0.150000006,0,,,0,1.74871778,0.420654267,0.2306903,15.7758856,5.59000015,0,,,2,1
136230224,0.150000006,0,,,0,1.73260069,0.40163517,0.236840934,15.7531605,5.58699989,0,,,2,1
136231384,0.150000006,0,,,0,1.58754563,0.384261459,0.243328512,15.7122545,5.58699989,0,,,2,1
136232548,0.150000006,0,,,0,1.6358974,0.368328542,0.250181496,15.7622499,5.58500004,0,,,2,1
136233713,0.150000006,0,,,0,1.57948709,0.353664309,0.257431716,15.6758938,5.58500004,0,,,2,1
136234876,0.150000006,0,,,0,1.70036626,0.340122968,0.265114695,15.7486153,5.58300018,0,,,2,1
136236240,0.150000006,0,,,0,1.77289367,0.327580363,0.273270398,15.7077093,5.58300018,0,,,2,1
136237404,0.150000006,0,,,0,1.61978006,0.315929949,0.281943768,15.6622591,5.57999992,0,,,2,1
136238565,0.150000006,0,,,0,1.75677645,0.305079728,0.291185796,15.7122545,5.57999992,0,,,2,1
136239728,0.150000006,0,,,0,1.73260069,0.294950068,0.301054209,15.6258984,5.57800007,0,,,2,1
136240889,0.150000006,0,,,0,1.74065924,0.285471469,0.31161499,15.7031641,5.57800007,0,,,2,1
136242052,0.150000006,0,,,0,1.73260069,0.276583076,0.322943687,15.6622591,5.57499981,0,,,2,1
136243212,0.150000006,0,,,0,1.5956043,0.268231511,0.335127085,15.6758938,5.57499981,0,,,2,1
136244376,0.150000006,0,,,0,1.78901088,0.26036948,0.348265857,15.6440792,5.57299995,0,,,2,1
136245541,0.150000006,0,,,0,1.6358974,0.252955228,0.362476885,15.639534,5.57299995,0,,,2,1
136246705,0.150000006,0.436363637,,,0.773626328,0.99926734,0.249695867,0.369386286,15.8077011,5.5710001,0,,,2,1
136247866,0.150000006,0.604444444,,,1.09597063,0.717216074,0.255775303,0.356839061,15.7940655,5.5710001,0,,,2,1
136249029,0.150000006,0.646153808,,,1.01538455,0.556043923,0.264869779,0.340526968,15.8395166,5.56900024,0,,,2,1
136250189,0.150000006,0.610328674,,,1.04761899,0.668864429,0.274634808,0.325641036,15.8349714,5.56900024,0,,,2,1
136251353,0.150000006,0.619565189,,,0.918681264,0.56410253,0.285147429,0.312002033,15.8122463,5.56599998,0,,,2,1
136252513,0.150000006,0.574999988,,,0.926739872,0.684981644,0.296496868,0.299459606,15.8395166,5.56599998,0,,,2,1
136253676,0.150000006,0.571428597,,,0.967032909,0.725274682,0.308787286,0.28788659,15.7986107,5.56400013,0,,,2,1
136254837,0.150000006,0.487309664,,,0.773626328,0.813919365,0.322140664,0.27717483,15.8304262,5.56400013,0,,,2,1
136256000,0.150000006,0.481818169,,,0.854212403,0.918681264,0.336701185,0.267231613,15.7895203,5.5619998,0,,,2,1
136257369,0.150000006,0.43617022,,,0.660805821,0.854212403,0.352640241,0.257977039,15.7713404,5.5619998,0,,,2,1
136258532,0.150000006,0.434146345,,,0.717216074,0.934798479,0.370163381,0.249342009,15.8167906,5.55900002,0,,,2,1
136259693,0.150000006,0.436619729,,,0.749450505,0.967032909,0.389519066,0.241266355,15.784976,5.55900002,0,,,2,1
136260823,0.150000006,0.376190454,,,0.636629999,1.05567765,0.389519066,0.241266355,15.8304262,5.55700016,0,,,2,1
136261949,0.150000006,0,,,0,1.78095222,0.389519066,0.241266355,15.6758938,5.55700016,0,,,2,1
136263079,0.150000006,0,,,0,1.61172152,0.389519066,0.241266355,15.784976,5.5539999,0,,,2,1
136264206,0.150000006,0,,,0,1.70036626,0.389519066,0.241266355,15.7349796,5.5539999,0,,,2,1
136265335,0.150000006,0,,,0,1.56336987,0.389519066,0.241266355,15.7122545,5.55200005,0,,,2,1
136266462,0.150000006,0,,,0,1.82124531,0.389519066,0.241266355,15.7395248,5.55200005,0,,,2,1
136267626,0.150000006,0,,,0,1.66007316,0.411010623,0.233697385,15.680439,5.55000019,0,,,2,1
136268791,0.150000006,0,,,0,1.81318665,0.435012251,0.22658886,15.784976,5.55000019,0,,,2,1
136269954,0.150000006,0,,,0,1.66813183,0.461990982,0.219900027,15.6986198,5.54799986,0,,,2,1
136271114,0.150000006,0,,,0,1.57948709,0.49253732,0.213594779,15.8077011,5.54799986,0,,,2,1
136272278,0.150000006,0,,,0,1.73260069,0.527409017,0.20764105,15.7213449,5.54500008,0,,,2,1
136273438,0.150000006,0,,,0,1.64395595,0.567594767,0.202010199,15.7486153,5.54500008,0,,,2,1
136274601,0.150000006,0,,,0,1.67619038,0.57880944,0.200626716,15.7486153,5.54299974,0,,,2,1
136275762,0.150000006,0,,,0,1.74065924,0.543404043,0.205262348,15.7258902,5.54299974,0,,,2,1
136276925,0.150000006,0,,,0,1.70036626,0.512079537,0.210117429,15.7804308,5.54099989,0,,,2,1
136278290,0.150000006,0,,,0,1.75677645,0.484169215,0.2152078,15.7349796,5.54099989,0,,,2,1
136279453,0.150000006,0,,,0,1.49084234,0.459144056,0.220550954,15.7531605,5.53800011,0,,,2,1
136280618,0.150000006,0,,,0,1.66813183,0.436578542,0.226166233,15.7349796,5.53800011,0,,,2,1
136281782,0.150000006,0,,,0,1.61978006,0.416127205,0.232074887,15.7349796,5.53600025,0,,,2,1
136282942,0.150000006,0,,,0,1.68424892,0.397506177,0.238300577,15.7486153,5.53600025,0,,,2,1
136284105,0.150000006,0,,,0,1.85347974,0.380480289,0.244869471,15.7031641,5.53299999,0,,,2,1
136285265,0.150000006,0,,,0,1.54725266,0.364852995,0.251810789,15.7213449,5.53299999,0,,,2,1
136286429,0.150000006,0,,,0,1.75677645,0.350458771,0.259157151,15.7304344,5.53100014,0,,,2,1
136287589,0.150000006,0,,,0,1.62783873,0.33715719,0.266945004,15.6849842,5.53100014,0,,,2,1
136288752,0.150000006,0,,,0,1.61978006,0.324828416,0.275215447,15.7395248,5.52899981,0,,,2,1
136289913,0.150000006,0,,,0,1.79706955,0.313369483,0.284014732,15.6668043,5.52899981,0,,,2,1
136291080,0.150000006,0,,,0,1.62783873,0.30269146,0.293395251,15.7395248,5.52600002,0,,,2,1
136292241,0.150000006,0,,,0,1.78095222,0.292717189,0.30341661,15.6849842,5.52600002,0,,,2,1
136293404,0.150000006,0,,,0,1.54725266,0.283379287,0.314146757,15.6622591,5.52400017,0,,,2,1
136294564,0.150000006,0,,,0,1.79706955,0.274618715,0.325663626,15.6577139,5.52400017,0,,,2,1
136295727,0.150000006,0,,,0,1.74871778,0.266383559,0.338057131,15.6304436,5.52199984,0,,,2,1
136296887,0.150000006,0,,,0,1.61172152,0.258627951,0.351431221,15.6668043,5.52199984,0,,,2,1
136298050,0.150000006,0,,,0,1.78095222,0.251311153,0.365907043,15.6122637,5.51900005,0,,,2,1
136299415,0.150000006,0.487179458,,,0.76556772,0.805860758,0.248531505,0.371964216,15.8077011,5.51900005,0,,,2,1
136300578,0.150000006,0.622641504,,,1.0637362,0.644688606,0.25565365,0.357076079,15.8304262,5.5170002,0,,,2,1
136301739,0.150000006,0.631336391,,,1.10402918,0.644688606,0.264739305,0.340742826,15.8167906,5.5170002,0,,,2,1
136302907,0.150000006,0.619791687,,,0.958974302,0.588278353,0.274494559,0.325838417,15.8440609,5.51500034,0,,,2,1
136304068,0.150000006,0.608490527,,,1.03956032,0.668864429,0.284996212,0.312183231,15.8304262,5.51500034,0,,,2,1
136305231,0.150000006,0.584699452,,,0.862271011,0.612454176,0.296333402,0.299626529,15.8167906,5.51200008,0,,,2,1
136306392,0.150000006,0.568181813,,,1.00732589,0.76556772,0.308609992,0.288040876,15.825881,5.51200008,0,,,2,1
136307555,0.150000006,0.478947371,,,0.73333329,0.79780215,0.321947724,0.277317822,15.7986107,5.51000023,0,,,2,1
136308715,0.150000006,0.479381442,,,0.749450505,0.813919365,0.336490422,0.267364532,15.8167906,5.51000023,0,,,2,1
136309878,0.150000006,0.436619729,,,0.749450505,0.967032909,0.352409065,0.258100927,15.8122463,5.5079999,0,,,2,1
136311039,0.150000006,0.451282024,,,0.709157467,0.862271011,0.369908661,0.249457732,15.825881,5.5079999,0,,,2,1
136312202,0.150000006,0.394366205,,,0.676923037,1.03956032,0.389237016,0.241374701,15.8167906,5.50500011,0,,,2,1
136313329,0.150000006,0.390374303,,,0.588278353,0.918681264,0.389237016,0.241374701,15.7758856,5.50500011,0,,,2,1
136314464,0.150000006,0,,,0,1.73260069,0.389237016,0.241374701,15.7167997,5.50299978,0,,,2,1
136315591,0.150000006,0,,,0,1.6358974,0.389237016,0.241374701,15.7167997,5.50299978,0,,,2,1
136316720,0.150000006,0,,,0,1.66007316,0.389237016,0.241374701,15.7304344,5.50099993,0,,,2,1
136317853,0.150000006,0,,,0,1.75677645,0.389237016,0.241374701,15.7167997,5.50099993,0,,,2,1
136318983,0.150000006,0,,,0,1.61978006,0.389237016,0.241374701,15.7667952,5.4989996,0,,,2,1
136320348,0.150000006,0,,,0,1.73260069,0.410696626,0.23379904,15.7349796,5.4989996,0,,,2,1
136321511,0.150000006,0,,,0,1.53919411,0.434660524,0.226684421,15.7122545,5.49600029,0,,,2,1
136322671,0.150000006,0,,,0,1.71648335,0.461594284,0.21999003,15.7577057,5.49600029,0,,,2,1
136323835,0.150000006,0,,,0,1.70036626,0.49208644,0.213679701,15.7122545,5.49400043,0,,,2,1
136324995,0.150000006,0,,,0,1.58754563,0.526892066,0.207721293,15.7804308,5.49400043,0,,,2,1
136326163,0.150000006,0,,,0,1.69230759,0.566996098,0.202086151,15.7486153,5.49100018,0,,,2,1
136327324,0.150000006,0,,,0,1.53113544,0.579638124,0.20052734,15.784976,5.49100018,0,,,2,1
136328487,0.150000006,0,,,0,1.71648335,0.544134498,0.205158338,15.7758856,5.48899984,0,,,2,1
136329648,0.150000006,0,,,0,1.5956043,0.512728095,0.210008413,15.7440701,5.48899984,0,,,2,1
136330811,0.150000006,0,,,0,1.77289367,0.48474896,0.215093464,15.7713404,5.48699999,0,,,2,1
136331971,0.150000006,0,,,0,1.67619038,0.459665358,0.220430866,15.7395248,5.48699999,0,,,2,1
136333134,0.150000006,0,,,0,1.60366297,0.437049836,0.226039961,15.7758856,5.48399973,0,,,2,1
136334295,0.150000006,0,,,0,1.72454202,0.416555345,0.231941953,15.7486153,5.48399973,0,,,2,1
136335458,0.150000006,0,,,0,1.52307677,0.397896826,0.238160387,15.7122545,5.48199987,0,,,2,1
136336618,0.150000006,0,,,0,1.61172152,0.380838245,0.244721442,15.7713404,5.48199987,0,,,2,1
136337786,0.150000006,0,,,0,1.65201449,0.365182132,0.251654267,15.6713495,5.48000002,0,,,2,1
136338946,0.150000006,0,,,0,1.66007316,0.350762427,0.258991361,15.7622499,5.48000002,0,,,2,1
136340110,0.150000006,0,,,0,1.70842481,0.337438226,0.266769111,15.6849842,5.47700024,0,,,2,1
136341474,0.150000006,0,,,0,1.5956043,0.325089276,0.275028497,15.6940746,5.47700024,0,,,2,1
136342637,0.150000006,0,,,0,1.61978006,0.313612252,0.283815652,15.7213449,5.47500038,0,,,2,1
136343797,0.150000006,0,,,0,1.57142854,0.302917957,0.29318279,15.6531687,5.47500038,0,,,2,1
136344961,0.150000006,0,,,0,1.61172152,0.292928994,0.303189367,15.7031641,5.47300005,0,,,2,1
136346121,0.150000006,0,,,0,1.64395595,0.2835778,0.313903153,15.6349888,5.47300005,0,,,2,1
136347284,0.150000006,0,,,0,1.5956043,0.274805099,0.325401872,15.7031641,5.47000027,0,,,2,1
136348444,0.150000006,0,,,0,1.78095222,0.266558945,0.337775081,15.6486235,5.47000027,0,,,2,1
136349612,0.150000006,0,,,0,1.52307677,0.258793294,0.351126373,15.6304436,5.46799994,0,,,2,1
136350773,0.150000006,0,,,0,1.65201449,0.251467258,0.365576655,15.6622591,5.46799994,0,,,2,1
136351936,0.150000006,0.462555051,,,0.846153796,0.983150125,0.248471573,0.372098565,15.8077011,5.46600008,0,,,2,1
136353097,0.150000006,0.621212125,,,0.991208732,0.604395568,0.255123496,0.358115554,15.8395166,5.46600008,0,,,2,1
136354260,0.150000006,0.643776834,,,1.20879114,0.668864429,0.264170825,0.341689229,15.8213358,5.46299982,0,,,2,1
136355420,0.150000006,0.617801011,,,0.950915694,0.588278353,0.273883462,0.326703727,15.8486061,5.46299982,0,,,2,1
136356583,0.150000006,0.609302342,,,1.05567765,0.676923037,0.284337521,0.312977463,15.8304262,5.46099997,0,,,2,1
136357744,0.150000006,0.562841535,,,0.830036581,0.644688606,0.295621336,0.300358057,15.825881,5.46099997,0,,,2,1
136358907,0.150000006,0.572916687,,,0.886446834,0.660805821,0.307837754,0.288716853,15.825881,5.45899963,0,,,2,1
136360067,0.150000006,0.49494949,,,0.789743543,0.805860758,0.321107388,0.277944356,15.8077011,5.45899963,0,,,2,1
136361236,0.150000006,0.479381442,,,0.749450505,0.813919365,0.335572541,0.267946839,15.8213358,5.45600033,0,,,2,1
136362600,0.150000006,0.444976091,,,0.749450505,0.934798479,0.351402432,0.258643538,15.8122463,5.45600033,0,,,2,1
136363764,0.150000006,0.411167532,,,0.652747214,0.934798479,0.368799716,0.249964595,15.7895203,5.454,0,,,2,1
136364924,0.150000006,0.412371129,,,0.644688606,0.918681264,0.388009369,0.241849214,15.8077011,5.454,0,,,2,1
136366054,0.150000006,0.391304344,,,0.652747214,1.01538455,0.388009369,0.241849214,15.8122463,5.45100021,0,,,2,1
136367181,0.150000006,0,,,0,1.67619038,0.388009369,0.241849214,15.7395248,5.45100021,0,,,2,1
136368310,0.150000006,0,,,0,1.53919411,0.388009369,0.241849214,15.7395248,5.44899988,0,,,2,1
136369437,0.150000006,0,,,0,1.69230759,0.388009369,0.241849214,15.7440701,5.44899988,0,,,2,1
136370566,0.150000006,0,,,0,1.69230759,0.388009369,0.241849214,15.7486153,5.44700003,0,,,2,1
136371698,0.150000006,0,,,0,1.52307677,0.388009369,0.241849214,15.6986198,5.44700003,0,,,2,1
136372861,0.150000006,0,,,0,1.75677645,0.4093301,0.234244213,15.7667952,5.44500017,0,,,2,1
136374022,0.150000006,0,,,0,1.68424892,0.433130175,0.227102891,15.7077093,5.44500017,0,,,2,1
136375185,0.150000006,0,,,0,1.57948709,0.459868789,0.220384106,15.7667952,5.44199991,0,,,2,1
136376345,0.150000006,0,,,0,1.72454202,0.490125924,0.214051485,15.7122545,5.44199991,0,,,2,1
136377508,0.150000006,0,,,0,1.57948709,0.52464503,0.208072618,15.7940655,5.43999958,0,,,2,1
136378669,0.150000006,0,,,0,1.82930398,0.564394832,0.202418655,15.7395248,5.43999958,0,,,2,1
136379832,0.150000006,0,,,0,1.48278379,0.573292434,0.201298177,15.7486153,5.43799973,0,,,2,1
136380992,0.150000006,0,,,0,1.62783873,0.538538575,0.205965251,15.7713404,5.43799973,0,,,2,1
136382156,0.150000006,0,,,0,1.61172152,0.507756591,0.210854009,15.7349796,5.43500042,0,,,2,1
136383525,0.150000006,0,,,0,1.52307677,0.48030284,0.215980589,15.7895203,5.43500042,0,,,2,1
136384688,0.150000006,0,,,0,1.77289367,0.455665559,0.221362665,15.7440701,5.43300009,0,,,2,1
136385849,0.150000006,0,,,0,1.53919411,0.4334324,0.227019891,15.7349796,5.43300009,0,,,2,1
136387012,0.150000006,0,,,0,1.67619038,0.41326794,0.232973844,15.7667952,5.43100023,0,,,2,1
136388172,0.150000006,0,,,0,1.57142854,0.394896328,0.239248484,15.6986198,5.43100023,0,,,2,1
136389335,0.150000006,0,,,0,1.64395595,0.378088564,0.245870456,15.7622499,5.42799997,0,,,2,1
136390496,0.150000006,0,,,0,1.69230759,0.362653106,0.252869457,15.6986198,5.42799997,0,,,2,1
136391659,0.150000006,0,,,0,1.58754563,0.348428577,0.260278612,15.7577057,5.42600012,0,,,2,1
136392820,0.150000006,0,,,0,1.78095222,0.335277796,0.268135071,15.7258902,5.42600012,0,,,2,1
136393983,0.150000006,0,,,0,1.57948709,0.32308355,0.276480556,15.6986198,5.42399979,0,,,2,1
136395148,0.150000006,0,,,0,1.69230759,0.311745256,0.285362244,15.7304344,5.42399979,0,,,2,1
136396311,0.150000006,0,,,0,1.57142854,0.301175803,0.294833452,15.6849842,5.421,0,,,2,1
136397472,0.150000006,0,,,0,1.62783873,0.291299522,0.304955006,15.7167997,5.421,0,,,2,1
136398635,0.150000006,0,,,0,1.6358974,0.282050431,0.315796137,15.6758938,5.41899967,0,,,2,1
136399796,0.150000006,0,,,0,1.52307677,0.273370534,0.327436537,15.6895294,5.41899967,0,,,2,1
136400959,0.150000006,0,,,0,1.70842481,0.26520896,0.339967936,15.6849842,5.41699982,0,,,2,1
136402119,0.150000006,0,,,0,1.61172152,0.257520616,0.353496641,15.6440792,5.41699982,0,,,2,1
136403283,0.150000006,0,,,0,1.72454202,0.250265479,0.368146718,15.6577139,5.41400003,0,,,2,1
136404647,0.150000006,0.513761461,,,0.902564049,0.854212403,0.247736529,0.3737593,15.7986107,5.41400003,0,,,2,1
136405810,0.150000006,0.619047642,,,0.942857087,0.580219746,0.255268455,0.357830286,15.8349714,5.41200018,0,,,2,1
136406975,0.150000006,0.634703219,,,1.12014651,0.644688606,0.264326274,0.341429532,15.8304262,5.41200018,0,,,2,1
136408139,0.150000006,0.610465109,,,0.846153796,0.539926708,0.274050534,0.326466292,15.8122463,5.40899992,0,,,2,1
136409299,0.150000006,0.606965184,,,0.983150125,0.636629999,0.284517616,0.312759548,15.8167906,5.40899992,0,,,2,1
136410462,0.150000006,0.578947365,,,0.886446834,0.644688606,0.295816004,0.300157368,15.8304262,5.40700006,0,,,2,1
136411623,0.150000006,0.56382978,,,0.854212403,0.660805821,0.308048844,0.288531423,15.825881,5.40700006,0,,,2,1
136412786,0.150000006,0.506849289,,,0.894505441,0.870329618,0.321337074,0.277772516,15.8122463,5.40499973,0,,,2,1
136413946,0.150000006,0.458563566,,,0.668864429,0.789743543,0.335823417,0.267787129,15.8167906,5.40499973,0,,,2,1
136415109,0.150000006,0.455000013,,,0.73333329,0.878388226,0.351677507,0.258494705,15.8122463,5.40199995,0,,,2,1
136416270,0.150000006,0.411111116,,,0.596336961,0.854212403,0.369102746,0.249825582,15.7986107,5.40199995,0,,,2,1
136417433,0.150000006,0.401069492,,,0.604395568,0.902564049,0.388344765,0.241719082,15.8031559,5.39999962,0,,,2,1
136418565,0.150000006,0.388625592,,,0.660805821,1.03956032,0.388344765,0.241719082,15.8031559,5.39999962,0,,,2,1
136419694,0.150000006,0,,,0,1.61978006,0.388344765,0.241719082,15.7213449,5.39799976,0,,,2,1
136420821,0.150000006,0,,,0,1.66813183,0.388344765,0.241719082,15.7258902,5.39799976,0,,,2,1
136421950,0.150000006,0,,,0,1.64395595,0.388344765,0.241719082,15.7486153,5.39599991,0,,,2,1
136423077,0.150000006,0,,,0,1.81318665,0.388344765,0.241719082,15.7622499,5.39599991,0,,,2,1
136424207,0.150000006,0,,,0,1.58754563,0.388344765,0.241719082,15.7077093,5.39300013,0,,,2,1
136425571,0.150000006,0,,,0,1.68424892,0.409703404,0.234122127,15.7349796,5.39300013,0,,,2,1
136426734,0.150000006,0,,,0,1.58754563,0.433548182,0.226988137,15.7440701,5.39100027,0,,,2,1
136427895,0.150000006,0,,,0,1.5956043,0.460340023,0.220276043,15.7622499,5.39100027,0,,,2,1
136429058,0.150000006,0,,,0,1.78095222,0.490661263,0.213949531,15.7622499,5.38800001,0,,,2,1
136430223,0.150000006,0,,,0,1.53919411,0.525258482,0.207976282,15.7713404,5.38800001,0,,,2,1
136431387,0.150000006,0,,,0,1.74065924,0.565104842,0.20232749,15.7804308,5.38600016,0,,,2,1
136432547,0.150000006,0,,,0,1.51501822,0.573030949,0.201330438,15.7531605,5.38600016,0,,,2,1
136433710,0.150000006,0,,,0,1.78095222,0.538307726,0.205999032,15.7758856,5.38399982,0,,,2,1
136434870,0.150000006,0,,,0,1.57948709,0.507551432,0.210889429,15.7667952,5.38399982,0,,,2,1
136436033,0.150000006,0,,,0,1.58754563,0.480119258,0.216017738,15.784976,5.38199997,0,,,2,1
136437194,0.150000006,0,,,0,1.57142854,0.455500305,0.221401691,15.7713404,5.38199997,0,,,2,1
136438357,0.150000006,0,,,0,1.57142854,0.433282912,0.227060929,15.7577057,5.37899971,0,,,2,1
136439517,0.150000006,0,,,0,1.66813183,0.413131982,0.233017042,15.7758856,5.37899971,0,,,2,1
136440685,0.150000006,0,,,0,1.51501822,0.394772202,0.239294052,15.7258902,5.37699986,0,,,2,1
136441845,0.150000006,0,,,0,1.70036626,0.377974749,0.245918632,15.7349796,5.37699986,0,,,2,1
136443008,0.150000006,0,,,0,1.56336987,0.362548411,0.252920419,15.7349796,5.375,0,,,2,1
136444169,0.150000006,0,,,0,1.5956043,0.348331928,0.260332584,15.7349796,5.375,0,,,2,1
136445332,0.150000006,0,,,0,1.72454202,0.335188299,0.268192291,15.7167997,5.37200022,0,,,2,1
136446696,0.150000006,0,,,0,1.54725266,0.323000461,0.276541442,15.7031641,5.37200022,0,,,2,1
136447860,0.150000006,0,,,0,1.5956043,0.311667889,0.285427094,15.7304344,5.36999989,0,,,2,1
136449020,0.150000006,0,,,0,1.45860791,0.301103592,0.294902682,15.6849842,5.36999989,0,,,2,1
136450183,0.150000006,0,,,0,1.66007316,0.29123196,0.305029064,15.7213449,5.3670001,0,,,2,1
136451343,0.150000006,0,,,0,1.66813183,0.281987071,0.31587559,15.6531687,5.3670001,0,,,2,1
136452512,0.150000006,0,,,0,1.53113544,0.273311079,0.32752192,15.7077093,5.36499977,0,,,2,1
136453672,0.150000006,0,,,0,1.58754563,0.265152991,0.340059996,15.6531687,5.36499977,0,,,2,1
136454836,0.150000006,0,,,0,1.49890101,0.257467806,0.35359621,15.6440792,5.36299992,0,,,2,1
136455996,0.150000006,0,,,0,1.5956043,0.25021562,0.368254662,15.6668043,5.36299992,0,,,2,1
136457159,0.150000006,0.456730783,,,0.76556772,0.910622656,0.247199759,0.374987721,15.8167906,5.35999966,0,,,2,1
136458319,0.150000006,0.613402069,,,0.958974302,0.604395568,0.253606647,0.361147583,15.8304262,5.35999966,0,,,2,1
136459483,0.150000006,0.649289072,,,1.10402918,0.596336961,0.26254487,0.344448417,15.8167906,5.3579998,0,,,2,1
136460643,0.150000006,0.619318187,,,0.878388226,0.539926708,0.272136122,0.329225302,15.8349714,5.3579998,0,,,2,1
136461807,0.150000006,0.609756112,,,1.00732589,0.644688606,0.282454699,0.315290838,15.8304262,5.35599995,0,,,2,1
136462967,0.150000006,0.593023241,,,0.821977973,0.56410253,0.293586642,0.302488029,15.8213358,5.35599995,0,,,2,1
136464135,0.150000006,0.57219249,,,0.862271011,0.644688606,0.305632055,0.290684402,15.8213358,5.35300016,0,,,2,1
136465296,0.150000006,0.514851511,,,0.838095188,0.789743543,0.318708181,0.279767334,15.8031559,5.35300016,0,,,2,1
136466459,0.150000006,0.470899493,,,0.717216074,0.805860758,0.332953185,0.269640595,15.8304262,5.35099983,0,,,2,1
136467824,0.150000006,0.456221223,,,0.79780215,0.950915694,0.348531157,0.260221422,15.8349714,5.35099983,0,,,2,1
136468987,0.150000006,0.437158465,,,0.644688606,0.830036581,0.365638405,0.251438051,15.7986107,5.34899998,0,,,2,1
136470148,0.150000006,0.425742567,,,0.693040252,0.934798479,0.384511679,0.243228272,15.8213358,5.34899998,0,,,2,1
136471278,0.150000006,0.395121962,,,0.652747214,0.99926734,0.384511679,0.243228272,15.784976,5.34600019,0,,,2,1
136472405,0.150000006,0,,,0,1.60366297,0.384511679,0.243228272,15.7213449,5.34600019,0,,,2,1
136473535,0.150000006,0,,,0,1.66007316,0.384511679,0.243228272,15.7213449,5.34399986,0,,,2,1
136474661,0.150000006,0,,,0,1.50695968,0.384511679,0.243228272,15.7395248,5.34399986,0,,,2,1
136475795,0.150000006,0,,,0,1.61978006,0.384511679,0.243228272,15.7486153,5.34200001,0,,,2,1
136476922,0.150000006,0,,,0,1.43443215,0.384511679,0.243228272,15.7395248,5.34200001,0,,,2,1
136478085,0.150000006,0,,,0,1.69230759,0.405439407,0.235537648,15.7395248,5.33899975,0,,,2,1
136479246,0.150000006,0,,,0,1.60366297,0.428776324,0.228318483,15.7122545,5.33899975,0,,,2,1
136480409,0.150000006,0,,,0,1.54725266,0.454963803,0.221528694,15.7531605,5.33699989,0,,,2,1
136481569,0.150000006,0,,,0,1.72454202,0.484558195,0.215131044,15.7349796,5.33699989,0,,,2,1
136482733,0.150000006,0,,,0,1.54725266,0.518270493,0.209092543,15.7986107,5.33500004,0,,,2,1
136483893,0.150000006,0,,,0,1.74871778,0.557024598,0.203383803,15.7713404,5.33500004,0,,,2,1
136485057,0.150000006,0,,,0,1.49084234,0.589172542,0.19941096,15.7895203,5.33200026,0,,,2,1
136486218,0.150000006,0,,,0,1.69230759,0.552528262,0.203989923,15.7895203,5.33200026,0,,,2,1
136487386,0.150000006,0,,,0,1.56336987,0.520174205,0.208784297,15.7531605,5.32999992,0,,,2,1
136488750,0.150000006,0,,,0,1.6358974,0.491399378,0.213809505,15.8167906,5.32999992,0,,,2,1
136489914,0.150000006,0,,,0,1.69230759,0.465641022,0.219082609,15.7258902,5.32800007,0,,,2,1
136491074,0.150000006,0,,,0,1.57142854,0.442448556,0.224622399,15.784976,5.32800007,0,,,2,1
136492237,0.150000006,0,,,0,1.70036626,0.421456754,0.230449662,15.7667952,5.32499981,0,,,2,1
136493397,0.150000006,0,,,0,1.51501822,0.402366638,0.236587301,15.7304344,5.32499981,0,,,2,1
136494561,0.150000006,0,,,0,1.73260069,0.384930968,0.243060797,15.7531605,5.32299995,0,,,2,1
136495722,0.150000006,0,,,0,1.52307677,0.368943632,0.249898508,15.7122545,5.32299995,0,,,2,1
136496886,0.150000006,0,,,0,1.58754563,0.354231358,0.257132113,15.7531605,5.3210001,0,,,2,1
136498046,0.150000006,0,,,0,1.64395595,0.340647399,0.264796942,15.7031641,5.3210001,0,,,2,1
136499215,0.150000006,0,,,0,1.51501822,0.328066826,0.272932798,15.7304344,5.31799984,0,,,2,1
136500375,0.150000006,0,,,0,1.72454202,0.316382378,0.281584412,15.7122545,5.31799984,0,,,2,1
136501539,0.150000006,0,,,0,1.44249082,0.30550158,0.290802509,15.6895294,5.31599998,0,,,2,1
136502699,0.150000006,0,,,0,1.65201449,0.295344383,0.300644517,15.7077093,5.31599998,0,,,2,1
136503863,0.150000006,0,,,0,1.68424892,0.285840809,0.311176091,15.639534,5.31400013,0,,,2,1
136505024,0.150000006,0,,,0,1.61172152,0.276929796,0.322472304,15.7077093,5.31400013,0,,,2,1
136506187,0.150000006,0,,,0,1.62783873,0.268557549,0.334619522,15.6258984,5.31099987,0,,,2,1
136507347,0.150000006,0,,,0,1.49890101,0.260676712,0.347717732,15.6940746,5.31099987,0,,,2,1
136508511,0.150000006,0,,,0,1.6358974,0.253245175,0.361883163,15.6531687,5.30900002,0,,,2,1
136509875,0.150000006,0.482587069,,,0.781684935,0.838095188,0.250382632,0.367893517,15.7986107,5.30900002,0,,,2,1
136511043,0.150000006,0.615789473,,,0.942857087,0.588278353,0.257463217,0.353604853,15.8167906,5.30599976,0,,,2,1
136512204,0.150000006,0.615023494,,,1.05567765,0.660805821,0.26668027,0.337580472,15.825881,5.30599976,0,,,2,1
136513367,0.150000006,0.621621668,,,0.926739872,0.56410253,0.276581764,0.322945476,15.8349714,5.3039999,0,,,2,1
136514527,0.150000006,0.60309279,,,0.942857087,0.620512784,0.287246853,0.309526682,15.8440609,5.3039999,0,,,2,1
136515691,0.150000006,0.593023241,,,0.821977973,0.56410253,0.298767447,0.297178537,15.825881,5.30200005,0,,,2,1
136516851,0.150000006,0.571428597,,,0.902564049,0.676923037,0.311250776,0.285777837,15.8304262,5.30200005,0,,,2,1
136518015,0.150000006,0.475935817,,,0.717216074,0.789743543,0.324822754,0.27521956,15.7940655,5.30000019,0,,,2,1
136519175,0.150000006,0.473404258,,,0.717216074,0.79780215,0.339632303,0.265413612,15.8031559,5.30000019,0,,,2,1
136520339,0.150000006,0.439613521,,,0.73333329,0.934798479,0.355856776,0.256282389,15.8077011,5.29699993,0,,,2,1
136521504,0.150000006,0.411764681,,,0.620512784,0.886446834,0.373709142,0.247758582,15.8304262,5.29699993,0,,,2,1
136522668,0.150000006,0.418367356,,,0.660805821,0.918681264,0.39344728,0.239783525,15.8122463,5.29500008,0,,,2,1
136523795,0.150000006,0.38202247,,,0.547985315,0.886446834,0.39344728,0.239783525,15.8304262,5.29500008,0,,,2,1
136524925,0.150000006,0,,,0,1.78901088,0.39344728,0.239783525,15.7167997,5.29300022,0,,,2,1
136526051,0.150000006,0,,,0,1.45054936,0.39344728,0.239783525,15.7440701,5.29300022,0,,,2,1
136527181,0.150000006,0,,,0,1.62783873,0.39344728,0.239783525,15.7304344,5.28999996,0,,,2,1
136528307,0.150000006,0,,,0,1.51501822,0.39344728,0.239783525,15.7258902,5.28999996,0,,,2,1
136529437,0.150000006,0,,,0,1.5553112,0.39344728,0.239783525,15.7122545,5.28800011,0,,,2,1
136530802,0.150000006,0,,,0,1.75677645,0.415386736,0.232305855,15.7213449,5.28800011,0,,,2,1
136531965,0.150000006,0,,,0,1.47472525,0.439917445,0.225280449,15.7667952,5.28599977,0,,,2,1
136533131,0.150000006,0,,,0,1.78095222,0.46752733,0.218667537,15.7486153,5.28599977,0,,,2,1
136534294,0.150000006,0,,,0,1.36996329,0.498834968,0.212431774,15.7486153,5.28299999,0,,,2,1
136535454,0.150000006,0,,,0,1.64395595,0.534636497,0.206541777,15.7804308,5.28299999,0,,,2,1
136536617,0.150000006,0,,,0,1.53919411,0.575974405,0.200969592,15.7440701,5.28100014,0,,,2,1
136537778,0.150000006,0,,,0,1.61172152,0.577346444,0.200803086,15.784976,5.28100014,0,,,2,1
136538941,0.150000006,0,,,0,1.58754563,0.542114377,0.205446973,15.7622499,5.27900028,0,,,2,1
136540101,0.150000006,0,,,0,1.52307677,0.510934174,0.210310876,15.7758856,5.27900028,0,,,2,1
136541265,0.150000006,0,,,0,1.6358974,0.483145148,0.215410754,15.7713404,5.27600002,0,,,2,1
136542425,0.150000006,0,,,0,1.34578753,0.458222955,0.220764115,15.7577057,5.27600002,0,,,2,1
136543589,0.150000006,0,,,0,1.61978006,0.435745686,0.226390392,15.7531605,5.27400017,0,,,2,1
136544754,0.150000006,0,,,0,1.49084234,0.415370494,0.232310906,15.7395248,5.27400017,0,,,2,1
136545917,0.150000006,0,,,0,1.48278379,0.396815598,0.238549441,15.7395248,5.27199984,0,,,2,1
136547077,0.150000006,0,,,0,1.5956043,0.379847586,0.245132282,15.7258902,5.27199984,0,,,2,1
136548240,0.150000006,0,,,0,1.5553112,0.364271134,0.252088726,15.7622499,5.26900005,0,,,2,1
136549401,0.150000006,0,,,0,1.6358974,0.349921882,0.259451538,15.7213449,5.26900005,0,,,2,1
136550564,0.150000006,0,,,0,1.45054936,0.336660266,0.267257363,15.7486153,5.2670002,0,,,2,1
136551928,0.150000006,0,,,0,1.57142854,0.324367136,0.275547445,15.7440701,5.2670002,0,,,2,1
136553092,0.150000006,0,,,0,1.54725266,0.31294015,0.284368277,15.6849842,5.26399994,0,,,2,1
136554252,0.150000006,0,,,0,1.49890101,0.302290887,0.293772638,15.7395248,5.26399994,0,,,2,1
136555415,0.150000006,0,,,0,1.57142854,0.292342544,0.303820193,15.6713495,5.26200008,0,,,2,1
136556581,0.150000006,0,,,0,1.56336987,0.283028126,0.314579427,15.7167997,5.26200008,0,,,2,1
136557744,0.150000006,0,,,0,1.61978006,0.274288952,0.326128602,15.7077093,5.26000023,0,,,2,1
136558904,0.150000006,0,,,0,1.47472525,0.266073287,0.338558197,15.6440792,5.26000023,0,,,2,1
136560067,0.150000006,0,,,0,1.5956043,0.258335471,0.351972699,15.6849842,5.25699997,0,,,2,1
136561227,0.150000006,0,,,0,1.53113544,0.251034945,0.366494149,15.6304436,5.25699997,0,,,2,1
136562391,0.150000006,0.450236946,,,0.76556772,0.934798479,0.247943655,0.37328881,15.8486061,5.25500011,0,,,2,1
136563551,0.150000006,0.605769217,,,1.01538455,0.660805821,0.254202068,0.359946966,15.8167906,5.25500011,0,,,2,1
136564715,0.150000006,0.651428521,,,0.918681264,0.491575062,0.263183028,0.343356103,15.8486061,5.25300026,0,,,2,1
136565876,0.150000006,0.6108374,,,0.99926734,0.636629999,0.272821844,0.328227282,15.8395166,5.25300026,0,,,2,1
136567039,0.150000006,0.610810816,,,0.910622656,0.580219746,0.283193499,0.314375371,15.8031559,5.25,0,,,2,1
136568205,0.150000006,0.601123571,,,0.862271011,0.572161138,0.294384897,0.301645309,15.8440609,5.25,0,,,2,1
136569368,0.150000006,0.551351368,,,0.821977973,0.668864429,0.306497246,0.289906085,15.8122463,5.24800014,0,,,2,1
136570528,0.150000006,0.520467818,,,0.717216074,0.660805821,0.319649071,0.279046297,15.8167906,5.24800014,0,,,2,1
136571896,0.150000006,0.477386922,,,0.76556772,0.838095188,0.333980203,0.268970758,15.7986107,5.24599981,0,,,2,1
136573057,0.150000006,0.441340774,,,0.636629999,0.805860758,0.349656701,0.25959748,15.8304262,5.24599981,0,,,2,1
136574220,0.150000006,0.440366983,,,0.773626328,0.983150125,0.366877347,0.250855505,15.8167906,5.24300003,0,,,2,1
136575381,0.150000006,0.415662646,,,0.556043923,0.781684935,0.38588208,0.242683098,15.7895203,5.24300003,0,,,2,1
136576511,0.150000006,0.372340411,,,0.56410253,0.950915694,0.38588208,0.242683098,15.825881,5.24100018,0,,,2,1
136577638,0.150000006,0,,,0,1.49890101,0.38588208,0.242683098,15.6758938,5.24100018,0,,,2,1
136578768,0.150000006,0,,,0,1.43443215,0.38588208,0.242683098,15.7577057,5.23900032,0,,,2,1
136579900,0.150000006,0,,,0,1.51501822,0.38588208,0.242683098,15.7213449,5.23900032,0,,,2,1
136581029,0.150000006,0,,,0,1.62783873,0.38588208,0.242683098,15.7713404,5.23600006,0,,,2,1
136582156,0.150000006,0,,,0,1.5956043,0.38588208,0.242683098,15.7122545,5.23600006,0,,,2,1
136583320,0.150000006,0,,,0,1.48278379,0.406963319,0.235026374,15.7804308,5.23400021,0,,,2,1
136584480,0.150000006,0,,,0,1.65201449,0.430481076,0.227838039,15.7667952,5.23400021,0,,,2,1
136585643,0.150000006,0,,,0,1.43443215,0.456883639,0.221076354,15.7304344,5.23199987,0,,,2,1
136586804,0.150000006,0,,,0,1.5553112,0.486736506,0.214704439,15.7986107,5.23199987,0,,,2,1
136587967,0.150000006,0,,,0,1.53919411,0.520763278,0.208689541,15.7077093,5.23000002,0,,,2,1
136589128,0.150000006,0,,,0,1.62783873,0.559905112,0.203002468,15.8031559,5.23000002,0,,,2,1
136590296,0.150000006,0,,,0,1.66813183,0.577127457,0.20082961,15.7349796,5.22699976,0,,,2,1
136591456,0.150000006,0,,,0,1.46666658,0.541921318,0.205474719,15.8167906,5.22699976,0,,,2,1
136592824,0.150000006,0,,,0,1.64395595,0.510762513,0.210339963,15.7758856,5.2249999,0,,,2,1
136593985,0.150000006,0,,,0,1.41025639,0.482991666,0.215441272,15.7622499,5.2249999,0,,,2,1
136595149,0.150000006,0,,,0,1.47472525,0.458084911,0.220796183,15.7667952,5.22200012,0,,,2,1
136596309,0.150000006,0,,,0,1.56336987,0.435620844,0.226424098,15.7258902,5.22200012,0,,,2,1
136597472,0.150000006,0,,,0,1.57948709,0.415257037,0.232346401,15.7667952,5.22000027,0,,,2,1
136598632,0.150000006,0,,,0,1.70036626,0.396712065,0.238586888,15.7031641,5.22000027,0,,,2,1
136599795,0.150000006,0,,,0,1.41831493,0.379752696,0.245171815,15.7804308,5.21800041,0,,,2,1
136600956,0.150000006,0,,,0,1.67619038,0.364183903,0.252130508,15.7395248,5.21800041,0,,,2,1
136602124,0.150000006,0,,,0,1.41831493,0.349841356,0.259495795,15.7167997,5.21500015,0,,,2,1
136603284,0.150000006,0,,,0,1.53113544,0.33658573,0.267304361,15.7395248,5.21500015,0,,,2,1
136604448,0.150000006,0,,,0,1.5553112,0.324297965,0.275597394,15.6849842,5.21299982,0,,,2,1
136605609,0.150000006,0,,,0,1.48278379,0.312875777,0.284421504,15.7167997,5.21299982,0,,,2,1
136606773,0.150000006,0,,,0,1.62783873,0.302230775,0.293829411,15.6849842,5.21099997,0,,,2,1
136607933,0.150000006,0,,,0,1.51501822,0.292286336,0.3038809,15.7258902,5.21099997,0,,,2,1
136609096,0.150000006,0,,,0,1.52307677,0.282975465,0.314644516,15.6849842,5.20800018,0,,,2,1
136610257,0.150000006,0,,,0,1.47472525,0.27423948,0.326198578,15.6940746,5.20800018,0,,,2,1
136611420,0.150000006,0,,,0,1.57948709,0.266026706,0.338633597,15.6895294,5.20599985,0,,,2,1
136612581,0.150000006,0,,,0,1.45054936,0.258291572,0.352054209,15.6622591,5.20599985,0,,,2,1
136613953,0.150000006,0,,,0,1.49890101,0.25099352,0.366582543,15.7122545,5.204,0,,,2,1
136615114,0.150000006,0.506976724,,,0.878388226,0.854212403,0.248391405,0.372278512,15.8122463,5.204,0,,,2,1
136616277,0.150000006,0.638297856,,,0.967032909,0.547985315,0.256014466,0.356374621,15.8349714,5.20100021,0,,,2,1
136617438,0.150000006,0.620000005,,,0.99926734,0.612454176,0.265126228,0.340103984,15.8576965,5.20100021,0,,,2,1
136618601,0.150000006,0.635838151,,,0.886446834,0.507692277,0.274910539,0.325254202,15.8167906,5.19900036,0,,,2,1
136619762,0.150000006,0.622222245,,,0.902564049,0.547985315,0.285444677,0.311646909,15.8486061,5.19900036,0,,,2,1
136620926,0.150000006,0.588957012,,,0.773626328,0.539926708,0.296818286,0.299132466,15.8349714,5.19700003,0,,,2,1
136622086,0.150000006,0.577777803,,,0.838095188,0.612454176,0.309135914,0.287584245,15.825881,5.19700003,0,,,2,1
136623250,0.150000006,0.505434811,,,0.749450505,0.73333329,0.322520107,0.27689454,15.8122463,5.19400024,0,,,2,1
136624410,0.150000006,0.462427765,,,0.644688606,0.749450505,0.337115705,0.266971022,15.8440609,5.19400024,0,,,2,1
136625578,0.150000006,0.469696969,,,0.749450505,0.846153796,0.353094995,0.257734209,15.7986107,5.19199991,0,,,2,1
136626739,0.150000006,0.419161648,,,0.56410253,0.781684935,0.370664477,0.249115184,15.8304262,5.19199991,0,,,2,1
136627869,0.150000006,0.409523815,,,0.693040252,0.99926734,0.370664477,0.249115184,15.825881,5.19000006,0,,,2,1
136628996,0.150000006,0,,,0,1.34578753,0.370664477,0.249115184,15.6940746,5.19000006,0,,,2,1
136630126,0.150000006,0,,,0,1.60366297,0.370664477,0.249115184,15.7622499,5.1869998,0,,,2,1
136631253,0.150000006,0,,,0,1.33772886,0.370664477,0.249115184,15.7258902,5.1869998,0,,,2,1
136632382,0.150000006,0,,,0,1.53113544,0.370664477,0.249115184,15.7531605,5.18499994,0,,,2,1
136633543,0.150000006,0,,,0,1.42637348,0.390073955,0.241053954,15.7077093,5.18499994,0,,,2,1
136634910,0.150000006,0,,,0,1.49084234,0.411628515,0.233498082,15.7531605,5.18299961,0,,,2,1
136636071,0.150000006,0,,,0,1.65201449,0.435704499,0.226401508,15.7395248,5.18299961,0,,,2,1
136637239,0.150000006,0,,,0,1.49084234,0.462771803,0.219723582,15.7667952,5.18000031,0,,,2,1
136638399,0.150000006,0,,,0,1.68424892,0.493424922,0.213428289,15.7622499,5.18000031,0,,,2,1
136639563,0.150000006,0,,,0,1.34578753,0.528426886,0.207483694,15.7486153,5.17800045,0,,,2,1
136640724,0.150000006,0,,,0,1.62783873,0.568773866,0.201861277,15.8077011,5.17800045,0,,,2,1
136641888,0.150000006,0,,,0,1.49084234,0.543314576,0.205275118,15.7440701,5.17600012,0,,,2,1
136643048,0.150000006,0,,,0,1.46666658,0.512001038,0.210130632,15.8122463,5.17600012,0,,,2,1
136644212,0.150000006,0,,,0,1.6358974,0.484099448,0.215221584,15.7395248,5.17299986,0,,,2,1
136645372,0.150000006,0,,,0,1.47472525,0.459081382,0.220565408,15.7986107,5.17299986,0,,,2,1
136646536,0.150000006,0,,,0,1.61172152,0.436521947,0.226181418,15.7667952,5.171,0,,,2,1
136647696,0.150000006,0,,,0,1.35384607,0.416075796,0.232090876,15.7622499,5.171,0,,,2,1
136648865,0.150000006,0,,,0,1.58754563,0.397459298,0.23831743,15.7804308,5.16900015,0,,,2,1
136650025,0.150000006,0,,,0,1.46666658,0.380437374,0.244887263,15.7349796,5.16900015,0,,,2,1
136651188,0.150000006,0,,,0,1.47472525,0.364813477,0.251829624,15.7486153,5.16599989,0,,,2,1
136652349,0.150000006,0,,,0,1.57142854,0.350422323,0.259177089,15.7077093,5.16599989,0,,,2,1
136653512,0.150000006,0,,,0,1.49084234,0.337123483,0.266966164,15.7577057,5.16399956,0,,,2,1
136654672,0.150000006,0,,,0,1.70036626,0.324797094,0.275237948,15.6758938,5.16399956,0,,,2,1
136656040,0.150000006,0,,,0,1.37802196,0.313340336,0.284038693,15.7031641,5.16100025,0,,,2,1
136657200,0.150000006,0,,,0,1.6358974,0.30266431,0.293420792,15.7304344,5.16100025,0,,,2,1
136658364,0.150000006,0,,,0,1.37802196,0.292691767,0.303443938,15.7077093,5.1590004,0,,,2,1
136659524,0.150000006,0,,,0,1.51501822,0.283355474,0.314176023,15.680439,5.1590004,0,,,2,1
136660692,0.150000006,0,,,0,1.5956043,0.274596334,0.325695127,15.6849842,5.15700006,0,,,2,1
136661853,0.150000006,0,,,0,1.50695968,0.266362488,0.338091075,15.7077093,5.15700006,0,,,2,1
136663017,0.150000006,0,,,0,1.56336987,0.258608103,0.351467848,15.6577139,5.15500021,0,,,2,1
136664177,0.150000006,0,,,0,1.43443215,0.251292408,0.3659468,15.7167997,5.15500021,0,,,2,1
136665340,0.150000006,0.504950523,,,0.821977973,0.805860758,0.248666614,0.371662021,15.8440609,5.15199995,0,,,2,1
136666501,0.150000006,0.630952358,,,0.854212403,0.49963367,0.256201833,0.356012195,15.7940655,5.15199995,0,,,2,1
136667665,0.150000006,0.640883982,,,0.934798479,0.523809493,0.265327185,0.339773893,15.8622417,5.1500001,0,,,2,1
136668825,0.150000006,0.622222245,,,0.902564049,0.547985315,0.275126606,0.324952275,15.8122463,5.1500001,0,,,2,1
136669989,0.150000006,0.611428559,,,0.862271011,0.547985315,0.285677642,0.311369717,15.8349714,5.14799976,0,,,2,1
136671154,0.150000006,0.572973013,,,0.854212403,0.636629999,0.297070175,0.29887706,15.8395166,5.14799976,0,,,2,1
136672317,0.150000006,0.561797738,,,0.805860758,0.628571391,0.309409142,0.287348181,15.8440609,5.14499998,0,,,2,1
136673477,0.150000006,0.515306115,,,0.813919365,0.76556772,0.322817534,0.276675671,15.8167906,5.14499998,0,,,2,1
136674641,0.150000006,0.457317084,,,0.604395568,0.717216074,0.33744067,0.266767561,15.8349714,5.14299965,0,,,2,1
136675801,0.150000006,0.451776654,,,0.717216074,0.870329618,0.35345152,0.257544577,15.825881,5.14299965,0,,,2,1
136677169,0.150000006,0.432432443,,,0.644688606,0.846153796,0.371057361,0.248938024,15.8031559,5.14000034,0,,,2,1
136678330,0.150000006,0.393939406,,,0.523809493,0.805860758,0.390509129,0.240888074,15.825881,5.14000034,0,,,2,1
136679460,0.150000006,0.390625,,,0.604395568,0.942857087,0.390509129,0.240888074,15.8304262,5.13800001,0,,,2,1
136680586,0.150000006,0,,,0,1.49084234,0.390509129,0.240888074,15.7486153,5.13800001,0,,,2,1
136681716,0.150000006,0,,,0,1.57142854,0.390509129,0.240888074,15.7304344,5.13600016,0,,,2,1
136682848,0.150000006,0,,,0,1.49084234,0.390509129,0.240888074,15.7758856,5.13600016,0,,,2,1
136683977,0.150000006,0,,,0,1.62783873,0.390509129,0.240888074,15.7667952,5.13399982,0,,,2,1
136685104,0.150000006,0,,,0,1.33772886,0.390509129,0.240888074,15.7667952,5.13399982,0,,,2,1
136686268,0.150000006,0,,,0,1.54725266,0.4121131,0.233342439,15.7440701,5.13100004,0,,,2,1
136687429,0.150000006,0,,,0,1.41831493,0.436247468,0.226255178,15.7395248,5.13100004,0,,,2,1
136688592,0.150000006,0,,,0,1.56336987,0.46338439,0.219585747,15.7758856,5.12900019,0,,,2,1
136689752,0.150000006,0,,,0,1.56336987,0.494121403,0.213298246,15.7167997,5.12900019,0,,,2,1
136690916,0.150000006,0,,,0,1.57142854,0.529225767,0.207360789,15.7940655,5.12699986,0,,,2,1
136692076,0.150000006,0,,,0,1.58754563,0.569699466,0.201744944,15.7713404,5.12699986,0,,,2,1
136693239,0.150000006,0,,,0,1.44249082,0.588059068,0.199538827,15.784976,5.1239996,0,,,2,1
136694404,0.150000006,0,,,0,1.61978006,0.551548719,0.20412375,15.784976,5.1239996,0,,,2,1
136695568,0.150000006,0,,,0,1.29743576,0.519306064,0.208924487,15.7804308,5.12199974,0,,,2,1
136696729,0.150000006,0,,,0,1.65201449,0.490624547,0.213956535,15.7622499,5.12199974,0,,,2,1
136698096,0.150000006,0,,,0,1.41025639,0.464945227,0.219236985,15.7395248,5.11900043,0,,,2,1
136699256,0.150000006,0,,,0,1.48278379,0.441820294,0.224784702,15.7713404,5.11900043,0,,,2,1
136700420,0.150000006,0,,,0,1.52307677,0.420886695,0.230620459,15.7440701,5.1170001,0,,,2,1
136701580,0.150000006,0,,,0,1.41831493,0.401846975,0.236767307,15.7713404,5.1170001,0,,,2,1
136702743,0.150000006,0,,,0,1.5956043,0.384455353,0.243250847,15.7440701,5.11500025,0,,,2,1
136703904,0.150000006,0,,,0,1.44249082,0.3685067,0.250099391,15.7667952,5.11500025,0,,,2,1
136705068,0.150000006,0,,,0,1.56336987,0.35382849,0.257344812,15.7531605,5.11199999,0,,,2,1
136706233,0.150000006,0,,,0,1.41831493,0.34027487,0.265022516,15.7213449,5.11199999,0,,,2,1
136707396,0.150000006,0,,,0,1.5956043,0.327721268,0.273172408,15.7622499,5.11000013,0,,,2,1
136708556,0.150000006,0,,,0,1.40219772,0.31606099,0.28183946,15.6849842,5.11000013,0,,,2,1
136709720,0.150000006,0,,,0,1.60366297,0.305201918,0.291074574,15.7486153,5.1079998,0,,,2,1
136710880,0.150000006,0,,,0,1.50695968,0.29506427,0.300935298,15.7122545,5.1079998,0,,,2,1
136712044,0.150000006,0,,,0,1.47472525,0.28557843,0.311487645,15.7167997,5.10499954,0,,,2,1
136713205,0.150000006,0,,,0,1.52307677,0.276683539,0.322806835,15.7031641,5.10499954,0,,,2,1
136714368,0.150000006,0,,,0,1.48278379,0.268325955,0.334979773,15.6895294,5.10299969,0,,,2,1
136715529,0.150000006,0,,,0,1.60366297,0.260458529,0.348106742,15.6849842,5.10299969,0,,,2,1
136716692,0.150000006,0,,,0,1.32161164,0.253039241,0.362304509,15.6668043,5.10099983,0,,,2,1
136717857,0.150000006,0.468292713,,,0.773626328,0.878388226,0.250056326,0.36860019,15.8486061,5.10099983,0,,,2,1
136719225,0.150000006,0.616113722,,,1.04761899,0.652747214,0.256854504,0.354759604,15.8304262,5.09800005,0,,,2,1
136720386,0.150000006,0.639344215,,,0.942857087,0.5318681,0.266027242,0.338632762,15.8576965,5.09800005,0,,,2,1
136721549,0.150000006,0.630057812,,,0.878388226,0.515750885,0.275879383,0.323908389,15.8440609,5.09600019,0,,,2,1
136722710,0.150000006,0.608938515,,,0.878388226,0.56410253,0.286489338,0.310411155,15.8486061,5.09600019,0,,,2,1
136723874,0.150000006,0.577319562,,,0.902564049,0.660805821,0.297948033,0.297993749,15.8486061,5.09399986,0,,,2,1
136725034,0.150000006,0.580838323,,,0.781684935,0.56410253,0.310361505,0.286531597,15.8213358,5.09399986,0,,,2,1
136726198,0.150000006,0.5,,,0.741391897,0.741391897,0.323854387,0.275918543,15.8486061,5.09100008,0,,,2,1
136727358,0.150000006,0.471204162,,,0.725274682,0.813919365,0.338573754,0.266063631,15.8077011,5.09100008,0,,,2,1
136728522,0.150000006,0.460674167,,,0.660805821,0.773626328,0.354694843,0.256888419,15.8213358,5.08899975,0,,,2,1
136729687,0.150000006,0.411764711,,,0.676923037,0.967032909,0.372427911,0.248324931,15.8213358,5.08899975,0,,,2,1
136730851,0.150000006,0.401098907,,,0.588278353,0.878388226,0.392027408,0.240313947,15.8304262,5.08699989,0,,,2,1
136731978,0.150000006,0.410256386,,,0.644688606,0.926739872,0.392027408,0.240313947,15.8122463,5.08699989,0,,,2,1
136733107,0.150000006,0,,,0,1.3860805,0.392027408,0.240313947,15.7395248,5.08399963,0,,,2,1
136734234,0.150000006,0,,,0,1.6358974,0.392027408,0.240313947,15.7713404,5.08399963,0,,,2,1
136735363,0.150000006,0,,,0,1.34578753,0.392027408,0.240313947,15.7622499,5.08199978,0,,,2,1
136736490,0.150000006,0,,,0,1.5553112,0.392027408,0.240313947,15.7804308,5.08199978,0,,,2,1
136737620,0.150000006,0,,,0,1.29743576,0.392027408,0.240313947,15.7349796,5.07999992,0,,,2,1
136738781,0.150000006,0,,,0,1.57142854,0.413804412,0.232803673,15.7713404,5.07999992,0,,,2,1
136740153,0.150000006,0,,,0,1.45860791,0.438143104,0.225748613,15.7486153,5.07700014,0,,,2,1
136741314,0.150000006,0,,,0,1.61172152,0.465523779,0.219108582,15.7986107,5.07700014,0,,,2,1
136742477,0.150000006,0,,,0,1.53919411,0.496554762,0.212847978,15.7577057,5.07499981,0,,,2,1
136743638,0.150000006,0,,,0,1.43443215,0.532018125,0.206935212,15.7895203,5.07499981,0,,,2,1
136744801,0.150000006,0,,,0,1.65201449,0.572936594,0.201342076,15.7986107,5.07299995,0,,,2,1
136745961,0.150000006,0,,,0,1.34578753,0.594859362,0.198767811,15.7986107,5.07299995,0,,,2,1
136747125,0.150000006,0,,,0,1.61172152,0.557526529,0.203316972,15.7895203,5.07000017,0,,,2,1
136748285,0.150000006,0,,,0,1.33772886,0.524602056,0.208079368,15.7622499,5.07000017,0,,,2,1
136749449,0.150000006,0,,,0,1.66813183,0.49534896,0.213070303,15.8031559,5.06799984,0,,,2,1
136750609,0.150000006,0,,,0,1.42637348,0.469185948,0.218306571,15.7258902,5.06799984,0,,,2,1
136751777,0.150000006,0,,,0,1.50695968,0.445647925,0.223806694,15.784976,5.06599998,0,,,2,1
136752938,0.150000006,0,,,0,1.54725266,0.424358755,0.229591146,15.7622499,5.06599998,0,,,2,1
136754101,0.150000006,0,,,0,1.43443215,0.405010849,0.235682532,15.7667952,5.06299973,0,,,2,1
136755261,0.150000006,0,,,0,1.52307677,0.387350321,0.242105961,15.7349796,5.06299973,0,,,2,1
136756425,0.150000006,0,,,0,1.34578753,0.371165603,0.248889327,15.7667952,5.06099987,0,,,2,1
136757585,0.150000006,0,,,0,1.66007316,0.356279105,0.256063789,15.7486153,5.06099987,0,,,2,1
136758749,0.150000006,0,,,0,1.27326,0.342540741,0.263664097,15.7213449,5.05900002,0,,,2,1
136759909,0.150000006,0,,,0,1.61978006,0.32982251,0.27172941,15.7304344,5.05900002,0,,,2,1
136761276,0.150000006,0,,,0,1.45860791,0.31801492,0.280303717,15.7077093,5.05600023,0,,,2,1
136762437,0.150000006,0,,,0,1.40219772,0.307023525,0.289436787,15.7395248,5.05600023,0,,,2,1
136763605,0.150000006,0,,,0,1.53113544,0.29676652,0.299185038,15.6940746,5.0539999,0,,,2,1
136764765,0.150000006,0,,,0,1.34578753,0.287172705,0.30961284,15.7258902,5.0539999,0,,,2,1
136765929,0.150000006,0,,,0,1.49084234,0.278179765,0.320793778,15.6895294,5.05200005,0,,,2,1
136767089,0.150000006,0,,,0,1.36996329,0.269732952,0.332812548,15.7167997,5.05200005,0,,,2,1
136768252,0.150000006,0,,,0,1.62783873,0.261783957,0.345766932,15.6622591,5.04899979,0,,,2,1
136769412,0.150000006,0,,,0,1.3860805,0.254290104,0.359770596,15.680439,5.04899979,0,,,2,1
136770576,0.150000006,0.49444443,,,0.717216074,0.73333329,0.251508743,0.365489036,15.8622417,5.04699993,0,,,2,1
136771736,0.150000006,0.601123571,,,0.862271011,0.572161138,0.2587412,0.351222277,15.8077011,5.04699993,0,,,2,1
136772900,0.150000006,0.666666627,,,0.854212403,0.427106202,0.268051654,0.3354083,15.8395166,5.04500008,0,,,2,1
136774060,0.150000006,0.616279066,,,0.854212403,0.5318681,0.278057128,0.320957005,15.8440609,5.04500008,0,,,2,1
136775228,0.150000006,0.598802388,,,0.805860758,0.539926708,0.288838536,0.307699561,15.8576965,5.04199982,0,,,2,1
136776389,0.150000006,0.588832498,,,0.934798479,0.652747214,0.300489753,0.295493871,15.8349714,5.04199982,0,,,2,1
136777552,0.150000006,0.575757623,,,0.76556772,0.56410253,0.313120455,0.284219623,15.8576965,5.03999996,0,,,2,1
136778713,0.150000006,0.49253732,,,0.79780215,0.821977973,0.326859564,0.273774058,15.8440609,5.03999996,0,,,2,1
136779877,0.150000006,0.469879508,,,0.628571391,0.709157467,0.341859698,0.264069021,15.8122463,5.03800011,0,,,2,1
136781037,0.150000006,0.455026478,,,0.693040252,0.830036581,0.358302832,0.255028516,15.825881,5.03800011,0,,,2,1
136782404,0.150000006,0.429347813,,,0.636629999,0.846153796,0.376407713,0.246586531,15.8077011,5.03499985,0,,,2,1
136783531,0.150000006,0.40476191,,,0.547985315,0.805860758,0.376407713,0.246586531,15.8395166,5.03499985,0,,,2,1
136784661,0.150000006,0,,,0,1.57948709,0.376407713,0.246586531,15.7167997,5.03299999,0,,,2,1
136785788,0.150000006,0,,,0,1.46666658,0.376407713,0.246586531,15.7804308,5.03299999,0,,,2,1
136786923,0.150000006,0,,,0,1.5553112,0.376407713,0.246586531,15.7258902,5.03100014,0,,,2,1
136788050,0.150000006,0,,,0,1.36190462,0.376407713,0.246586531,15.7622499,5.03100014,0,,,2,1
136789213,0.150000006,0,,,0,1.56336987,0.396439582,0.238685548,15.7258902,5.02799988,0,,,2,1
136790373,0.150000006,0,,,0,1.41025639,0.418723464,0.231275141,15.7667952,5.02799988,0,,,2,1
136791537,0.150000006,0,,,0,1.5553112,0.44366169,0.224311009,15.7622499,5.02600002,0,,,2,1
136792697,0.150000006,0,,,0,1.39413905,0.471758574,0.217754051,15.7304344,5.02600002,0,,,2,1
136793860,0.150000006,0,,,0,1.44249082,0.503654778,0.211569548,15.7986107,5.02400017,0,,,2,1
136795020,0.150000006,0,,,0,1.41025639,0.540176868,0.205726609,15.7440701,5.02400017,0,,,2,1
136796183,0.150000006,0,,,0,1.32161164,0.580208182,0.200459227,15.7940655,5.02099991,0,,,2,1
136797344,0.150000006,0,,,0,1.41025639,0.544639707,0.205086589,15.7531605,5.02099991,0,,,2,1
136798512,0.150000006,0,,,0,1.41025639,0.513177752,0.209933087,15.8167906,5.01900005,0,,,2,1
136799672,0.150000006,0,,,0,1.49084234,0.485151231,0.215014368,15.7349796,5.01900005,0,,,2,1
136800836,0.150000006,0,,,0,1.33772886,0.460027069,0.220347777,15.8031559,5.0170002,0,,,2,1
136801996,0.150000006,0,,,0,1.58754563,0.437376946,0.225952551,15.7622499,5.0170002,0,,,2,1
136803364,0.150000006,0,,,0,1.32967019,0.416852504,0.231849924,15.7395248,5.01399994,0,,,2,1
136804524,0.150000006,0,,,0,1.47472525,0.398167938,0.23806335,15.7895203,5.01399994,0,,,2,1
136805688,0.150000006,0,,,0,1.37802196,0.381086558,0.244619027,15.7258902,5.01200008,0,,,2,1
136806848,0.150000006,0,,,0,1.43443215,0.365410477,0.251545966,15.7486153,5.01200008,0,,,2,1
136808011,0.150000006,0,,,0,1.49890101,0.350973099,0.258876622,15.7213449,5.00999975,0,,,2,1
136809171,0.150000006,0,,,0,1.45054936,0.337633193,0.266647369,15.7622499,5.00999975,0,,,2,1
136810340,0.150000006,0,,,0,1.49084234,0.325270206,0.274899125,15.6986198,5.00699997,0,,,2,1
136811500,0.150000006,0,,,0,1.41025639,0.313780636,0.283677846,15.7486153,5.00699997,0,,,2,1
136812664,0.150000006,0,,,0,1.53113544,0.303075045,0.293035775,15.7258902,5.00500011,0,,,2,1
136813824,0.150000006,0,,,0,1.32161164,0.293075889,0.30303216,15.7258902,5.00500011,0,,,2,1
136814988,0.150000006,0,,,0,1.47472525,0.283715457,0.313734651,15.7031641,5.00300026,0,,,2,1
136816148,0.150000006,0,,,0,1.39413905,0.274934411,0.325220793,15.6713495,5.00300026,0,,,2,1
136817318,0.150000006,0,,,0,1.44249082,0.266680598,0.337579906,15.7077093,5,0,,,2,1
136818478,0.150000006,0,,,0,1.41025639,0.258907944,0.350915551,15.6440792,5,0,,,2,1
136819642,0.150000006,0,,,0,1.40219772,0.2515755,0.36534813,15.6713495,4.99800014,0,,,2,1
136820807,0.150000006,0.461928964,,,0.73333329,0.854212403,0.248571858,0.371873856,15.8349714,4.99800014,0,,,2,1
136821971,0.150000006,0.62130183,,,0.846153796,0.515750885,0.255218536,0.357928455,15.8486061,4.99599981,0,,,2,1
136823131,0.150000006,0.644329906,,,1.00732589,0.556043923,0.26427272,0.341518909,15.8349714,4.99599981,0,,,2,1
136824498,0.150000006,0.645569623,,,0.821977973,0.451282024,0.273992985,0.32654801,15.8304262,4.99300003,0,,,2,1
136825659,0.150000006,0.632183909,,,0.886446834,0.515750885,0.284455568,0.312834561,15.8486061,4.99300003,0,,,2,1
136826823,0.150000006,0.592356741,,,0.749450505,0.515750885,0.295748949,0.30022645,15.8167906,4.99100018,0,,,2,1
136827983,0.150000006,0.586419761,,,0.76556772,0.539926708,0.307976127,0.288595229,15.8531513,4.99100018,0,,,2,1
136829147,0.150000006,0.494252861,,,0.693040252,0.709157467,0.321257949,0.277831674,15.8031559,4.98799992,0,,,2,1
136830308,0.150000006,0.463855416,,,0.620512784,0.717216074,0.33573699,0.267842114,15.8167906,4.98799992,0,,,2,1
136831472,0.150000006,0.450292379,,,0.620512784,0.757509112,0.351582736,0.258545935,15.8213358,4.98600006,0,,,2,1
136832637,0.150000006,0.419540226,,,0.588278353,0.813919365,0.368998349,0.24987343,15.8440609,4.98600006,0,,,2,1
136833767,0.150000006,0.42780748,,,0.644688606,0.862271011,0.368998349,0.24987343,15.8077011,4.98400021,0,,,2,1
136834894,0.150000006,0,,,0,1.37802196,0.368998349,0.24987343,15.7440701,4.98400021,0,,,2,1
136836024,0.150000006,0,,,0,1.46666658,0.368998349,0.24987343,15.7395248,4.98099995,0,,,2,1
136837151,0.150000006,0,,,0,1.32161164,0.368998349,0.24987343,15.7804308,4.98099995,0,,,2,1
136838280,0.150000006,0,,,0,1.51501822,0.368998349,0.24987343,15.7531605,4.97900009,0,,,2,1
136839441,0.150000006,0,,,0,1.35384607,0.388229221,0.241763875,15.7622499,4.97900009,0,,,2,1
136840605,0.150000006,0,,,0,1.5553112,0.409574777,0.234164149,15.7667952,4.97700024,0,,,2,1
136841766,0.150000006,0,,,0,1.33772886,0.433404148,0.22702764,15.7395248,4.97700024,0,,,2,1
136842929,0.150000006,0,,,0,1.5553112,0.46017766,0.220313251,15.8077011,4.9749999,0,,,2,1
136844094,0.150000006,0,,,0,1.36996329,0.490476787,0.213984624,15.7577057,4.9749999,0,,,2,1
136845462,0.150000006,0,,,0,1.33772886,0.525047123,0.208009452,15.8167906,4.97200012,0,,,2,1
136846623,0.150000006,0,,,0,1.48278379,0.564860165,0.202358872,15.7622499,4.97200012,0,,,2,1
136847786,0.150000006,0,,,0,1.34578753,0.542386949,0.205407858,15.8031559,4.96999979,0,,,2,1
136848947,0.150000006,0,,,0,1.47472525,0.511177301,0.210269704,15.7895203,4.96999979,0,,,2,1
136850110,0.150000006,0,,,0,1.36996329,0.483362973,0.215367481,15.7940655,4.96700001,0,,,2,1
136851271,0.150000006,0,,,0,1.5553112,0.458418995,0.220718637,15.784976,4.96700001,0,,,2,1
136852435,0.150000006,0,,,0,1.26520133,0.43592307,0.226342544,15.7440701,4.96500015,0,,,2,1
136853595,0.150000006,0,,,0,1.3860805,0.415531635,0.232260525,15.7986107,4.96500015,0,,,2,1
136854759,0.150000006,0,,,0,1.32161164,0.396962702,0.238496333,15.7440701,4.9630003,0,,,2,1
136855924,0.150000006,0,,,0,1.36996329,0.379982382,0.245076165,15.7622499,4.9630003,0,,,2,1
136857088,0.150000006,0,,,0,1.40219772,0.364395082,0.252029389,15.7167997,4.96000004,0,,,2,1
136858248,0.150000006,0,,,0,1.41025639,0.350036263,0.259388685,15.7758856,4.96000004,0,,,2,1
136859412,0.150000006,0,,,0,1.53919411,0.336766154,0.267190665,15.7349796,4.95800018,0,,,2,1
136860572,0.150000006,0,,,0,1.46666658,0.324465424,0.275476545,15.7622499,4.95800018,0,,,2,1
136861735,0.150000006,0,,,0,1.45054936,0.313031644,0.284292817,15.7122545,4.95599985,0,,,2,1
136862896,0.150000006,0,,,0,1.30549443,0.30237627,0.293692052,15.7440701,4.95599985,0,,,2,1
136864059,0.150000006,0,,,0,1.60366297,0.292422354,0.303734034,15.7213449,4.95300007,0,,,2,1
136865219,0.150000006,0,,,0,1.28937721,0.283102989,0.31448701,15.7122545,4.95300007,0,,,2,1
136866587,0.150000006,0,,,0,1.43443215,0.274359226,0.32602933,15.7213449,4.95100021,0,,,2,1
136867752,0.150000006,0,,,0,1.41025639,0.266139388,0.338451207,15.6577139,4.95100021,0,,,2,1
136868915,0.150000006,0,,,0,1.35384607,0.258397788,0.351857066,15.7031641,4.94899988,0,,,2,1
136870075,0.150000006,0,,,0,1.37802196,0.251093805,0.366368771,15.6895294,4.94899988,0,,,2,1
136871239,0.150000006,0.5,,,0.717216074,0.717216074,0.248429433,0.372193098,15.866787,4.9460001,0,,,2,1
136872399,0.150000006,0.634020627,,,0.991208732,0.572161138,0.255886555,0.356622785,15.8304262,4.9460001,0,,,2,1
136873563,0.150000006,0.666666687,,,0.870329618,0.435164809,0.264989048,0.340330005,15.8622417,4.94400024,0,,,2,1
136874724,0.150000006,0.629834294,,,0.918681264,0.539926708,0.274763048,0.325460911,15.8622417,4.94400024,0,,,2,1
136875887,0.150000006,0.616352201,,,0.789743543,0.491575062,0.285285681,0.31183669,15.8576965,4.94200039,0,,,2,1
136877048,0.150000006,0.586387396,,,0.902564049,0.636629999,0.296646357,0.299307287,15.8576965,4.94200039,0,,,2,1
136878211,0.150000006,0.576923072,,,0.725274682,0.5318681,0.308949411,0.287745804,15.8122463,4.93900013,0,,,2,1
136879376,0.150000006,0.508379877,,,0.73333329,0.709157467,0.322317123,0.277044326,15.8531513,4.93900013,0,,,2,1
136880540,0.150000006,0.453987718,,,0.596336961,0.717216074,0.336893946,0.267110288,15.8213358,4.9369998,0,,,2,1
136881700,0.150000006,0.454022974,,,0.636629999,0.76556772,0.352851719,0.257863969,15.8304262,4.9369998,0,,,2,1
136882864,0.150000006,0.4342857,,,0.612454176,0.79780215,0.370396376,0.24923639,15.8122463,4.93499994,0,,,2,1
136883991,0.150000006,0.424418598,,,0.588278353,0.79780215,0.370396376,0.24923639,15.8440609,4.93499994,0,,,2,1
136885120,0.150000006,0,,,0,1.50695968,0.370396376,0.24923639,15.7077093,4.93200016,0,,,2,1
136886247,0.150000006,0,,,0,1.49084234,0.370396376,0.24923639,15.7986107,4.93200016,0,,,2,1
136887581,0.150000006,0,,,0,1.50695968,0.370396376,0.24923639,15.7349796,4.92999983,0,,,2,1
136888707,0.150000006,0,,,0,1.40219772,0.370396376,0.24923639,15.7804308,4.92999983,0,,,2,1
136889876,0.150000006,0,,,0,1.50695968,0.389777094,0.241167471,15.7758856,4.92799997,0,,,2,1
136891036,0.150000006,0,,,0,1.29743576,0.411297917,0.23360461,15.7486153,4.92799997,0,,,2,1
136892200,0.150000006,0,,,0,1.48278379,0.435334116,0.226501644,15.7758856,4.92500019,0,,,2,1
136893360,0.150000006,0,,,0,1.24908423,0.462354004,0.219817877,15.7304344,4.92500019,0,,,2,1
136894524,0.150000006,0,,,0,1.46666658,0.492949963,0.213517278,15.8077011,4.92300034,0,,,2,1
136895684,0.150000006,0,,,0,1.37802196,0.527882159,0.207567796,15.7486153,4.92300034,0,,,2,1
136896847,0.150000006,0,,,0,1.41831493,0.568142831,0.201940879,15.7940655,4.921,0,,,2,1
136898008,0.150000006,0,,,0,1.40219772,0.550289452,0.204296783,15.7531605,4.921,0,,,2,1
136899171,0.150000006,0,,,0,1.41831493,0.518190563,0.209105581,15.8213358,4.91800022,0,,,2,1
136900331,0.150000006,0,,,0,1.42637348,0.48962912,0.214146376,15.7667952,4.91800022,0,,,2,1
136901499,0.150000006,0,,,0,1.40219772,0.464051306,0.219436288,15.8031559,4.91599989,0,,,2,1
136902659,0.150000006,0,,,0,1.45054936,0.441013038,0.224994227,15.7440701,4.91599989,0,,,2,1
136903823,0.150000006,0,,,0,1.28131866,0.420154095,0.230841011,15.8031559,4.91400003,0,,,2,1
136904983,0.150000006,0,,,0,1.54725266,0.401179135,0.236999795,15.7667952,4.91400003,0,,,2,1
136906146,0.150000006,0,,,0,1.31355309,0.383844048,0.24349618,15.7667952,4.91099977,0,,,2,1
136907306,0.150000006,0,,,0,1.45054936,0.367944986,0.25035879,15.7758856,4.91099977,0,,,2,1
136908674,0.150000006,0,,,0,1.41831493,0.353310615,0.257619441,15.7077093,4.90899992,0,,,2,1
136909834,0.150000006,0,,,0,1.49084234,0.339795917,0.265313804,15.7395248,4.90899992,0,,,2,1
136910997,0.150000006,0,,,0,1.42637348,0.327276975,0.273481876,15.7213449,4.90699959,0,,,2,1
136912157,0.150000006,0,,,0,1.30549443,0.315647721,0.282168925,15.7531605,4.90699959,0,,,2,1
136913325,0.150000006,0,,,0,1.51501822,0.304816574,0.291425943,15.7167997,4.90400028,0,,,2,1
136914486,0.150000006,0,,,0,1.36190462,0.29470408,0.301310927,15.7349796,4.90400028,0,,,2,1
136915649,0.150000006,0,,,0,1.44249082,0.285241008,0.311890066,15.6986198,4.90200043,0,,,2,1
136916809,0.150000006,0,,,0,1.32967019,0.27636674,0.323239118,15.7395248,4.90200043,0,,,2,1
136917973,0.150000006,0,,,0,1.53113544,0.268028021,0.335445255,15.7077093,4.9000001,0,,,2,1
136919133,0.150000006,0,,,0,1.36996329,0.260177761,0.348609477,15.6940746,4.9000001,0,,,2,1
136920297,0.150000006,0,,,0,1.41025639,0.252774298,0.362849057,15.6895294,4.89699984,0,,,2,1
136921457,0.150000006,0.448275864,,,0.628571391,0.773626328,0.249623194,0.36954543,15.8213358,4.89699984,0,,,2,1
136922621,0.150000006,0.619883001,,,0.854212403,0.523809493,0.25606069,0.356285065,15.866787,4.89499998,0,,,2,1
136923781,0.150000006,0.618497133,,,0.862271011,0.5318681,0.265175819,0.340022415,15.8304262,4.89499998,0,,,2,1
136924950,0.150000006,0.633540392,,,0.821977973,0.475457847,0.274963856,0.325179607,15.8395166,4.89300013,0,,,2,1
136926110,0.150000006,0.611764729,,,0.838095188,0.5318681,0.285502166,0.311578423,15.8304262,4.89300013,0,,,2,1
136927274,0.150000006,0.597484231,,,0.76556772,0.515750885,0.296880454,0.299069345,15.8531513,4.88999987,0,,,2,1
136928434,0.150000006,0.553191483,,,0.838095188,0.676923037,0.309203327,0.287525892,15.8486061,4.88999987,0,,,2,1
136929801,0.150000006,0.513333321,,,0.620512784,0.588278353,0.32259348,0.276840448,15.8486061,4.88800001,0,,,2,1
136930962,0.150000006,0.462427765,,,0.644688606,0.749450505,0.337195903,0.266920775,15.8486061,4.88800001,0,,,2,1
136932125,0.150000006,0.440789461,,,0.539926708,0.684981644,0.353182942,0.25768736,15.825881,4.88500023,0,,,2,1
136933286,0.150000006,0.4342857,,,0.612454176,0.79780215,0.370761395,0.249071389,15.8349714,4.88500023,0,,,2,1
136934449,0.150000006,0.410256416,,,0.515750885,0.741391897,0.390181333,0.241012976,15.8031559,4.88300037,0,,,2,1
136935576,0.150000006,0.387283266,,,0.539926708,0.854212403,0.390181333,0.241012976,15.8440609,4.88300037,0,,,2,1
136936711,0.150000006,0,,,0,1.37802196,0.390181333,0.241012976,15.7213449,4.88100004,0,,,2,1
136937837,0.150000006,0,,,0,1.41831493,0.390181333,0.241012976,15.7940655,4.88100004,0,,,2,1
136938967,0.150000006,0,,,0,1.32967019,0.390181333,0.241012976,15.7395248,4.87900019,0,,,2,1
136940093,0.150000006,0,,,0,1.35384607,0.390181333,0.241012976,15.7713404,4.87900019,0,,,2,1
136941223,0.150000006,0,,,0,1.37802196,0.390181333,0.241012976,15.7258902,4.87599993,0,,,2,1
136942383,0.150000006,0,,,0,1.36996329,0.411748052,0.233459651,15.7622499,4.87599993,0,,,2,1
136943546,0.150000006,0,,,0,1.37802196,0.435838431,0.226365358,15.7486153,4.87400007,0,,,2,1
136944707,0.150000006,0,,,0,1.44249082,0.462922901,0.219689518,15.7895203,4.87400007,0,,,2,1
136945870,0.150000006,0,,,0,1.5553112,0.493596703,0.213396162,15.7667952,4.87200022,0,,,2,1
136947030,0.150000006,0,,,0,1.32161164,0.528623879,0.20745334,15.8077011,4.87200022,0,,,2,1
136948198,0.150000006,0,,,0,1.3860805,0.569002092,0.201832533,15.7622499,4.86899996,0,,,2,1
136949359,0.150000006,0,,,0,1.28937721,0.581766784,0.200273827,15.825881,4.86899996,0,,,2,1
136950726,0.150000006,0,,,0,1.41831493,0.546009898,0.204892993,15.7940655,4.86699963,0,,,2,1
136951886,0.150000006,0,,,0,1.20073247,0.514392972,0.209730402,15.7577057,4.86699963,0,,,2,1
136953050,0.150000006,0,,,0,1.42637348,0.486236751,0.214801818,15.8122463,4.86400032,0,,,2,1
136954210,0.150000006,0,,,0,1.34578753,0.461002976,0.220124587,15.7486153,4.86400032,0,,,2,1
136955374,0.150000006,0,,,0,1.45054936,0.438258976,0.225717872,15.7986107,4.86199999,0,,,2,1
136956534,0.150000006,0,,,0,1.29743576,0.417653531,0.231602833,15.7440701,4.86199999,0,,,2,1
136957697,0.150000006,0,,,0,1.39413905,0.398898751,0.237802878,15.7895203,4.86000013,0,,,2,1
136958858,0.150000006,0,,,0,1.45054936,0.381755978,0.244344011,15.7622499,4.86000013,0,,,2,1
136960026,0.150000006,0,,,0,1.35384607,0.366025835,0.251255155,15.8031559,4.8579998,0,,,2,1
136961186,0.150000006,0,,,0,1.49084234,0.351540774,0.258568645,15.7395248,4.8579998,0,,,2,1
136962350,0.150000006,0,,,0,1.28937721,0.338158518,0.266320646,15.7713404,4.85500002,0,,,2,1
136963511,0.150000006,0,,,0,1.45860791,0.325757712,0.274551839,15.7349796,4.85500002,0,,,2,1
136964674,0.150000006,0,,,0,1.24102557,0.314234316,0.283308059,15.7713404,4.85300016,0,,,2,1
136965834,0.150000006,0,,,0,1.49084234,0.303498298,0.292641222,15.7577057,4.85300016,0,,,2,1
136966997,0.150000006,0,,,0,1.32967019,0.293471605,0.302610248,15.7213449,4.85099983,0,,,2,1
136968157,0.150000006,0,,,0,1.37802196,0.284086317,0.3132824,15.7349796,4.85099983,0,,,2,1
136969321,0.150000006,0,,,0,1.29743576,0.275282651,0.324734867,15.680439,4.84799957,0,,,2,1
136970486,0.150000006,0,,,0,1.35384607,0.267008245,0.337056428,15.7258902,4.84799957,0,,,2,1
136971854,0.150000006,0,,,0,1.3860805,0.259216756,0.350349873,15.6486235,4.84599972,0,,,2,1
136973014,0.150000006,0,,,0,1.39413905,0.251867056,0.364734977,15.7213449,4.84599972,0,,,2,1
136974177,0.150000006,0.508379877,,,0.73333329,0.709157467,0.249259055,0.370346338,15.8576965,4.84300041,0,,,2,1
136975338,0.150000006,0.62130183,,,0.846153796,0.515750885,0.256805778,0.354852557,15.8622417,4.84300041,0,,,2,1
136976501,0.150000006,0.632768393,,,0.902564049,0.523809493,0.265974969,0.33871749,15.8486061,4.84100008,0,,,2,1
136977661,0.150000006,0.642384052,,,0.781684935,0.435164809,0.275823176,0.323985904,15.8576965,4.84100008,0,,,2,1
136978825,0.150000006,0.613259673,,,0.894505441,0.56410253,0.28642872,0.310482323,15.8349714,4.83900023,0,,,2,1
136979985,0.150000006,0.609271467,,,0.741391897,0.475457847,0.297882468,0.298059344,15.8622417,4.83900023,0,,,2,1
136981149,0.150000006,0.551136374,,,0.781684935,0.636629999,0.310290396,0.286592275,15.8576965,4.83599997,0,,,2,1
136982314,0.150000006,0.487179488,,,0.612454176,0.644688606,0.323776931,0.27597481,15.8304262,4.83599997,0,,,2,1
136983477,0.150000006,0.477528095,,,0.684981644,0.749450505,0.338489115,0.266115934,15.8440609,4.83400011,0,,,2,1
136984637,0.150000006,0.439189196,,,0.523809493,0.668864429,0.354601979,0.256937176,15.7986107,4.83400011,0,,,2,1
136985801,0.150000006,0.424050629,,,0.539926708,0.73333329,0.37232551,0.248370498,15.8576965,4.83199978,0,,,2,1
136986928,0.150000006,0.387755096,,,0.459340632,0.725274682,0.37232551,0.248370498,15.8213358,4.83199978,0,,,2,1
136988057,0.150000006,0,,,0,1.43443215,0.37232551,0.248370498,15.7531605,4.829,0,,,2,1
136989184,0.150000006,0,,,0,1.34578753,0.37232551,0.248370498,15.7577057,4.829,0,,,2,1
136990314,0.150000006,0,,,0,1.41831493,0.37232551,0.248370498,15.7713404,4.82699966,0,,,2,1
136991440,0.150000006,0,,,0,1.36996329,0.37232551,0.248370498,15.7304344,4.82699966,0,,,2,1
136992808,0.150000006,0,,,0,1.33772886,0.39191395,0.240356609,15.7804308,4.82499981,0,,,2,1
136993973,0.150000006,0,,,0,1.44249082,0.41367799,0.232843712,15.7486153,4.82499981,0,,,2,1
136995136,0.150000006,0,,,0,1.35384607,0.438001394,0.225786254,15.7986107,4.82200003,0,,,2,1
136996296,0.150000006,0,,,0,1.44249082,0.465363801,0.219144046,15.7577057,4.82200003,0,,,2,1
136997460,0.150000006,0,,,0,1.34578753,0.49637273,0.212881446,15.7940655,4.82000017,0,,,2,1
136998620,0.150000006,0,,,0,1.48278379,0.531809211,0.206966847,15.7986107,4.82000017,0,,,2,1
136999783,0.150000006,0,,,0,1.32161164,0.567926526,0.201968193,15.8077011,4.81799984,0,,,2,1
137000943,0.150000006,0,,,0,1.57948709,0.533803463,0.206666365,15.8077011,4.81799984,0,,,2,1
137002107,0.150000006,0,,,0,1.17655671,0.503546178,0.211588696,15.7622499,4.81500006,0,,,2,1
137003267,0.150000006,0,,,0,1.48278379,0.476534098,0.216751441,15.7986107,4.81500006,0,,,2,1
137004431,0.150000006,0,,,0,1.17655671,0.452272296,0.222172469,15.7531605,4.8130002,0,,,2,1
137005596,0.150000006,0,,,0,1.3860805,0.430361092,0.227871656,15.8077011,4.8130002,0,,,2,1
137006760,0.150000006,0,,,0,1.30549443,0.410474867,0.233870938,15.7577057,4.81099987,0,,,2,1
137007920,0.150000006,0,,,0,1.37802196,0.392345279,0.240194678,15.7940655,4.81099987,0,,,2,1
137009084,0.150000006,0,,,0,1.37802196,0.375749379,0.246869862,15.7213449,4.80799961,0,,,2,1
137010244,0.150000006,0,,,0,1.37802196,0.360500515,0.253926724,15.7667952,4.80799961,0,,,2,1
137011407,0.150000006,0,,,0,1.34578753,0.34644106,0.261398882,15.7213449,4.80599976,0,,,2,1
137012568,0.150000006,0,,,0,1.28937721,0.333437055,0.269324094,15.784976,4.80599976,0,,,2,1
137013935,0.150000006,0,,,0,1.42637348,0.321373969,0.277744949,15.7258902,4.8039999,0,,,2,1
137015095,0.150000006,0,,,0,1.26520133,0.310153276,0.286709368,15.7622499,4.8039999,0,,,2,1
137016259,0.150000006,0,,,0,1.50695968,0.299689651,0.296271712,15.7486153,4.80100012,0,,,2,1
137017424,0.150000006,0,,,0,1.2168498,0.289908975,0.306493968,15.7440701,4.80100012,0,,,2,1
137018587,0.150000006,0,,,0,1.51501822,0.280746609,0.317446768,15.7258902,4.79899979,0,,,2,1
137019747,0.150000006,0,,,0,1.24908423,0.272145599,0.329211444,15.6895294,4.79899979,0,,,2,1
137020910,0.150000006,0,,,0,1.47472525,0.264055908,0.341881692,15.7122545,4.79699993,0,,,2,1
137022071,0.150000006,0,,,0,1.24102557,0.256433308,0.355566174,15.680439,4.79699993,0,,,2,1
137023234,0.150000006,0,,,0,1.32967019,0.249238446,0.370391905,15.7122545,4.79400015,0,,,2,1
137024394,0.150000006,0.459770113,,,0.644688606,0.757509112,0.246271715,0.377143621,15.8395166,4.79400015,0,,,2,1
137025558,0.150000006,0.636942685,,,0.805860758,0.459340632,0.252895027,0.362600565,15.8486061,4.79199982,0,,,2,1
137026718,0.150000006,0.630434811,,,0.934798479,0.547985315,0.261782259,0.345769912,15.8304262,4.79199982,0,,,2,1
137027882,0.150000006,0.664516091,,,0.830036581,0.419047594,0.271316856,0.330432355,15.8531513,4.78999996,0,,,2,1
137029047,0.150000006,0.608187079,,,0.838095188,0.539926708,0.281572253,0.316397727,15.8349714,4.78999996,0,,,2,1
137030210,0.150000006,0.606666684,,,0.73333329,0.475457847,0.292633384,0.303506702,15.866787,4.7869997,0,,,2,1
137031370,0.150000006,0.575581372,,,0.79780215,0.588278353,0.304599106,0.291624993,15.8440609,4.7869997,0,,,2,1
137032534,0.150000006,0.49696973,,,0.660805821,0.668864429,0.317585111,0.280638486,15.8531513,4.78499985,0,,,2,1
137033898,0.150000006,0.479041904,,,0.644688606,0.701098859,0.331727684,0.270449758,15.8486061,4.78499985,0,,,2,1
137035061,0.150000006,0.446540862,,,0.572161138,0.709157467,0.347188532,0.260974914,15.8440609,4.78200006,0,,,2,1
137036222,0.150000006,0.449438214,,,0.644688606,0.789743543,0.364161015,0.252141505,15.8576965,4.78200006,0,,,2,1
137037385,0.150000006,0.416107416,,,0.49963367,0.701098859,0.382878184,0.243886471,15.8167906,4.78000021,0,,,2,1
137038512,0.150000006,0.4142012,,,0.56410253,0.79780215,0.382878184,0.243886471,15.8395166,4.78000021,0,,,2,1
137039647,0.150000006,0,,,0,1.2329669,0.382878184,0.243886471,15.7213449,4.77799988,0,,,2,1
137040774,0.150000006,0,,,0,1.3860805,0.382878184,0.243886471,15.7758856,4.77799988,0,,,2,1
137041904,0.150000006,0,,,0,1.25714278,0.382878184,0.243886471,15.7395248,4.77600002,0,,,2,1
137043030,0.150000006,0,,,0,1.51501822,0.382878184,0.243886471,15.7758856,4.77600002,0,,,2,1
137044161,0.150000006,0,,,0,1.20879114,0.382878184,0.243886471,15.7395248,4.77299976,0,,,2,1
137045287,0.150000006,0,,,0,1.45054936,0.382878184,0.243886471,15.7940655,4.77299976,0,,,2,1
137046450,0.150000006,0,,,0,1.24102557,0.40362367,0.236154824,15.7440701,4.77099991,0,,,2,1
137047610,0.150000006,0,,,0,1.39413905,0.426746041,0.228898361,15.8077011,4.77099991,0,,,2,1
137048774,0.150000006,0,,,0,1.19267392,0.452678651,0.222074538,15.7713404,4.76900005,0,,,2,1
137049934,0.150000006,0,,,0,1.32161164,0.481966913,0.21564579,15.7895203,4.76900005,0,,,2,1
137051102,0.150000006,0,,,0,1.31355309,0.515307248,0.209578767,15.7577057,4.76599979,0,,,2,1
137052262,0.150000006,0,,,0,1.31355309,0.553603053,0.203843817,15.7986107,4.76599979,0,,,2,1
137053425,0.150000006,0,,,0,1.35384607,0.564146698,0.202450588,15.7667952,4.76399994,0,,,2,1
137054586,0.150000006,0,,,0,1.28131866,0.530432642,0.207176089,15.8167906,4.76399994,0,,,2,1
137055953,0.150000006,0,,,0,1.42637348,0.500515103,0.212128505,15.7486153,4.76200008,0,,,2,1
137057114,0.150000006,0,,,0,1.2168498,0.473786652,0.217324674,15.8077011,4.76200008,0,,,2,1
137058277,0.150000006,0,,,0,1.37802196,0.449757159,0.222784474,15.7940655,4.75899982,0,,,2,1
137059438,0.150000006,0,,,0,1.2168498,0.42802906,0.228530914,15.8077011,4.75899982,0,,,2,1
137060601,0.150000006,0,,,0,1.52307677,0.408299327,0.23458311,15.784976,4.75699997,0,,,2,1
137061762,0.150000006,0,,,0,1.30549443,0.390335262,0.240954295,15.7895203,4.75699997,0,,,2,1
137062930,0.150000006,0,,,0,1.39413905,0.373901337,0.247674167,15.7667952,4.75500011,0,,,2,1
137064091,0.150000006,0,,,0,1.24102557,0.358794808,0.254779875,15.7395248,4.75500011,0,,,2,1
137065254,0.150000006,0,,,0,1.3860805,0.344861418,0.262305439,15.7758856,4.75199986,0,,,2,1
137066415,0.150000006,0,,,0,1.16849804,0.331956089,0.270298153,15.7395248,4.75199986,0,,,2,1
137067578,0.150000006,0,,,0,1.35384607,0.319960922,0.2788091,15.7667952,4.75,0,,,2,1
137068738,0.150000006,0,,,0,1.27326,0.308790624,0.287883669,15.7304344,4.75,0,,,2,1
137069901,0.150000006,0,,,0,1.36996329,0.298369378,0.297573447,15.7667952,4.74800014,0,,,2,1
137071062,0.150000006,0,,,0,1.29743576,0.288628101,0.307938725,15.7167997,4.74800014,0,,,2,1
137072225,0.150000006,0,,,0,1.32161164,0.279500157,0.319055617,15.7258902,4.74499989,0,,,2,1
137073385,0.150000006,0,,,0,1.25714278,0.270923615,0.331017524,15.6849842,4.74499989,0,,,2,1
137074554,0.150000006,0,,,0,1.22490835,0.262840539,0.343940794,15.7122545,4.74300003,0,,,2,1
137075918,0.150000006,0,,,0,1.45054936,0.255218774,0.357927948,15.6668043,4.74300003,0,,,2,1
137077081,0.150000006,0,,,0,1.34578753,0.24803777,0.373075694,15.7167997,4.74000025,0,,,2,1
137078241,0.150000006,0.519337058,,,0.757509112,0.701098859,0.245565578,0.378811806,15.825881,4.74000025,0,,,2,1
137079405,0.150000006,0.668874145,,,0.813919365,0.402930379,0.253484726,0.36139515,15.8576965,4.73799992,0,,,2,1
137080565,0.150000006,0.652941167,,,0.894505441,0.475457847,0.262414187,0.344673604,15.8531513,4.73799992,0,,,2,1
137081729,0.150000006,0.651006758,,,0.781684935,0.419047594,0.271995723,0.329431027,15.8713312,4.73600006,0,,,2,1
137082889,0.150000006,0.620481908,,,0.830036581,0.507692277,0.282303482,0.315479517,15.8758764,4.73600006,0,,,2,1
137084053,0.150000006,0.60958904,,,0.717216074,0.459340632,0.293423265,0.302661687,15.8440609,4.7329998,0,,,2,1
137085213,0.150000006,0.569060802,,,0.830036581,0.628571391,0.305454969,0.290844709,15.8622417,4.7329998,0,,,2,1
137086382,0.150000006,0.510067165,,,0.612454176,0.588278353,0.318515629,0.279915869,15.8122463,4.73099995,0,,,2,1
137087542,0.150000006,0.488372087,,,0.676923037,0.709157467,0.332743049,0.269778609,15.8440609,4.73099995,0,,,2,1
137088706,0.150000006,0.45714286,,,0.515750885,0.612454176,0.348300904,0.2603499,15.8122463,4.72900009,0,,,2,1
137089866,0.150000006,0.439490467,,,0.556043923,0.709157467,0.365384996,0.251558006,15.8531513,4.72900009,0,,,2,1
137090996,0.150000006,0.39310348,,,0.459340632,0.709157467,0.365384996,0.251558006,15.825881,4.72700024,0,,,2,1
137092123,0.150000006,0,,,0,1.30549443,0.365384996,0.251558006,15.7622499,4.72700024,0,,,2,1
137093252,0.150000006,0,,,0,1.28937721,0.365384996,0.251558006,15.7577057,4.72399998,0,,,2,1
137094379,0.150000006,0,,,0,1.28937721,0.365384996,0.251558006,15.784976,4.72399998,0,,,2,1
137095508,0.150000006,0,,,0,1.37802196,0.365384996,0.251558006,15.7304344,4.72200012,0,,,2,1
137096873,0.150000006,0,,,0,1.28937721,0.384231448,0.243340537,15.7667952,4.72200012,0,,,2,1
137098041,0.150000006,0,,,0,1.43443215,0.405127853,0.23564294,15.7440701,4.71899986,0,,,2,1
137099202,0.150000006,0,,,0,1.27326,0.428427875,0.228417397,15.8031559,4.71899986,0,,,2,1
137100365,0.150000006,0,,,0,1.40219772,0.454571515,0.221621782,15.7758856,4.71700001,0,,,2,1
137101525,0.150000006,0,,,0,1.2168498,0.484113216,0.215218857,15.8167906,4.71700001,0,,,2,1
137102688,0.150000006,0,,,0,1.44249082,0.517761528,0.209175512,15.784976,4.71500015,0,,,2,1
137103849,0.150000006,0,,,0,1.27326,0.556436658,0.203462288,15.8122463,4.71500015,0,,,2,1
137105012,0.150000006,0,,,0,1.45054936,0.544692338,0.205079138,15.7667952,4.71299982,0,,,2,1
137106172,0.150000006,0,,,0,1.15238094,0.512819588,0.209993079,15.7895203,4.71299982,0,,,2,1
137107335,0.150000006,0,,,0,1.48278379,0.484469146,0.215148613,15.7667952,4.71000004,0,,,2,1
137108496,0.150000006,0,,,0,1.17655671,0.459097922,0.220561594,15.8213358,4.71000004,0,,,2,1
137109664,0.150000006,0,,,0,1.44249082,0.436253637,0.226253524,15.7895203,4.70800018,0,,,2,1
137110824,0.150000006,0,,,0,1.26520133,0.415588558,0.232242763,15.8031559,4.70800018,0,,,2,1
137111987,0.150000006,0,,,0,1.40219772,0.396808565,0.238551989,15.784976,4.70600033,0,,,2,1
137113147,0.150000006,0,,,0,1.24102557,0.379658103,0.245211259,15.7713404,4.70600033,0,,,2,1
137114310,0.150000006,0,,,0,1.40219772,0.363931477,0.252251625,15.7895203,4.70300007,0,,,2,1
137115471,0.150000006,0,,,0,1.17655671,0.349448889,0.259712189,15.7531605,4.70300007,0,,,2,1
137116634,0.150000006,0,,,0,1.35384607,0.336056292,0.26763919,15.7577057,4.70100021,0,,,2,1
137117998,0.150000006,0,,,0,1.32967019,0.323649287,0.276067615,15.7349796,4.70100021,0,,,2,1
137119162,0.150000006,0,,,0,1.33772886,0.312132716,0.285038352,15.7622499,4.69799995,0,,,2,1
137120327,0.150000006,0,,,0,1.33772886,0.301414102,0.294605404,15.7031641,4.69799995,0,,,2,1
137121490,0.150000006,0,,,0,1.24908423,0.291405767,0.304838628,15.7304344,4.6960001,0,,,2,1
137122651,0.150000006,0,,,0,1.33772886,0.282033712,0.315817088,15.6940746,4.6960001,0,,,2,1
137123814,0.150000006,0,,,0,1.26520133,0.273240417,0.327623457,15.7349796,4.69399977,0,,,2,1
137124974,0.150000006,0,,,0,1.30549443,0.264972001,0.340358138,15.7031641,4.69399977,0,,,2,1
137126138,0.150000006,0,,,0,1.27326,0.257182002,0.354136705,15.7349796,4.69099998,0,,,2,1
137127298,0.150000006,0,,,0,1.33772886,0.249832943,0.369086683,15.6940746,4.69099998,0,,,2,1
137128461,0.150000006,0.426035523,,,0.580219746,0.781684935,0.246459514,0.376704097,15.8713312,4.68900013,0,,,2,1
137129622,0.150000006,0.625,,,0.886446834,0.5318681,0.252281338,0.363869667,15.8395166,4.68900013,0,,,2,1
137130785,0.150000006,0.655844152,,,0.813919365,0.427106202,0.26112473,0.346923739,15.8713312,4.68700027,0,,,2,1
137131950,0.150000006,0.624242425,,,0.830036581,0.49963367,0.270610631,0.331485957,15.8440609,4.68700027,0,,,2,1
137133114,0.150000006,0.643835604,,,0.757509112,0.419047594,0.280811697,0.31736356,15.8576965,4.68400002,0,,,2,1
137134274,0.150000006,0.595091999,,,0.781684935,0.5318681,0.291812003,0.304395348,15.8486061,4.68400002,0,,,2,1
137135438,0.150000006,0.605263174,,,0.741391897,0.483516455,0.303709269,0.292445302,15.8622417,4.68200016,0,,,2,1
137136598,0.150000006,0.523255825,,,0.725274682,0.660805821,0.316617906,0.281398118,15.8395166,4.68200016,0,,,2,1
137137761,0.150000006,0.476190448,,,0.56410253,0.620512784,0.330672562,0.271155179,15.8622417,4.67999983,0,,,2,1
137139125,0.150000006,0.479289949,,,0.652747214,0.709157467,0.346032947,0.261631697,15.8349714,4.67999983,0,,,2,1
137140289,0.150000006,0.430555552,,,0.49963367,0.660805821,0.362889886,0.252754509,15.7940655,4.67700005,0,,,2,1
137141416,0.150000006,0.424242437,,,0.56410253,0.76556772,0.362889886,0.252754509,15.8440609,4.67700005,0,,,2,1
137142546,0.150000006,0,,,0,1.14432228,0.362889886,0.252754509,15.7122545,4.67500019,0,,,2,1
137143677,0.150000006,0,,,0,1.32967019,0.362889886,0.252754509,15.7713404,4.67500019,0,,,2,1
137144807,0.150000006,0,,,0,1.14432228,0.362889886,0.252754509,15.7395248,4.67299986,0,,,2,1
137145934,0.150000006,0,,,0,1.2329669,0.362889886,0.252754509,15.7804308,4.67299986,0,,,2,1
137147097,0.150000006,0,,,0,1.17655671,0.381473273,0.244459957,15.7304344,4.67000008,0,,,2,1
137148258,0.150000006,0,,,0,1.34578753,0.402062714,0.236692518,15.7895203,4.67000008,0,,,2,1
137149421,0.150000006,0,,,0,1.2168498,0.425001502,0.229403451,15.7395248,4.66800022,0,,,2,1
137150582,0.150000006,0,,,0,1.3860805,0.450716138,0.222549915,15.7986107,4.66800022,0,,,2,1
137151746,0.150000006,0,,,0,1.20073247,0.479742855,0.216094032,15.7713404,4.66600037,0,,,2,1
137152906,0.150000006,0,,,0,1.35384607,0.512765646,0.210002139,15.825881,4.66600037,0,,,2,1
137154070,0.150000006,0,,,0,1.25714278,0.550670683,0.204244286,15.7758856,4.66300011,0,,,2,1
137155235,0.150000006,0,,,0,1.32967019,0.528403401,0.207487315,15.8304262,4.66300011,0,,,2,1
137156399,0.150000006,0,,,0,1.25714278,0.497663885,0.21264483,15.7667952,4.66100025,0,,,2,1
137157559,0.150000006,0,,,0,1.22490835,0.470285624,0.218069315,15.8031559,4.66100025,0,,,2,1
137158723,0.150000006,0,,,0,1.29743576,0.445738137,0.22378394,15.7486153,4.65899992,0,,,2,1
137160087,0.150000006,0,,,0,1.25714278,0.423616856,0.229808912,15.8077011,4.65899992,0,,,2,1
137161251,0.150000006,0,,,0,1.40219772,0.403603584,0.236161724,15.784976,4.65600014,0,,,2,1
137162411,0.150000006,0,,,0,1.25714278,0.385424167,0.242864564,15.7986107,4.65600014,0,,,2,1
137163574,0.150000006,0,,,0,1.35384607,0.368830204,0.249950588,15.7531605,4.65399981,0,,,2,1
137164734,0.150000006,0,,,0,1.2329669,0.35361436,0.25745818,15.7895203,4.65399981,0,,,2,1
137165898,0.150000006,0,,,0,1.3860805,0.339613199,0.265425265,15.7304344,4.65199995,0,,,2,1
137167063,0.150000006,0,,,0,1.19267392,0.326683849,0.273897439,15.7804308,4.65199995,0,,,2,1
137168226,0.150000006,0,,,0,1.35384607,0.314700335,0.282930315,15.7213449,4.64900017,0,,,2,1
137169386,0.150000006,0,,,0,1.18461537,0.303558975,0.292584807,15.7667952,4.64900017,0,,,2,1
137170549,0.150000006,0,,,0,1.22490835,0.293160051,0.302942276,15.7395248,4.64700031,0,,,2,1
137171710,0.150000006,0,,,0,1.27326,0.283431739,0.314082325,15.7349796,4.64700031,0,,,2,1
137172873,0.150000006,0,,,0,1.36190462,0.274329156,0.326071769,15.7213449,4.64500046,0,,,2,1
137174034,0.150000006,0,,,0,1.18461537,0.265794575,0.339010477,15.7531605,4.64500046,0,,,2,1
137175197,0.150000006,0,,,0,1.35384607,0.257771701,0.353024632,15.7167997,4.6420002,0,,,2,1
137176358,0.150000006,0,,,0,1.20073247,0.250216961,0.368251741,15.7349796,4.6420002,0,,,2,1
137177521,0.150000006,0,,,0,1.29743576,0.243087232,0.384864658,15.7213449,4.63999987,0,,,2,1
137178686,0.150000006,0.46405232,,,0.572161138,0.660805821,0.240025505,0.39279741,15.8576965,4.63999987,0,,,2,1
137179850,0.150000006,0.639053285,,,0.870329618,0.491575062,0.246117458,0.377506018,15.8576965,4.63800001,0,,,2,1
137181214,0.150000006,0.673611104,,,0.781684935,0.378754556,0.254526794,0.359297931,15.8395166,4.63800001,0,,,2,1
137182377,0.150000006,0.653846145,,,0.821977973,0.435164809,0.263531119,0.34276545,15.8758764,4.63499975,0,,,2,1
137183538,0.150000006,0.637583911,,,0.76556772,0.435164809,0.273195893,0.327687502,15.8440609,4.63499975,0,,,2,1
137184701,0.150000006,0.63398695,,,0.781684935,0.451282024,0.283596545,0.313880175,15.8804216,4.6329999,0,,,2,1
137185861,0.150000006,0.583333313,,,0.73333329,0.523809493,0.294820458,0.301189363,15.8486061,4.6329999,0,,,2,1
137187024,0.150000006,0.526666641,,,0.636629999,0.572161138,0.306969404,0.289484888,15.8622417,4.63099957,0,,,2,1
137188185,0.150000006,0.483870953,,,0.604395568,0.644688606,0.320162684,0.278656065,15.8304262,4.63099957,0,,,2,1
137189353,0.150000006,0.471830994,,,0.539926708,0.604395568,0.334540933,0.268608183,15.8531513,4.62800026,0,,,2,1
137190513,0.150000006,0.445859879,,,0.56410253,0.701098859,0.350271344,0.259259731,15.8213358,4.62800026,0,,,2,1
137191677,0.150000006,0.423841029,,,0.515750885,0.701098859,0.367554069,0.250540078,15.8531513,4.6260004,0,,,2,1
137192804,0.150000006,0.412903219,,,0.515750885,0.73333329,0.367554069,0.250540078,15.8167906,4.6260004,0,,,2,1
137193933,0.150000006,0,,,0,1.26520133,0.367554069,0.250540078,15.7577057,4.62400007,0,,,2,1
137195060,0.150000006,0,,,0,1.25714278,0.367554069,0.250540078,15.7622499,4.62400007,0,,,2,1
137196190,0.150000006,0,,,0,1.22490835,0.367554069,0.250540078,15.7804308,4.62099981,0,,,2,1
137197316,0.150000006,0,,,0,1.29743576,0.367554069,0.250540078,15.7531605,4.62099981,0,,,2,1
137198446,0.150000006,0,,,0,1.27326,0.367554069,0.250540078,15.7804308,4.61899996,0,,,2,1
137199606,0.150000006,0,,,0,1.33772886,0.386630803,0.242387876,15.7395248,4.61899996,0,,,2,1
137200774,0.150000006,0,,,0,1.31355309,0.407796204,0.234749481,15.7940655,4.6170001,0,,,2,1
137202138,0.150000006,0,,,0,1.32161164,0.431413084,0.227577806,15.7622499,4.6170001,0,,,2,1
137203302,0.150000006,0,,,0,1.24908423,0.457933635,0.220831349,15.8031559,4.61399984,0,,,2,1
137204462,0.150000006,0,,,0,1.29743576,0.487928361,0.214473337,15.7758856,4.61399984,0,,,2,1
137205625,0.150000006,0,,,0,1.17655671,0.522127807,0.208471194,15.8213358,4.61199999,0,,,2,1
137206786,0.150000006,0,,,0,1.3860805,0.559587598,0.203044236,15.7804308,4.61199999,0,,,2,1
137207949,0.150000006,0,,,0,1.2168498,0.52481693,0.208045572,15.8349714,4.60999966,0,,,2,1
137209110,0.150000006,0,,,0,1.36190462,0.494140983,0.213294595,15.7895203,4.60999966,0,,,2,1
137210273,0.150000006,0,,,0,1.19267392,0.466866732,0.218812332,15.8213358,4.60700035,0,,,2,1
137211433,0.150000006,0,,,0,1.30549443,0.44244048,0.224624485,15.7895203,4.60700035,0,,,2,1
137212601,0.150000006,0,,,0,1.16849804,0.420423836,0.230759665,15.8122463,4.60500002,0,,,2,1
137213762,0.150000006,0,,,0,1.43443215,0.40049839,0.237238005,15.7577057,4.60500002,0,,,2,1
137214925,0.150000006,0,,,0,1.2329669,0.38240689,0.244078085,15.7986107,4.60300016,0,,,2,1
137216085,0.150000006,0,,,0,1.36996329,0.365904272,0.251312464,15.7440701,4.60300016,0,,,2,1
137217249,0.150000006,0,,,0,1.25714278,0.350787193,0.25897783,15.7895203,4.5999999,0,,,2,1
137218410,0.150000006,0,,,0,1.32161164,0.336883396,0.267116934,15.7531605,4.5999999,0,,,2,1
137219573,0.150000006,0,,,0,1.13626361,0.324031889,0.275789857,15.7758856,4.59800005,0,,,2,1
137220734,0.150000006,0,,,0,1.36996329,0.312112927,0.285054862,15.7349796,4.59800005,0,,,2,1
137221897,0.150000006,0,,,0,1.20073247,0.301038742,0.29496491,15.7667952,4.59600019,0,,,2,1
137223261,0.150000006,0,,,0,1.39413905,0.290729374,0.305582345,15.7440701,4.59600019,0,,,2,1
137224429,0.150000006,0,,,0,1.16849804,0.281107128,0.316987097,15.7577057,4.59299994,0,,,2,1
137225590,0.150000006,0,,,0,1.32967019,0.272097945,0.329281181,15.7349796,4.59299994,0,,,2,1
137226753,0.150000006,0,,,0,1.16849804,0.263641328,0.342579186,15.7258902,4.5909996,0,,,2,1
137227913,0.150000006,0,,,0,1.26520133,0.255682617,0.357019633,15.7349796,4.5909996,0,,,2,1
137229076,0.150000006,0,,,0,1.12820506,0.248172745,0.372770727,15.7031641,4.5880003,0,,,2,1
137230236,0.150000006,0,,,0,1.31355309,0.241076484,0.390014946,15.7167997,4.5880003,0,,,2,1
137231400,0.150000006,0.539473712,,,0.660805821,0.56410253,0.238584459,0.39671874,15.8395166,4.58600044,0,,,2,1
137232560,0.150000006,0.680722892,,,0.910622656,0.427106202,0.246153593,0.377421021,15.8622417,4.58600044,0,,,2,1
137233724,0.150000006,0.686131418,,,0.757509112,0.346520126,0.254565448,0.359220952,15.8395166,4.58400011,0,,,2,1
137234884,0.150000006,0.673076928,,,0.846153796,0.410988986,0.263572544,0.342695415,15.8622417,4.58400011,0,,,2,1
137236052,0.150000006,0.650349617,,,0.749450505,0.402930379,0.273240417,0.327623457,15.825881,4.58099985,0,,,2,1
137237212,0.150000006,0.640522897,,,0.789743543,0.443223417,0.283644527,0.313821435,15.866787,4.58099985,0,,,2,1
137238376,0.150000006,0.62043798,,,0.684981644,0.419047594,0.294872314,0.301135272,15.8304262,4.579,0,,,2,1
137239536,0.150000006,0.541401327,,,0.684981644,0.580219746,0.307025611,0.28943488,15.8440609,4.579,0,,,2,1
137240700,0.150000006,0.5,,,0.547985315,0.547985315,0.320223808,0.278609753,15.8167906,4.57700014,0,,,2,1
137241860,0.150000006,0.489510477,,,0.56410253,0.588278353,0.334607691,0.268565178,15.8486061,4.57700014,0,,,2,1
137243023,0.150000006,0.45714286,,,0.515750885,0.612454176,0.350344539,0.259219646,15.8077011,4.57499981,0,,,2,1
137244355,0.150000006,0.419999987,,,0.507692277,0.701098859,0.350344539,0.259219646,15.8622417,4.57499981,0,,,2,1
137245484,0.150000006,0,,,0,1.25714278,0.350344539,0.259219646,15.7213449,4.57199955,0,,,2,1
137246611,0.150000006,0,,,0,1.3860805,0.350344539,0.259219646,15.7986107,4.57199955,0,,,2,1
137247745,0.150000006,0,,,0,1.22490835,0.350344539,0.259219646,15.7440701,4.56999969,0,,,2,1
137248872,0.150000006,0,,,0,1.26520133,0.350344539,0.259219646,15.7895203,4.56999969,0,,,2,1
137250035,0.150000006,0,,,0,1.16849804,0.367634684,0.250502646,15.7395248,4.56799984,0,,,2,1
137251196,0.150000006,0,,,0,1.27326,0.386720002,0.242352843,15.8122463,4.56799984,0,,,2,1
137252359,0.150000006,0,,,0,1.10402918,0.407895416,0.234716639,15.7622499,4.56500006,0,,,2,1
137253520,0.150000006,0,,,0,1.27326,0.431524128,0.22754693,15.8077011,4.56500006,0,,,2,1
137254683,0.150000006,0,,,0,1.16043949,0.458058745,0.220802248,15.7713404,4.5630002,0,,,2,1
137255843,0.150000006,0,,,0,1.22490835,0.488070399,0.214445904,15.825881,4.5630002,0,,,2,1
137257006,0.150000006,0,,,0,1.17655671,0.522290468,0.208445296,15.7667952,4.56099987,0,,,2,1
137258166,0.150000006,0,,,0,1.29743576,0.534155846,0.2066136,15.8395166,4.56099987,0,,,2,1
137259335,0.150000006,0,,,0,1.18461537,0.501416683,0.211966991,15.7804308,4.55800009,0,,,2,1
137260495,0.150000006,0,,,0,1.32161164,0.472477078,0.217601299,15.8304262,4.55800009,0,,,2,1
137261658,0.150000006,0,,,0,1.15238094,0.446709275,0.223539963,15.7895203,4.55599976,0,,,2,1
137262819,0.150000006,0,,,0,1.26520133,0.423600763,0.229813635,15.8122463,4.55599976,0,,,2,1
137263982,0.150000006,0,,,0,1.20073247,0.402761847,0.236450866,15.7622499,4.5539999,0,,,2,1
137265346,0.150000006,0,,,0,1.13626361,0.383854896,0.243491828,15.784976,4.5539999,0,,,2,1
137266510,0.150000006,0,,,0,1.25714278,0.366617501,0.250977159,15.7349796,4.55099964,0,,,2,1
137267670,0.150000006,0,,,0,1.16043949,0.350848228,0.258944601,15.7713404,4.55099964,0,,,2,1
137268834,0.150000006,0,,,0,1.26520133,0.336371124,0.267439872,15.7440701,4.54899979,0,,,2,1
137269999,0.150000006,0,,,0,1.14432228,0.323032975,0.2765176,15.7622499,4.54899979,0,,,2,1
137271162,0.150000006,0,,,0,1.29743576,0.310707808,0.286237091,15.7258902,4.546,0,,,2,1
137272323,0.150000006,0,,,0,1.20879114,0.299294978,0.296658456,15.7577057,4.546,0,,,2,1
137273486,0.150000006,0,,,0,1.36996329,0.28870967,0.30784598,15.6986198,4.54400015,0,,,2,1
137274646,0.150000006,0,,,0,1.20073247,0.27886942,0.319881529,15.7486153,4.54400015,0,,,2,1
137275810,0.150000006,0,,,0,1.24908423,0.269686431,0.332883358,15.7031641,4.54199982,0,,,2,1
137276971,0.150000006,0,,,0,1.18461537,0.261087686,0.346989155,15.7349796,4.54199982,0,,,2,1
137278134,0.150000006,0,,,0,1.19267392,0.253012925,0.362358451,15.7031641,4.53900003,0,,,2,1
137279295,0.150000006,0,,,0,1.15238094,0.245409563,0.37918368,15.7167997,4.53900003,0,,,2,1
137280458,0.150000006,0,,,0,1.2168498,0.238237515,0.397681743,15.6713495,4.53700018,0,,,2,1
137281623,0.150000006,0.475308657,,,0.620512784,0.684981644,0.235086963,0.406781852,15.866787,4.53700018,0,,,2,1
137282787,0.150000006,0.662576675,,,0.870329618,0.443223417,0.241007984,0.390194356,15.8304262,4.53499985,0,,,2,1
137283947,0.150000006,0.735294104,,,0.805860758,0.290109873,0.24906607,0.370773196,15.866787,4.53499985,0,,,2,1
137285111,0.150000006,0.668918908,,,0.79780215,0.394871771,0.257681638,0.353193671,15.8531513,4.53199959,0,,,2,1
137286475,0.150000006,0.643835604,,,0.757509112,0.419047594,0.266914606,0.337205708,15.8758764,4.53199959,0,,,2,1
137287639,0.150000006,0.641509414,,,0.821977973,0.459340632,0.276833832,0.322602481,15.8576965,4.52999973,0,,,2,1
137288799,0.150000006,0.632653058,,,0.749450505,0.435164809,0.28751874,0.309211612,15.8713312,4.52999973,0,,,2,1
137289963,0.150000006,0.546583891,,,0.709157467,0.588278353,0.299061596,0.296888113,15.8349714,4.52799988,0,,,2,1
137291124,0.150000006,0.5,,,0.588278353,0.588278353,0.311570048,0.285509229,15.8576965,4.52799988,0,,,2,1
137292287,0.150000006,0.49696973,,,0.660805821,0.668864429,0.325170487,0.274970382,15.8440609,4.5250001,0,,,2,1
137293453,0.150000006,0.455782294,,,0.539926708,0.644688606,0.340012491,0.265181899,15.8486061,4.5250001,0,,,2,1
137294617,0.150000006,0.457317084,,,0.604395568,0.717216074,0.356274158,0.256066352,15.8440609,4.52300024,0,,,2,1
137295744,0.150000006,0.418439746,,,0.475457847,0.660805821,0.356274158,0.256066352,15.8531513,4.52300024,0,,,2,1
137296874,0.150000006,0,,,0,1.40219772,0.356274158,0.256066352,15.7349796,4.52099991,0,,,2,1
137298000,0.150000006,0,,,0,1.15238094,0.356274158,0.256066352,15.8077011,4.52099991,0,,,2,1
137299130,0.150000006,0,,,0,1.26520133,0.356274158,0.256066352,15.7622499,4.51800013,0,,,2,1
137300256,0.150000006,0.00709219882,,,0.00805860758,1.12820506,0.356274158,0.256066352,15.8031559,4.51800013,0,,,2,1
137301386,0.150000006,0,,,0,1.35384607,0.356274158,0.256066352,15.7395248,4.51599979,0,,,2,1
137302546,0.150000006,0,,,0,1.12014651,0.374169469,0.247556657,15.7895203,4.51599979,0,,,2,1
137303710,0.150000006,0,,,0,1.22490835,0.393957585,0.239594355,15.7349796,4.51399994,0,,,2,1
137304875,0.150000006,0,,,0,1.13626361,0.415955573,0.232128322,15.7940655,4.51399994,0,,,2,1
137306039,0.150000006,0,,,0,1.2329669,0.440555483,0.225113511,15.7577057,4.51099968,0,,,2,1
137307403,0.150000006,0,,,0,1.10402918,0.468248039,0.218510225,15.825881,4.51099968,0,,,2,1
137308566,0.150000006,0,,,0,1.31355309,0.499655515,0.212283283,15.784976,4.50899982,0,,,2,1
137309726,0.150000006,0,,,0,1.17655671,0.535579205,0.206401438,15.8304262,4.50899982,0,,,2,1
137310890,0.150000006,0,,,0,1.33772886,0.534560382,0.206553131,15.7940655,4.50699997,0,,,2,1
137312050,0.150000006,0,,,0,1.17655671,0.501674592,0.211920932,15.8349714,4.50699997,0,,,2,1
137313213,0.150000006,0,,,0,1.40219772,0.472653925,0.217563823,15.7804308,4.50400019,0,,,2,1
137314373,0.150000006,0,,,0,1.16849804,0.446864039,0.223501235,15.825881,4.50400019,0,,,2,1
137315537,0.150000006,0,,,0,1.32161164,0.423772752,0.229763046,15.7804308,4.50199986,0,,,2,1
137316702,0.150000006,0,,,0,1.16043949,0.402962953,0.23638159,15.8122463,4.50199986,0,,,2,1
137317872,0.150000006,0,,,0,1.28937721,0.384103715,0.243391812,15.7895203,4.5,0,,,2,1
137319032,0.150000006,0,,,0,1.18461537,0.366931975,0.250829995,15.8077011,4.5,0,,,2,1
137320195,0.150000006,0,,,0,1.34578753,0.351241946,0.258730561,15.7622499,4.49700022,0,,,2,1
137321356,0.150000006,0,,,0,1.20879114,0.33685866,0.267132431,15.7895203,4.49700022,0,,,2,1
137322519,0.150000006,0,,,0,1.25714278,0.32361573,0.276092023,15.7667952,4.49499989,0,,,2,1
137323679,0.150000006,0,,,0,1.16849804,0.311369777,0.285677552,15.7758856,4.49499989,0,,,2,1
137324842,0.150000006,0,,,0,1.24908423,0.300007761,0.295961469,15.7395248,4.49300003,0,,,2,1
137326002,0.150000006,0,,,0,1.14432228,0.289433569,0.307027161,15.7667952,4.49300003,0,,,2,1
137327165,0.150000006,0,,,0,1.26520133,0.279567927,0.318967372,15.7122545,4.48999977,0,,,2,1
137328534,0.150000006,0,,,0,1.24908423,0.270353109,0.331873178,15.7577057,4.48999977,0,,,2,1
137329697,0.150000006,0,,,0,1.36996329,0.261742741,0.345838875,15.7213449,4.48799992,0,,,2,1
137330858,0.150000006,0,,,0,1.14432228,0.253676832,0.361005396,15.7440701,4.48799992,0,,,2,1
137332021,0.150000006,0,,,0,1.26520133,0.246091828,0.377566278,15.7031641,4.48600006,0,,,2,1
137333181,0.150000006,0,,,0,1.13626361,0.238939837,0.395740032,15.7395248,4.48600006,0,,,2,1
137334345,0.150000006,0.549382687,,,0.717216074,0.588278353,0.236399978,0.402909607,15.866787,4.4829998,0,,,2,1
137335505,0.150000006,0.666666687,,,0.741391897,0.370695949,0.243691847,0.383358836,15.866787,4.4829998,0,,,2,1
137336669,0.150000006,0.670807481,,,0.870329618,0.427106202,0.251933455,0.364595801,15.8758764,4.48099995,0,,,2,1
137337829,0.150000006,0.674074054,,,0.73333329,0.354578733,0.260752052,0.347583741,15.8804216,4.48099995,0,,,2,1
137338997,0.150000006,0.638036788,,,0.838095188,0.475457847,0.270210415,0.3320885,15.866787,4.47900009,0,,,2,1
137340157,0.150000006,0.640625,,,0.660805821,0.370695949,0.280380756,0.317915827,15.8804216,4.47900009,0,,,2,1
137341321,0.150000006,0.602648973,,,0.73333329,0.483516455,0.291346669,0.304903328,15.8576965,4.47599983,0,,,2,1
137342481,0.150000006,0.5234375,,,0.539926708,0.491575062,0.303205252,0.292914182,15.8531513,4.47599983,0,,,2,1
137343645,0.150000006,0.496855319,,,0.636629999,0.644688606,0.316070169,0.281832188,15.8440609,4.47399998,0,,,2,1
137344805,0.150000006,0.481481463,,,0.523809493,0.56410253,0.330075145,0.271558166,15.8486061,4.47399998,0,,,2,1
137345968,0.150000006,0.482993186,,,0.572161138,0.612454176,0.345378786,0.262006879,15.8395166,4.47200012,0,,,2,1
137347129,0.150000006,0.437956214,,,0.483516455,0.620512784,0.362170517,0.253104657,15.8440609,4.47200012,0,,,2,1
137348259,0.150000006,0.434782624,,,0.56410253,0.73333329,0.362170517,0.253104657,15.825881,4.46899986,0,,,2,1
137349590,0.150000006,0,,,0,1.16043949,0.362170517,0.253104657,15.7940655,4.46899986,0,,,2,1
137350725,0.150000006,0,,,0,1.25714278,0.362170517,0.253104657,15.7667952,4.46700001,0,,,2,1
137351852,0.150000006,0,,,0,1.17655671,0.362170517,0.253104657,15.784976,4.46700001,0,,,2,1
137352981,0.150000006,0,,,0,1.28937721,0.362170517,0.253104657,15.7395248,4.46500015,0,,,2,1
137354108,0.150000006,0,,,0,1.12014651,0.362170517,0.253104657,15.784976,4.46500015,0,,,2,1
137355271,0.150000006,0,,,0,1.16849804,0.380678445,0.244787484,15.7440701,4.46199989,0,,,2,1
137356431,0.150000006,0,,,0,1.13626361,0.40117985,0.236999527,15.8122463,4.46199989,0,,,2,1
137357595,0.150000006,0,,,0,1.17655671,0.424015164,0.229691848,15.7622499,4.46000004,0,,,2,1
137358755,0.150000006,0,,,0,1.18461537,0.449606955,0.222821355,15.8213358,4.46000004,0,,,2,1
137359918,0.150000006,0,,,0,1.24102557,0.478486419,0.216349915,15.7667952,4.45800018,0,,,2,1
137361078,0.150000006,0,,,0,1.24908423,0.511330545,0.210243776,15.8395166,4.45800018,0,,,2,1
137362246,0.150000006,0,,,0,1.16849804,0.549015939,0.20447287,15.7804308,4.45499992,0,,,2,1
137363406,0.150000006,0,,,0,1.22490835,0.518422663,0.209067792,15.8486061,4.45499992,0,,,2,1
137364569,0.150000006,0,,,0,1.10402918,0.486854434,0.214681491,15.7804308,4.45300007,0,,,2,1
137365730,0.150000006,0,,,0,1.2329669,0.458877444,0.220612526,15.8304262,4.45300007,0,,,2,1
137366893,0.150000006,0,,,0,1.0637362,0.433902502,0.22689113,15.7713404,4.45100021,0,,,2,1
137368053,0.150000006,0,,,0,1.14432228,0.411444306,0.233557388,15.8167906,4.45100021,0,,,2,1
137369216,0.150000006,0,,,0,1.03956032,0.391123593,0.240654856,15.7531605,4.44799995,0,,,2,1
137370581,0.150000006,0,,,0,1.18461537,0.372654766,0.248224199,15.8031559,4.44799995,0,,,2,1
137371744,0.150000006,0,,,0,1.19267392,0.355829328,0.256296605,15.7622499,4.4460001,0,,,2,1
137372904,0.150000006,0,,,0,1.17655671,0.340455174,0.264913231,15.8077011,4.4460001,0,,,2,1
137374073,0.150000006,0,,,0,1.10402918,0.326340169,0.274139464,15.7486153,4.44299984,0,,,2,1
137375233,0.150000006,0,,,0,1.26520133,0.313340962,0.284038186,15.784976,4.44299984,0,,,2,1
137376397,0.150000006,0,,,0,1.03150177,0.301329166,0.294686615,15.7395248,4.44099998,0,,,2,1
137377557,0.150000006,0,,,0,1.24908423,0.290188819,0.306181818,15.7622499,4.44099998,0,,,2,1
137378721,0.150000006,0,,,0,1.07179475,0.279832184,0.318624079,15.7213449,4.43900013,0,,,2,1
137379881,0.150000006,0,,,0,1.26520133,0.27018404,0.332128316,15.7395248,4.43900013,0,,,2,1
137381044,0.150000006,0,,,0,1.08791208,0.261177182,0.346831173,15.7122545,4.43599987,0,,,2,1
137382204,0.150000006,0,,,0,1.22490835,0.252747566,0.362904161,15.7258902,4.43599987,0,,,2,1
137383368,0.150000006,0,,,0,1.11208785,0.244841307,0.380548328,15.7077093,4.43400002,0,,,2,1
137384528,0.150000006,0,,,0,1.24102557,0.237413943,0.399997979,15.7031641,4.43400002,0,,,2,1
137385696,0.150000006,0,,,0,1.07179475,0.230421096,0.421552271,15.7031641,4.43200016,0,,,2,1
137386857,0.150000006,0.516666651,,,0.749450505,0.701098859,0.227515042,0.431638896,15.8713312,4.43200016,0,,,2,1
137388021,0.150000006,0.696969688,,,0.741391897,0.322344303,0.233691126,0.411029994,15.8713312,4.43000031,0,,,2,1
137389181,0.150000006,0.679012358,,,0.886446834,0.419047594,0.241259664,0.38953647,15.8758764,4.43000031,0,,,2,1
137390345,0.150000006,0.709677398,,,0.709157467,0.290109873,0.249334872,0.370179147,15.8804216,4.42700005,0,,,2,1
137391709,0.150000006,0.698630154,,,0.821977973,0.354578733,0.257969379,0.352654576,15.8804216,4.42700005,0,,,2,1
137392872,0.150000006,0.684615374,,,0.717216074,0.330402911,0.267223328,0.336714268,15.8576965,4.42500019,0,,,2,1
137394033,0.150000006,0.632258058,,,0.789743543,0.459340632,0.277165949,0.322152674,15.8804216,4.42500019,0,,,2,1
137395196,0.150000006,0.5546875,,,0.572161138,0.459340632,0.287876993,0.308798313,15.8576965,4.42199993,0,,,2,1
137396356,0.150000006,0.512820542,,,0.644688606,0.612454176,0.299449235,0.296507061,15.8622417,4.42199993,0,,,2,1
137397525,0.150000006,0.481751859,,,0.5318681,0.572161138,0.311990768,0.285156816,15.866787,4.42000008,0,,,2,1
137398685,0.150000006,0.479452044,,,0.56410253,0.612454176,0.325628787,0.274643511,15.866787,4.42000008,0,,,2,1
137399849,0.150000006,0.463235289,,,0.507692277,0.588278353,0.340513617,0.264877856,15.8576965,4.41800022,0,,,2,1
137400975,0.150000006,0.448979557,,,0.5318681,0.652747214,0.340513617,0.264877856,15.8531513,4.41800022,0,,,2,1
137402105,0.150000006,0,,,0,1.14432228,0.340513617,0.264877856,15.7577057,4.41499996,0,,,2,1
137403232,0.150000006,0,,,0,1.27326,0.340513617,0.264877856,15.7667952,4.41499996,0,,,2,1
137404361,0.150000006,0,,,0,1.11208785,0.340513617,0.264877856,15.7986107,4.41300011,0,,,2,1
137405489,0.150000006,0,,,0,1.28937721,0.340513617,0.264877856,15.7667952,4.41300011,0,,,2,1
137406619,0.150000006,0,,,0,1.09597063,0.340513617,0.264877856,15.8077011,4.41100025,0,,,2,1
137407779,0.150000006,0,,,0,1.16043949,0.356824428,0.255782813,15.7440701,4.41100025,0,,,2,1
137408948,0.150000006,0,,,0,1.11208785,0.374776423,0.247291669,15.784976,4.4090004,0,,,2,1
137410108,0.150000006,0,,,0,1.15238094,0.394630492,0.239346161,15.7622499,4.4090004,0,,,2,1
137411271,0.150000006,0,,,0,1.10402918,0.416705787,0.231895313,15.7940655,4.40600014,0,,,2,1
137412635,0.150000006,0,,,0,1.28131866,0.44139716,0.22489436,15.7895203,4.40600014,0,,,2,1
137413799,0.150000006,0,,,0,1.11208785,0.469198972,0.218303755,15.8167906,4.40399981,0,,,2,1
137414959,0.150000006,0,,,0,1.15238094,0.500738442,0.212088421,15.7940655,4.40399981,0,,,2,1
137416123,0.150000006,0,,,0,1.09597063,0.499486685,0.212313786,15.8167906,4.40100002,0,,,2,1
137417283,0.150000006,0,,,0,1.27326,0.469259083,0.218290746,15.7622499,4.40100002,0,,,2,1
137418447,0.150000006,0,,,0,1.11208785,0.442503422,0.224608287,15.8077011,4.39900017,0,,,2,1
137419612,0.150000006,0,,,0,1.24102557,0.418649524,0.231297687,15.7531605,4.39900017,0,,,2,1
137420775,0.150000006,0,,,0,1.10402918,0.397243738,0.238394976,15.8031559,4.39699984,0,,,2,1
137421935,0.150000006,0,,,0,1.19267392,0.377916068,0.245943487,15.7622499,4.39699984,0,,,2,1
137423099,0.150000006,0,,,0,1.16043949,0.360381722,0.253985673,15.8077011,4.39400005,0,,,2,1
137424259,0.150000006,0,,,0,1.13626361,0.344398916,0.26257363,15.7531605,4.39400005,0,,,2,1
137425423,0.150000006,0,,,0,1.08791208,0.329752743,0.271776766,15.8077011,4.3920002,0,,,2,1
137426583,0.150000006,0,,,0,1.07985342,0.316267014,0.281675816,15.7440701,4.3920002,0,,,2,1
137427746,0.150000006,0,,,0,1.12014651,0.303808272,0.292353541,15.784976,4.39000034,0,,,2,1
137428907,0.150000006,0,,,0,1.0637362,0.29226464,0.303904384,15.7304344,4.39000034,0,,,2,1
137430070,0.150000006,0,,,0,1.20073247,0.281547874,0.316428512,15.7667952,4.38700008,0,,,2,1
137431235,0.150000006,0,,,0,1.07179475,0.271580338,0.330042392,15.7167997,4.38700008,0,,,2,1
137432398,0.150000006,0,,,0,1.2168498,0.262289196,0.344889492,15.7531605,4.38499975,0,,,2,1
137433762,0.150000006,0,,,0,1.08791208,0.253611356,0.361138046,15.7031641,4.38499975,0,,,2,1
137434926,0.150000006,0,,,0,1.08791208,0.24547793,0.379020542,15.7349796,4.3829999,0,,,2,1
137436086,0.150000006,0,,,0,1.03956032,0.237827912,0.398828328,15.6758938,4.3829999,0,,,2,1
137437249,0.150000006,0,,,0,1.18461537,0.23062475,0.42087242,15.7122545,4.38000011,0,,,2,1
137438409,0.150000006,0,,,0,1.07179475,0.223838001,0.445523858,15.6758938,4.38000011,0,,,2,1
137439573,0.150000006,0.587878823,,,0.781684935,0.547985315,0.221399292,0.455510497,15.8758764,4.37800026,0,,,2,1
137440733,0.150000006,0.714285731,,,0.805860758,0.322344303,0.228181049,0.429261863,15.8531513,4.37800026,0,,,2,1
137441897,0.150000006,0.709459484,,,0.846153796,0.346520126,0.235391393,0.405873567,15.8895121,4.37599993,0,,,2,1
137443062,0.150000006,0.737288117,,,0.701098859,0.249816835,0.243072286,0.384902179,15.8758764,4.37599993,0,,,2,1
137444225,0.150000006,0.678082168,,,0.79780215,0.378754556,0.251271337,0.365991503,15.8804216,4.37300014,0,,,2,1
137445386,0.150000006,0.69421488,,,0.676923037,0.29816848,0.260042846,0.348852009,15.8804216,4.37300014,0,,,2,1
137446549,0.150000006,0.651006758,,,0.781684935,0.419047594,0.269448876,0.333245993,15.8576965,4.37100029,0,,,2,1
137447710,0.150000006,0.583941638,,,0.644688606,0.459340632,0.279560924,0.318976492,15.8440609,4.37100029,0,,,2,1
137448873,0.150000006,0.559006214,,,0.725274682,0.572161138,0.29046154,0.305878818,15.8440609,4.36900043,0,,,2,1
137450034,0.150000006,0.521739125,,,0.580219746,0.5318681,0.30224672,0.293814361,15.8622417,4.36900043,0,,,2,1
137451197,0.150000006,0.50310564,,,0.652747214,0.644688606,0.315028697,0.282665431,15.8576965,4.36600018,0,,,2,1
137452358,0.150000006,0.460317463,,,0.46739924,0.547985315,0.328939527,0.272331685,15.866787,4.36600018,0,,,2,1
137453488,0.150000006,0.459459454,,,0.547985315,0.644688606,0.328939527,0.272331685,15.8531513,4.36399984,0,,,2,1
137454824,0.150000006,0,,,0,1.16849804,0.328939527,0.272331685,15.7804308,4.36399984,0,,,2,1
137455953,0.150000006,0,,,0,1.32161164,0.328939527,0.272331685,15.7577057,4.36199999,0,,,2,1
137457080,0.150000006,0,,,0,1.09597063,0.328939527,0.272331685,15.7804308,4.36199999,0,,,2,1
137458210,0.150000006,0,,,0,1.29743576,0.328939527,0.272331685,15.7349796,4.35900021,0,,,2,1
137459336,0.150000006,0,,,0,1.07985342,0.328939527,0.272331685,15.7804308,4.35900021,0,,,2,1
137460500,0.150000006,0,,,0,1.13626361,0.344135612,0.262726873,15.7440701,4.35699987,0,,,2,1
137461660,0.150000006,0,,,0,1.15238094,0.360803753,0.253776491,15.8031559,4.35699987,0,,,2,1
137462823,0.150000006,0,,,0,1.07179475,0.379168689,0.245415822,15.7667952,4.35499954,0,,,2,1
137463984,0.150000006,0,,,0,1.15238094,0.399503469,0.23758848,15.8122463,4.35499954,0,,,2,1
137465147,0.150000006,0,,,0,1.07179475,0.422142953,0.230245009,15.7577057,4.35200024,0,,,2,1
137466312,0.150000006,0,,,0,1.24908423,0.447502524,0.223341867,15.8031559,4.35200024,0,,,2,1
137467475,0.150000006,0,,,0,1.04761899,0.476103663,0.21684061,15.7758856,4.35000038,0,,,2,1
137468635,0.150000006,0,,,0,1.27326,0.507221818,0.210946366,15.8349714,4.35000038,0,,,2,1
137469799,0.150000006,0,,,0,1.03956032,0.475721389,0.216920003,15.8122463,4.34800005,0,,,2,1
137470959,0.150000006,0,,,0,1.24908423,0.447904497,0.223241881,15.8395166,4.34800005,0,,,2,1
137472123,0.150000006,0,,,0,1.01538455,0.423149914,0.229946554,15.8213358,4.34499979,0,,,2,1
137473283,0.150000006,0,,,0,1.22490835,0.400968581,0.237073332,15.8167906,4.34499979,0,,,2,1
137474447,0.150000006,0,,,0,0.991208732,0.380970091,0.244667038,15.8031559,4.34299994,0,,,2,1
137475811,0.150000006,0,,,0,1.25714278,0.362850666,0.252773523,15.8167906,4.34299994,0,,,2,1
137476974,0.150000006,0,,,0,1.03150177,0.346369028,0.26143989,15.7986107,4.34100008,0,,,2,1
137478139,0.150000006,0,,,0,1.28937721,0.331323236,0.270719171,15.784976,4.34100008,0,,,2,1
137479303,0.150000006,0,,,0,1.04761899,0.31754002,0.280673712,15.7940655,4.33799982,0,,,2,1
137480463,0.150000006,0,,,0,1.16043949,0.304850966,0.291394502,15.7531605,4.33799982,0,,,2,1
137481627,0.150000006,0,,,0,1.07985342,0.293123543,0.302981228,15.7667952,4.33599997,0,,,2,1
137482787,0.150000006,0,,,0,1.26520133,0.282267451,0.315524518,15.7395248,4.33599997,0,,,2,1
137483951,0.150000006,0,,,0,1.04761899,0.272193283,0.329141706,15.7758856,4.33399963,0,,,2,1
137485111,0.150000006,0,,,0,1.20073247,0.262810946,0.343991518,15.7258902,4.33399963,0,,,2,1
137486274,0.150000006,0,,,0,1.05567765,0.254048288,0.360255778,15.7577057,4.33100033,0,,,2,1
137487435,0.150000006,0,,,0,1.20073247,0.245846152,0.378146052,15.6986198,4.33100033,0,,,2,1
137488603,0.150000006,0,,,0,1.07985342,0.238154456,0.397913396,15.7167997,4.32900047,0,,,2,1
137489763,0.150000006,0,,,0,1.13626361,0.230923325,0.419881642,15.6713495,4.32900047,0,,,2,1
137490927,0.150000006,0,,,0,1.12014651,0.224112421,0.444440722,15.7031641,4.32700014,0,,,2,1
137492087,0.150000006,0.517441869,,,0.717216074,0.668864429,0.221187353,0.456410259,15.8486061,4.32700014,0,,,2,1
137493250,0.150000006,0.740457952,,,0.781684935,0.273992658,0.227158248,0.43292889,15.8804216,4.32399988,0,,,2,1
137494411,0.150000006,0.685714304,,,0.773626328,0.354578733,0.234303087,0.409150332,15.8576965,4.32399988,0,,,2,1
137495575,0.150000006,0.760330558,,,0.741391897,0.23369962,0.241911978,0.387847871,15.8849669,4.32200003,0,,,2,1
137496939,0.150000006,0.654929578,,,0.749450505,0.394871771,0.25003165,0.368653834,15.8622417,4.32200003,0,,,2,1
137498103,0.150000006,0.680000067,,,0.684981644,0.322344303,0.258715302,0.35127002,15.8895121,4.31900024,0,,,2,1
137499263,0.150000006,0.658536613,,,0.652747214,0.338461518,0.268023849,0.335451812,15.8622417,4.31900024,0,,,2,1
137500431,0.150000006,0.592307687,,,0.620512784,0.427106202,0.278027207,0.320996851,15.866787,4.31699991,0,,,2,1
137501592,0.150000006,0.556391001,,,0.596336961,0.475457847,0.28880623,0.307736188,15.8213358,4.31699991,0,,,2,1
137502755,0.150000006,0.534722209,,,0.620512784,0.539926708,0.300454825,0.295527726,15.8531513,4.31499958,0,,,2,1
137503916,0.150000006,0.503703654,,,0.547985315,0.539926708,0.313082516,0.284250885,15.8349714,4.31499958,0,,,2,1
137505079,0.150000006,0.478571415,,,0.539926708,0.588278353,0.326818258,0.273803025,15.8713312,4.31200027,0,,,2,1
137506206,0.150000006,0.45161289,,,0.451282024,0.547985315,0.326818258,0.273803025,15.866787,4.31200027,0,,,2,1
137507336,0.150000006,0,,,0,1.20073247,0.326818258,0.273803025,15.7531605,4.31000042,0,,,2,1
137508462,0.150000006,0,,,0,0.99926734,0.326818258,0.273803025,15.7895203,4.31000042,0,,,2,1
137509592,0.150000006,0,,,0,1.2168498,0.326818258,0.273803025,15.7531605,4.30800009,0,,,2,1
137510719,0.150000006,0,,,0,1.05567765,0.326818258,0.273803025,15.7986107,4.30800009,0,,,2,1
137511854,0.150000006,0,,,0,1.24102557,0.326818258,0.273803025,15.7440701,4.30599976,0,,,2,1
137513014,0.150000006,0,,,0,1.12820506,0.341814518,0.264096022,15.7758856,4.30599976,0,,,2,1
137514178,0.150000006,0,,,0,1.12820506,0.358253181,0.255053699,15.7440701,4.30299997,0,,,2,1
137515338,0.150000006,0,,,0,1.13626361,0.376352906,0.246610075,15.8167906,4.30299997,0,,,2,1
137516501,0.150000006,0,,,0,1.07179475,0.396378815,0.238707572,15.7758856,4.30100012,0,,,2,1
137517866,0.150000006,0,,,0,1.0637362,0.418655664,0.231295839,15.7986107,4.30100012,0,,,2,1
137519029,0.150000006,0,,,0,1.19267392,0.443585575,0.224330515,15.7667952,4.29900026,0,,,2,1
137520189,0.150000006,0,,,0,1.09597063,0.471672505,0.217772409,15.8304262,4.29900026,0,,,2,1
137521352,0.150000006,0,,,0,1.16043949,0.483837813,0.215273336,15.7713404,4.29599953,0,,,2,1
137522513,0.150000006,0,,,0,1.12820506,0.454390228,0.221664906,15.8440609,4.29599953,0,,,2,1
137523681,0.150000006,0,,,0,1.01538455,0.428304225,0.228452563,15.7758856,4.29399967,0,,,2,1
137524841,0.150000006,0,,,0,1.16849804,0.40501979,0.235679537,15.8167906,4.29399967,0,,,2,1
137526004,0.150000006,0,,,0,1.02344322,0.384134233,0.243379548,15.7895203,4.29199982,0,,,2,1
137527164,0.150000006,0,,,0,1.18461537,0.365297079,0.251599729,15.8213358,4.29199982,0,,,2,1
137528328,0.150000006,0,,,0,1.02344322,0.348221004,0.260394603,15.7986107,4.28900003,0,,,2,1
137529488,0.150000006,0,,,0,1.22490835,0.332670122,0.269826561,15.784976,4.28900003,0,,,2,1
137530651,0.150000006,0,,,0,1.03150177,0.318448812,0.279967487,15.784976,4.28700018,0,,,2,1
137531811,0.150000006,0,,,0,1.20879114,0.305393547,0.290900499,15.7531605,4.28700018,0,,,2,1
137532975,0.150000006,0,,,0,1.07179475,0.293366551,0.302722007,15.7986107,4.28499985,0,,,2,1
137534135,0.150000006,0,,,0,1.19267392,0.282250971,0.315545052,15.7531605,4.28499985,0,,,2,1
137535303,0.150000006,0,,,0,1.02344322,0.271946996,0.329502523,15.784976,4.28200006,0,,,2,1
137536464,0.150000006,0,,,0,1.12820506,0.262368828,0.344751865,15.7122545,4.28200006,0,,,2,1
137537831,0.150000006,0,,,0,1.0637362,0.253442407,0.36148116,15.7622499,4.28000021,0,,,2,1
137538992,0.150000006,0,,,0,1.15238094,0.245103404,0.379916877,15.7122545,4.28000021,0,,,2,1
137540155,0.150000006,0,,,0,1.04761899,0.237295672,0.40033412,15.7167997,4.27699995,0,,,2,1
137541316,0.150000006,0,,,0,1.16043949,0.229970008,0.42307049,15.6668043,4.27699995,0,,,2,1
137542479,0.150000006,0,,,0,1.03956032,0.223083109,0.448544919,15.7077093,4.27499962,0,,,2,1
137543640,0.150000006,0,,,0,1.08791208,0.216596708,0.477283686,15.6895294,4.27499962,0,,,2,1
137544803,0.150000006,0.602941155,,,0.660805821,0.435164809,0.214003041,0.490380079,15.8804216,4.27299976,0,,,2,1
137545964,0.150000006,0.740457952,,,0.781684935,0.273992658,0.220332772,0.460092545,15.8395166,4.27299976,0,,,2,1
137547132,0.150000006,0.789473712,,,0.846153796,0.225641012,0.227048337,0.433328718,15.8804216,4.27000046,0,,,2,1
137548293,0.150000006,0.752066135,,,0.73333329,0.241758227,0.234186158,0.409507424,15.8486061,4.27000046,0,,,2,1
137549456,0.150000006,0.703448296,,,0.821977973,0.346520126,0.241787329,0.388168722,15.8940573,4.26800013,0,,,2,1
137550617,0.150000006,0.702479362,,,0.684981644,0.290109873,0.249898493,0.368943721,15.8804216,4.26800013,0,,,2,1
137551780,0.150000006,0.709923625,,,0.749450505,0.306227088,0.258572757,0.351533175,15.8804216,4.26599979,0,,,2,1
137552941,0.150000006,0.608333349,,,0.588278353,0.378754556,0.267870843,0.33569181,15.8576965,4.26599979,0,,,2,1
137554105,0.150000006,0.571428537,,,0.676923037,0.507692277,0.277862579,0.321216613,15.8486061,4.26300001,0,,,2,1
137555265,0.150000006,0.549618304,,,0.580219746,0.475457847,0.288628608,0.307938159,15.8622417,4.26300001,0,,,2,1
137556429,0.150000006,0.523809493,,,0.620512784,0.56410253,0.300262541,0.295713902,15.8622417,4.26100016,0,,,2,1
137557590,0.150000006,0.495934963,,,0.491575062,0.49963367,0.312873751,0.284423172,15.8622417,4.26100016,0,,,2,1
137558928,0.150000006,0.479166657,,,0.556043923,0.604395568,0.312873751,0.284423172,15.8576965,4.25899982,0,,,2,1
137560055,0.150000006,0,,,0,1.03956032,0.312873751,0.284423172,15.7622499,4.25899982,0,,,2,1
137561185,0.150000006,0,,,0,1.10402918,0.312873751,0.284423172,15.7486153,4.25599957,0,,,2,1
137562312,0.150000006,0,,,0,1.05567765,0.312873751,0.284423172,15.7758856,4.25599957,0,,,2,1
137563442,0.150000006,0,,,0,1.11208785,0.312873751,0.284423172,15.7531605,4.25399971,0,,,2,1
137564569,0.150000006,0,,,0,1.07985342,0.312873751,0.284423172,15.8031559,4.25399971,0,,,2,1
137565732,0.150000006,0,,,0,0.967032909,0.326590747,0.273962915,15.7440701,4.25199986,0,,,2,1
137566893,0.150000006,0,,,0,1.20073247,0.341565669,0.264244735,15.8031559,4.25199986,0,,,2,1
137568056,0.150000006,0,,,0,1.00732589,0.357979864,0.255192369,15.8031559,4.24900007,0,,,2,1
137569221,0.150000006,0,,,0,1.2168498,0.376051277,0.246739745,15.7986107,4.24900007,0,,,2,1
137570384,0.150000006,0,,,0,1.05567765,0.396044225,0.238829091,15.8122463,4.24699974,0,,,2,1
137571545,0.150000006,0,,,0,1.17655671,0.418282449,0.231409907,15.7804308,4.24699974,0,,,2,1
137572708,0.150000006,0,,,0,1.07179475,0.443166614,0.224437788,15.8122463,4.24499989,0,,,2,1
137573869,0.150000006,0,,,0,1.2168498,0.471198827,0.217873514,15.8077011,4.24499989,0,,,2,1
137575032,0.150000006,0,,,0,1.01538455,0.465200484,0.219180271,15.8440609,4.24300003,0,,,2,1
137576193,0.150000006,0,,,0,1.17655671,0.437856704,0.225824729,15.7986107,4.24300003,0,,,2,1
137577356,0.150000006,0,,,0,0.99926734,0.413548917,0.232884631,15.8077011,4.24000025,0,,,2,1
137578517,0.150000006,0,,,0,1.07179475,0.391798109,0.240400195,15.7667952,4.24000025,0,,,2,1
137579884,0.150000006,0,,,0,0.967032909,0.372220963,0.248417035,15.7940655,4.23799992,0,,,2,1
137581049,0.150000006,0,,,0,1.18461537,0.354507118,0.256987005,15.7531605,4.23799992,0,,,2,1
137582213,0.150000006,0,,,0,1.07179475,0.338402718,0.266169369,15.7940655,4.23499966,0,,,2,1
137583373,0.150000006,0,,,0,1.10402918,0.323697865,0.276032269,15.7622499,4.23499966,0,,,2,1
137584536,0.150000006,0,,,0,1.05567765,0.310217768,0.286654234,15.8031559,4.2329998,0,,,2,1
137585697,0.150000006,0,,,0,0.983150125,0.297815561,0.29812637,15.7440701,4.2329998,0,,,2,1
137586860,0.150000006,0,,,0,1.10402918,0.28636685,0.310555041,15.7940655,4.23099995,0,,,2,1
137588020,0.150000006,0,,,0,0.975091517,0.275765806,0.324065089,15.7622499,4.23099995,0,,,2,1
137589184,0.150000006,0,,,0,1.22490835,0.265921623,0.338804036,15.7622499,4.22800016,0,,,2,1
137590344,0.150000006,0,,,0,1.03150177,0.256756037,0.354947567,15.7531605,4.22800016,0,,,2,1
137591507,0.150000006,0,,,0,1.20073247,0.248201236,0.372706503,15.7167997,4.22599983,0,,,2,1
137592672,0.150000006,0,,,0,0.975091517,0.240198106,0.392336071,15.7440701,4.22599983,0,,,2,1
137593835,0.150000006,0,,,0,1.19267392,0.232694983,0.414148301,15.6986198,4.22399998,0,,,2,1
137594995,0.150000006,0,,,0,1.03150177,0.225646406,0.438528627,15.7258902,4.22399998,0,,,2,1
137596159,0.150000006,0,,,0,1.12014651,0.219012305,0.465958983,15.6713495,4.22100019,0,,,2,1
137597319,0.150000006,0.544217646,,,0.644688606,0.539926708,0.213152155,0.494907081,15.8531513,4.22100019,0,,,2,1
137598482,0.150000006,0.721088409,,,0.854212403,0.330402911,0.218614757,0.467768699,15.8486061,4.21899986,0,,,2,1
137599643,0.150000006,0.7734375,,,0.79780215,0.23369962,0.22522445,0.440131187,15.8940573,4.21899986,0,,,2,1
137601010,0.150000006,0.711267591,,,0.813919365,0.330402911,0.232246265,0.415577322,15.8576965,4.21700001,0,,,2,1
137602171,0.150000006,0.745901644,,,0.73333329,0.249816835,0.239720032,0.393618315,15.8895121,4.21700001,0,,,2,1
137603334,0.150000006,0.691666663,,,0.668864429,0.29816848,0.247690782,0.373863429,15.8622417,4.21399975,0,,,2,1
137604499,0.150000006,0.709677398,,,0.709157467,0.290109873,0.25620985,0.355996728,15.8804216,4.21399975,0,,,2,1
137605663,0.150000006,0.609756112,,,0.604395568,0.386813164,0.265335768,0.339759797,15.8349714,4.21199989,0,,,2,1
137606823,0.150000006,0.570370317,,,0.620512784,0.46739924,0.275135845,0.3249394,15.8804216,4.21199989,0,,,2,1
137607987,0.150000006,0.550000012,,,0.5318681,0.435164809,0.285687596,0.311357886,15.8713312,4.21000004,0,,,2,1
137609148,0.150000006,0.531914949,,,0.604395568,0.5318681,0.297080934,0.298866153,15.8576965,4.21000004,0,,,2,1
137610311,0.150000006,0.519379854,,,0.539926708,0.49963367,0.309420824,0.287338078,15.8576965,4.20699978,0,,,2,1
137611438,0.150000006,0.5,,,0.628571391,0.628571391,0.309420824,0.287338078,15.8576965,4.20699978,0,,,2,1
137612568,0.150000006,0,,,0,1.04761899,0.309420824,0.287338078,15.7577057,4.20499992,0,,,2,1
137613695,0.150000006,0,,,0,1.05567765,0.309420824,0.287338078,15.7486153,4.20499992,0,,,2,1
137614825,0.150000006,0,,,0,0.991208732,0.309420824,0.287338078,15.784976,4.20300007,0,,,2,1
137615957,0.150000006,0,,,0,1.05567765,0.309420824,0.287338078,15.7486153,4.20300007,0,,,2,1
137617087,0.150000006,0,,,0,1.0637362,0.309420824,0.287338078,15.7986107,4.19999981,0,,,2,1
137618247,0.150000006,0,,,0,0.983150125,0.32283026,0.276666343,15.7622499,4.19999981,0,,,2,1
137619411,0.150000006,0,,,0,1.12820506,0.337454587,0.266758919,15.8031559,4.19799995,0,,,2,1
137620571,0.150000006,0,,,0,0.950915694,0.353466749,0.257536501,15.8031559,4.19799995,0,,,2,1
137621939,0.150000006,0,,,0,1.20073247,0.37107417,0.248930439,15.8213358,4.1960001,0,,,2,1
137623099,0.150000006,0,,,0,0.950915694,0.390527725,0.240880996,15.8213358,4.1960001,0,,,2,1
137624263,0.150000006,0,,,0,1.13626361,0.412133813,0.233335808,15.8031559,4.19299984,0,,,2,1
137625423,0.150000006,0,,,0,1.09597063,0.436270684,0.226248935,15.8122463,4.19299984,0,,,2,1
137626587,0.150000006,0,,,0,1.17655671,0.463410586,0.219579846,15.8122463,4.19099998,0,,,2,1
137627752,0.150000006,0,,,0,0.950915694,0.44474718,0.224034578,15.8304262,4.19099998,0,,,2,1
137628916,0.150000006,0.0073529412,,,0.00805860758,1.08791208,0.419690192,0.230981246,15.784976,4.18900013,0,,,2,1
137630076,0.150000006,0,,,0,1.07179475,0.397306055,0.238372549,15.8213358,4.18900013,0,,,2,1
137631240,0.150000006,0,,,0,1.07985342,0.377188742,0.246252522,15.7804308,4.18599987,0,,,2,1
137632400,0.150000006,0,,,0,1.01538455,0.359010488,0.254671246,15.8304262,4.18599987,0,,,2,1
137633564,0.150000006,0,,,0,0.942857087,0.342503816,0.263685971,15.7622499,4.18400002,0,,,2,1
137634724,0.150000006,0,,,0,1.12014651,0.327448338,0.273362339,15.8077011,4.18400002,0,,,2,1
137635887,0.150000006,0,,,0,0.983150125,0.313660741,0.283775955,15.784976,4.18200016,0,,,2,1
137637048,0.150000006,0,,,0,1.11208785,0.300987273,0.295014352,15.7895203,4.18200016,0,,,2,1
137638216,0.150000006,0,,,0,0.902564049,0.289298207,0.3071796,15.7804308,4.1789999,0,,,2,1
137639376,0.150000006,0,,,0,1.18461537,0.278483093,0.320391297,15.7440701,4.1789999,0,,,2,1
137640540,0.150000006,0,,,0,1.02344322,0.268447489,0.334790528,15.7895203,4.17700005,0,,,2,1
137641700,0.150000006,0,,,0,1.10402918,0.259110034,0.350544959,15.7531605,4.17700005,0,,,2,1
137643068,0.150000006,0,,,0,1.00732589,0.250400275,0.36785534,15.7713404,4.17399979,0,,,2,1
137644228,0.150000006,0,,,0,1.12820506,0.242257074,0.386964142,15.7213449,4.17399979,0,,,2,1
137645392,0.150000006,0,,,0,1.03956032,0.234626815,0.408167005,15.7167997,4.17199993,0,,,2,1
137646552,0.150000006,0,,,0,1.15238094,0.227462515,0.431828082,15.6622591,4.17199993,0,,,2,1
137647716,0.150000006,0,,,0,1.03150177,0.22072278,0.458401203,15.7304344,4.17000008,0,,,2,1
137648876,0.150000006,0,,,0,0.983150125,0.214370951,0.48845917,15.6895294,4.17000008,0,,,2,1
137650045,0.150000006,0.628787875,,,0.668864429,0.394871771,0.20837447,0.522735655,15.8758764,4.16699982,0,,,2,1
137651205,0.150000006,0.791666687,,,0.76556772,0.201465189,0.213361636,0.493781567,15.8486061,4.16699982,0,,,2,1
137652369,0.150000006,0.755395651,,,0.846153796,0.273992658,0.219652906,0.463085562,15.8940573,4.16499996,0,,,2,1
137653529,0.150000006,0.747663558,,,0.644688606,0.217582405,0.226326481,0.435982645,15.8895121,4.16499996,0,,,2,1
137654693,0.150000006,0.73333329,,,0.79780215,0.290109873,0.233418271,0.411876798,15.866787,4.16300011,0,,,2,1
137655854,0.150000006,0.76000005,,,0.76556772,0.241758227,0.240968868,0.390296966,15.8713312,4.16300011,0,,,2,1
137657017,0.150000006,0.691780806,,,0.813919365,0.362637341,0.249024302,0.370865852,15.8758764,4.16100025,0,,,2,1
137658177,0.150000006,0.615384638,,,0.580219746,0.362637341,0.257636935,0.353277743,15.866787,4.16100025,0,,,2,1
137659340,0.150000006,0.592592537,,,0.644688606,0.443223417,0.266866624,0.33728233,15.8486061,4.15799999,0,,,2,1
137660501,0.150000006,0.572580636,,,0.572161138,0.427106202,0.276782215,0.322672635,15.8622417,4.15799999,0,,,2,1
137661669,0.150000006,0.518518507,,,0.56410253,0.523809493,0.287463069,0.309276044,15.8440609,4.15600014,0,,,2,1
137662830,0.150000006,0.530434787,,,0.491575062,0.435164809,0.299001336,0.296947479,15.8713312,4.15600014,0,,,2,1
137664164,0.150000006,0.48854959,,,0.515750885,0.539926708,0.299001336,0.296947479,15.8531513,4.15299988,0,,,2,1
137665291,0.150000006,0,,,0,0.99926734,0.299001336,0.296947479,15.7667952,4.15299988,0,,,2,1
137666421,0.150000006,0,,,0,1.03150177,0.299001336,0.296947479,15.7667952,4.15100002,0,,,2,1
137667548,0.150000006,0,,,0,1.0637362,0.299001336,0.296947479,15.7940655,4.15100002,0,,,2,1
137668678,0.150000006,0,,,0,0.975091517,0.299001336,0.296947479,15.7758856,4.14900017,0,,,2,1
137669838,0.150000006,0,,,0,1.19267392,0.311504662,0.285564125,15.7667952,4.14900017,0,,,2,1
137671002,0.150000006,0,,,0,0.99926734,0.32509926,0.275021315,15.8077011,4.14699984,0,,,2,1
137672162,0.150000006,0,,,0,1.12820506,0.339934617,0.265229255,15.7531605,4.14699984,0,,,2,1
137673330,0.150000006,0,,,0,0.99926734,0.356188685,0.256110519,15.8031559,4.14400005,0,,,2,1
137674491,0.150000006,0,,,0,1.05567765,0.374075174,0.247597948,15.7713404,4.14400005,0,,,2,1
137675654,0.150000006,0,,,0,0.99926734,0.393853039,0.239633039,15.825881,4.1420002,0,,,2,1
137676815,0.150000006,0,,,0,0.958974302,0.415839016,0.232164621,15.7713404,4.1420002,0,,,2,1
137677979,0.150000006,0,,,0,1.10402918,0.44042477,0.22514765,15.8349714,4.13999987,0,,,2,1
137679139,0.150000006,0,,,0,0.967032909,0.459562868,0.220454469,15.8304262,4.13999987,0,,,2,1
137680303,0.150000006,0,,,0,1.13626361,0.432858765,0.22717759,15.8122463,4.13700008,0,,,2,1
137681463,0.150000006,0,,,0,0.934798479,0.409087688,0.234323665,15.8167906,4.13700008,0,,,2,1
137682626,0.150000006,0,,,0,1.16043949,0.387791544,0.241933912,15.8077011,4.13500023,0,,,2,1
137683787,0.150000006,0,,,0,0.958974302,0.368602931,0.250055104,15.8167906,4.13500023,0,,,2,1
137685159,0.150000006,0,,,0,1.16849804,0.351223767,0.258740455,15.7940655,4.13199997,0,,,2,1
137686319,0.150000006,0,,,0,0.942857087,0.335409611,0.26805082,15.7986107,4.13199997,0,,,2,1
137687482,0.150000006,0,,,0,1.07985342,0.320958197,0.278056234,15.7577057,4.13000011,0,,,2,1
137688642,0.150000006,0,,,0,0.967032909,0.307700634,0.288837612,15.8167906,4.13000011,0,,,2,1
137689806,0.150000006,0,,,0,0.950915694,0.295494884,0.30048871,15.7577057,4.12799978,0,,,2,1
137690966,0.150000006,0,,,0,1.07985342,0.284220546,0.313119292,15.784976,4.12799978,0,,,2,1
137692130,0.150000006,0,,,0,0.99926734,0.273774922,0.326858282,15.7577057,4.125,0,,,2,1
137693290,0.150000006,0,,,0,1.11208785,0.264069855,0.341858298,15.7713404,4.125,0,,,2,1
137694454,0.150000006,0,,,0,0.918681264,0.255029291,0.358301252,15.7577057,4.12300014,0,,,2,1
137695615,0.150000006,0,,,0,1.14432228,0.246587276,0.376405925,15.7213449,4.12300014,0,,,2,1
137696783,0.150000006,0,,,0,0.991208732,0.238686249,0.396437585,15.7577057,4.12099981,0,,,2,1
137697944,0.150000006,0,,,0,1.08791208,0.231275827,0.418721199,15.7031641,4.12099981,0,,,2,1
137699107,0.150000006,0,,,0,0.926739872,0.22431168,0.443659127,15.7122545,4.11800003,0,,,2,1
137700268,0.150000006,0,,,0,1.08791208,0.217754677,0.471755624,15.6758938,4.11800003,0,,,2,1
137701431,0.150000006,0.525547445,,,0.580219746,0.523809493,0.211570129,0.503651381,15.8758764,4.11600018,0,,,2,1
137702592,0.150000006,0.763157904,,,0.701098859,0.217582405,0.211211875,0.505693376,15.8395166,4.11600018,0,,,2,1
137703755,0.150000006,0.792307675,,,0.830036581,0.217582405,0.217375189,0.473546714,15.8895121,4.11400032,0,,,2,1
137704915,0.150000006,0.777777791,,,0.676923037,0.193406582,0.223909006,0.445242852,15.8849669,4.11400032,0,,,2,1
137706283,0.150000006,0.746153831,,,0.781684935,0.26593405,0.230847791,0.420131624,15.8940573,4.11100006,0,,,2,1
137707443,0.150000006,0.738738716,,,0.660805821,0.23369962,0.238230377,0.397701651,15.8849669,4.11100006,0,,,2,1
137708611,0.150000006,0.722222209,,,0.73333329,0.282051265,0.246100754,0.377545297,15.8622417,4.10900021,0,,,2,1
137709772,0.150000006,0.647058845,,,0.620512784,0.338461518,0.254508942,0.359333515,15.8713312,4.10900021,0,,,2,1
137710936,0.150000006,0.591240883,,,0.652747214,0.451282024,0.263511956,0.342797846,15.866787,4.10699987,0,,,2,1
137712096,0.150000006,0.571428597,,,0.515750885,0.386813164,0.273175299,0.327717096,15.8622417,4.10699987,0,,,2,1
137713260,0.150000006,0.550000012,,,0.620512784,0.507692277,0.283574373,0.313907325,15.8440609,4.10400009,0,,,2,1
137714421,0.150000006,0.522123873,,,0.475457847,0.435164809,0.294796497,0.301214367,15.8713312,4.10400009,0,,,2,1
137715551,0.150000006,0.508474588,,,0.483516455,0.46739924,0.294796497,0.301214367,15.8395166,4.10200024,0,,,2,1
137716678,0.150000006,0,,,0,1.03150177,0.294796497,0.301214367,15.7667952,4.10200024,0,,,2,1
137717807,0.150000006,0,,,0,0.975091517,0.294796497,0.301214367,15.784976,4.0999999,0,,,2,1
137718939,0.150000006,0,,,0,1.16043949,0.294796497,0.301214367,15.7667952,4.0999999,0,,,2,1
137720069,0.150000006,0,,,0,0.99926734,0.294796497,0.301214367,15.784976,4.09700012,0,,,2,1
137721230,0.150000006,0,,,0,1.14432228,0.306943446,0.289507985,15.7622499,4.09700012,0,,,2,1
137722394,0.150000006,0,,,0,0.967032909,0.320134431,0.278677493,15.7804308,4.09500027,0,,,2,1
137723554,0.150000006,0,,,0,1.12820506,0.334510088,0.268628091,15.7486153,4.09500027,0,,,2,1
137724718,0.150000006,0,,,0,0.99926734,0.350237548,0.259278268,15.825881,4.09300041,0,,,2,1
137725879,0.150000006,0,,,0,0.942857087,0.367516845,0.250557363,15.7713404,4.09300041,0,,,2,1
137727246,0.150000006,0,,,0,0.958974302,0.386589617,0.242404088,15.8304262,4.09000015,0,,,2,1
137728406,0.150000006,0,,,0,0.967032909,0.407750368,0.234764695,15.7713404,4.09000015,0,,,2,1
137729570,0.150000006,0,,,0,1.10402918,0.431361824,0.227592096,15.8395166,4.08799982,0,,,2,1
137730735,0.150000006,0,,,0,0.967032909,0.445503682,0.223843098,15.8395166,4.08799982,0,,,2,1
137731898,0.150000006,0,,,0,1.05567765,0.420363814,0.230777755,15.8122463,4.08599997,0,,,2,1
137733059,0.150000006,0,,,0,0.950915694,0.397909671,0.238155812,15.8213358,4.08599997,0,,,2,1
137734222,0.150000006,0,,,0,1.2168498,0.377732724,0.246021196,15.8077011,4.08300018,0,,,2,1
137735383,0.150000006,0,,,0,0.926739872,0.359503269,0.254423827,15.8167906,4.08300018,0,,,2,1
137736546,0.150000006,0,,,0,1.01538455,0.342952311,0.26342079,15.7758856,4.08099985,0,,,2,1
137737707,0.150000006,0,,,0,0.958974302,0.327858239,0.273077339,15.8304262,4.08099985,0,,,2,1
137738870,0.150000006,0,,,0,0.934798479,0.314036816,0.283468813,15.7667952,4.07899952,0,,,2,1
137740031,0.150000006,0,,,0,0.967032909,0.301333576,0.294682413,15.8077011,4.07899952,0,,,2,1
137741194,0.150000006,0,,,0,0.934798479,0.289618075,0.306819767,15.784976,4.07600021,0,,,2,1
137742359,0.150000006,0,,,0,1.10402918,0.278779507,0.319999874,15.7804308,4.07600021,0,,,2,1
137743523,0.150000006,0,,,0,0.950915694,0.268722922,0.334363163,15.7667952,4.07400036,0,,,2,1
137744683,0.150000006,0,,,0,1.12820506,0.259366602,0.350076437,15.7440701,4.07400036,0,,,2,1
137745847,0.150000006,0,,,0,0.958974302,0.250639886,0.367339462,15.7713404,4.0720005,0,,,2,1
137747008,0.150000006,0,,,0,1.08791208,0.242481321,0.386393309,15.6986198,4.0720005,0,,,2,1
137748375,0.150000006,0,,,0,0.926739872,0.234837145,0.407531947,15.7304344,4.06899977,0,,,2,1
137749536,0.150000006,0,,,0,1.0637362,0.227660194,0.431117326,15.6895294,4.06899977,0,,,2,1
137750700,0.150000006,0,,,0,0.967032909,0.220908925,0.457600355,15.7395248,4.06699991,0,,,2,1
137751860,0.150000006,0.00892857183,,,0.00805860758,0.894505441,0.214546531,0.487549961,15.6940746,4.06699991,0,,,2,1
137753024,0.150000006,0.617647052,,,0.676923037,0.419047594,0.208540365,0.521694481,15.8804216,4.06500006,0,,,2,1
137754189,0.150000006,0.758064508,,,0.757509112,0.241758227,0.20698598,0.531683028,15.8758764,4.06500006,0,,,2,1
137755352,0.150000006,0.791044772,,,0.854212403,0.225641012,0.212901667,0.496262878,15.8895121,4.0619998,0,,,2,1
137756513,0.150000006,0.824561417,,,0.757509112,0.161172152,0.219165459,0.465267271,15.8849669,4.0619998,0,,,2,1
137757676,0.150000006,0.725925863,,,0.789743543,0.29816848,0.225808993,0.437915891,15.8849669,4.05999994,0,,,2,1
137758837,0.150000006,0.776699007,,,0.644688606,0.185347974,0.232867882,0.413601756,15.8804216,4.05999994,0,,,2,1
137760000,0.150000006,0.708029211,,,0.781684935,0.322344303,0.240382344,0.391845554,15.866787,4.05799961,0,,,2,1
137761161,0.150000006,0.642857134,,,0.580219746,0.322344303,0.248397946,0.372263819,15.8758764,4.05799961,0,,,2,1
137762324,0.150000006,0.587719321,,,0.539926708,0.378754556,0.256966561,0.35454604,15.8395166,4.05500031,0,,,2,1
137763484,0.150000006,0.609375,,,0.628571391,0.402930379,0.266147465,0.338438183,15.8713312,4.05500031,0,,,2,1
137764648,0.150000006,0.546218514,,,0.523809493,0.435164809,0.276008666,0.32373035,15.866787,4.05300045,0,,,2,1
137765813,0.150000006,0.556451619,,,0.556043923,0.443223417,0.286628753,0.31024763,15.8622417,4.05300045,0,,,2,1
137766944,0.150000006,0.550000012,,,0.5318681,0.435164809,0.286628753,0.31024763,15.8713312,4.05100012,0,,,2,1
137768070,0.150000006,0,,,0,1.11208785,0.286628753,0.31024763,15.7486153,4.05100012,0,,,2,1
137769404,0.150000006,0,,,0,0.958974302,0.286628753,0.31024763,15.8031559,4.04799986,0,,,2,1
137770531,0.150000006,0,,,0,1.04761899,0.286628753,0.31024763,15.7395248,4.04799986,0,,,2,1
137771660,0.150000006,0,,,0,0.991208732,0.286628753,0.31024763,15.7986107,4.046,0,,,2,1
137772821,0.150000006,0,,,0,0.894505441,0.298098832,0.297843039,15.7486153,4.046,0,,,2,1
137773984,0.150000006,0,,,0,1.01538455,0.310525179,0.286392242,15.7940655,4.04400015,0,,,2,1
137775144,0.150000006,0,,,0,0.983150125,0.324032575,0.27578932,15.7986107,4.04400015,0,,,2,1
137776307,0.150000006,0,,,0,1.10402918,0.338768542,0.265943497,15.784976,4.04099989,0,,,2,1
137777472,0.150000006,0,,,0,0.926739872,0.354908615,0.256776422,15.8167906,4.04099989,0,,,2,1
137778635,0.150000006,0,,,0,1.08791208,0.372663587,0.24822025,15.7940655,4.03899956,0,,,2,1
137779796,0.150000006,0,,,0,0.878388226,0.392288566,0.240215898,15.8031559,4.03899956,0,,,2,1
137780959,0.150000006,0,,,0,1.03150177,0.414095372,0.232711673,15.7895203,4.0369997,0,,,2,1
137782119,0.150000006,0,,,0,0.958974302,0.43846935,0.225662112,15.8349714,4.0369997,0,,,2,1
137783282,0.150000006,0,,,0,0.918681264,0.414095372,0.232711673,15.7895203,4.0340004,0,,,2,1
137784443,0.150000006,0,,,0,1.07985342,0.392288566,0.240215898,15.8395166,4.0340004,0,,,2,1
137785606,0.150000006,0,,,0,0.894505441,0.372663587,0.24822025,15.8213358,4.03200006,0,,,2,1
137786767,0.150000006,0,,,0,1.09597063,0.354908615,0.256776422,15.7986107,4.03200006,0,,,2,1
137787935,0.150000006,0,,,0,0.934798479,0.338768542,0.265943497,15.825881,4.02999973,0,,,2,1
137789095,0.150000006,0,,,0,1.12014651,0.324032575,0.27578932,15.7804308,4.02999973,0,,,2,1
137790462,0.150000006,0,,,0,0.878388226,0.310525179,0.286392242,15.8122463,4.02699995,0,,,2,1
137791623,0.150000006,0,,,0,1.08791208,0.298098832,0.297843039,15.7486153,4.02699995,0,,,2,1
137792786,0.150000006,0,,,0,0.902564049,0.286628753,0.31024763,15.8077011,4.0250001,0,,,2,1
137793946,0.150000006,0,,,0,0.910622656,0.276008666,0.32373035,15.7577057,4.0250001,0,,,2,1
137795110,0.150000006,0,,,0,0.99926734,0.266147465,0.338438183,15.784976,4.02199984,0,,,2,1
137796270,0.150000006,0,,,0,0.967032909,0.256966561,0.35454604,15.7667952,4.02199984,0,,,2,1
137797433,0.150000006,0,,,0,1.07179475,0.248397946,0.372263819,15.7395248,4.0199995,0,,,2,1
137798593,0.150000006,0,,,0,0.910622656,0.240382344,0.391845554,15.7713404,4.0199995,0,,,2,1
137799762,0.150000006,0,,,0,1.02344322,0.232867882,0.413601756,15.7213449,4.01799965,0,,,2,1
137800922,0.150000006,0,,,0,0.894505441,0.225808993,0.437915891,15.7304344,4.01799965,0,,,2,1
137802086,0.150000006,0,,,0,0.958974302,0.219165459,0.465267271,15.6895294,4.01500034,0,,,2,1
137803246,0.150000006,0,,,0,0.950915694,0.212901667,0.496262878,15.7304344,4.01500034,0,,,2,1
137804409,0.150000006,0.569230795,,,0.596336961,0.451282024,0.20698598,0.531683028,15.8531513,4.01300049,0,,,2,1
137805570,0.150000006,0.768000066,,,0.773626328,0.23369962,0.202318504,0.565174818,15.8986015,4.01300049,0,,,2,1
137806733,0.150000006,0.820512831,,,0.773626328,0.169230759,0.207966775,0.52531904,15.8713312,4.01100016,0,,,2,1
137807894,0.150000006,0.801470578,,,0.878388226,0.217582405,0.213939473,0.490714133,15.8804216,4.01100016,0,,,2,1
137809057,0.150000006,0.770642221,,,0.676923037,0.201465189,0.220265388,0.460386604,15.8940573,4.0079999,0,,,2,1
137810217,0.150000006,0.76000005,,,0.76556772,0.241758227,0.226976797,0.433589548,15.866787,4.0079999,0,,,2,1
137811589,0.150000006,0.790000021,,,0.636629999,0.169230759,0.234110042,0.409740359,15.8804216,4.00600004,0,,,2,1
137812750,0.150000006,0.649635077,,,0.717216074,0.386813164,0.241706192,0.388377994,15.8576965,4.00600004,0,,,2,1
137813913,0.150000006,0.63809526,,,0.539926708,0.306227088,0.249811813,0.369132787,15.8849669,4.00400019,0,,,2,1
137815073,0.150000006,0.635514021,,,0.547985315,0.314285696,0.258479953,0.351704806,15.8395166,4.00400019,0,,,2,1
137816237,0.150000006,0.590551138,,,0.604395568,0.419047594,0.267771244,0.335848331,15.8849669,4.00099993,0,,,2,1
137817404,0.150000006,0.583333313,,,0.507692277,0.362637341,0.277755439,0.321359903,15.8758764,4.00099993,0,,,2,1
137818534,0.150000006,0.5625,,,0.580219746,0.451282024,0.277755439,0.321359903,15.8576965,3.99899983,0,,,2,1
137819661,0.150000006,0,,,0,0.942857087,0.277755439,0.321359903,15.7667952,3.99899983,0,,,2,1
137820791,0.150000006,0,,,0,1.03150177,0.277755439,0.321359903,15.7531605,3.99699998,0,,,2,1
137821917,0.150000006,0,,,0,1.01538455,0.277755439,0.321359903,15.7986107,3.99699998,0,,,2,1
137823052,0.150000006,0,,,0,0.910622656,0.277755439,0.321359903,15.7395248,3.9940002,0,,,2,1
137824212,0.150000006,0,,,0,1.05567765,0.288512975,0.308069855,15.8031559,3.9940002,0,,,2,1
137825376,0.150000006,0,,,0,0.942857087,0.30013743,0.295835376,15.7940655,3.9920001,0,,,2,1
137826536,0.150000006,0,,,0,1.07179475,0.312737912,0.284535527,15.7758856,3.9920001,0,,,2,1
137827699,0.150000006,0,,,0,0.870329618,0.326442748,0.274067163,15.8167906,3.98999977,0,,,2,1
137828859,0.150000006,0,,,0,1.0637362,0.341403812,0.264341712,15.7622499,3.98999977,0,,,2,1
137830023,0.150000006,0,,,0,0.958974302,0.357802063,0.255282819,15.8213358,3.98799992,0,,,2,1
137831183,0.150000006,0,,,0,0.902564049,0.375855058,0.246824294,15.784976,3.98799992,0,,,2,1
137832550,0.150000006,0,,,0,0.942857087,0.395826608,0.238908306,15.8440609,3.98500013,0,,,2,1
137833710,0.150000006,0,,,0,0.918681264,0.418039709,0.231484279,15.7713404,3.98500013,0,,,2,1
137834878,0.150000006,0,,,0,1.05567765,0.412835628,0.233111441,15.8440609,3.9829998,0,,,2,1
137836039,0.150000006,0,,,0,0.870329618,0.391157836,0.240641907,15.8304262,3.9829998,0,,,2,1
137837202,0.150000006,0,,,0,1.04761899,0.371643007,0.248675123,15.8077011,3.97999978,0,,,2,1
137838363,0.150000006,0,,,0,0.942857087,0.353982866,0.257263184,15.8213358,3.97999978,0,,,2,1
137839526,0.150000006,0,,,0,1.03150177,0.337924957,0.266465694,15.7758856,3.97799993,0,,,2,1
137840687,0.150000006,0,,,0,0.918681264,0.323260695,0.276350975,15.8122463,3.97799993,0,,,2,1
137841850,0.150000006,0,,,0,0.926739872,0.309816241,0.286997944,15.7758856,3.97600007,0,,,2,1
137843011,0.150000006,0,,,0,1.03150177,0.297445446,0.298498154,15.8031559,3.97600007,0,,,2,1
137844174,0.150000006,0,,,0,0.886446834,0.28602466,0.310958505,15.7940655,3.97300005,0,,,2,1
137845334,0.150000006,0,,,0,1.0637362,0.275448471,0.324504435,15.7577057,3.97300005,0,,,2,1
137846503,0.150000006,0,,,0,0.870329618,0.26562652,0.339284301,15.7986107,3.97100019,0,,,2,1
137847663,0.150000006,0,,,0,1.08791208,0.256480902,0.35547471,15.7440701,3.97100019,0,,,2,1
137848826,0.150000006,0,,,0,0.910622656,0.247944117,0.373287767,15.7713404,3.96899986,0,,,2,1
137849986,0.150000006,0,,,0,0.975091517,0.239957303,0.392980218,15.7395248,3.96899986,0,,,2,1
137851149,0.150000006,0,,,0,0.902564049,0.232468978,0.41486612,15.7531605,3.96600008,0,,,2,1
137852310,0.150000006,0,,,0,0.878388226,0.225433886,0.439333558,15.7395248,3.96600008,0,,,2,1
137853677,0.150000006,0,,,0,1.01538455,0.218812078,0.466867834,15.7395248,3.96400023,0,,,2,1
137854837,0.150000006,0,,,0,0.894505441,0.212568194,0.498084217,15.7304344,3.96400023,0,,,2,1
137856001,0.150000006,0.646258473,,,0.76556772,0.419047594,0.206670761,0.533774197,15.866787,3.96199989,0,,,2,1
137857161,0.150000006,0.754237294,,,0.717216074,0.23369962,0.201091722,0.574973643,15.8986015,3.96199989,0,,,2,1
137858329,0.150000006,0.807692289,,,0.846153796,0.201465189,0.206670761,0.533774197,15.8758764,3.95899987,0,,,2,1
137859490,0.150000006,0.805555582,,,0.701098859,0.169230759,0.212568194,0.498084217,15.8895121,3.95899987,0,,,2,1
137860653,0.150000006,0.769911528,,,0.701098859,0.209523797,0.218812078,0.466867834,15.8713312,3.95700002,0,,,2,1
137861814,0.150000006,0.805309713,,,0.73333329,0.177289367,0.225433886,0.439333558,15.8895121,3.95700002,0,,,2,1
137862977,0.150000006,0.762376249,,,0.620512784,0.193406582,0.232468978,0.41486612,15.8895121,3.95500016,0,,,2,1
137864138,0.150000006,0.652173936,,,0.604395568,0.322344303,0.239957303,0.392980218,15.8531513,3.95500016,0,,,2,1
137865301,0.150000006,0.62608695,,,0.580219746,0.346520126,0.247944117,0.373287767,15.8758764,3.95200014,0,,,2,1
137866461,0.150000006,0.618320584,,,0.652747214,0.402930379,0.256480902,0.35547471,15.866787,3.95200014,0,,,2,1
137867625,0.150000006,0.628571451,,,0.5318681,0.314285696,0.26562652,0.339284301,15.8622417,3.94999981,0,,,2,1
137868790,0.150000006,0.533898294,,,0.507692277,0.443223417,0.275448471,0.324504435,15.8576965,3.94999981,0,,,2,1
137869920,0.150000006,0.585585594,,,0.523809493,0.370695949,0.275448471,0.324504435,15.8713312,3.94799995,0,,,2,1
137871046,0.150000006,0,,,0,0.902564049,0.275448471,0.324504435,15.7622499,3.94799995,0,,,2,1
137872176,0.150000006,0,,,0,1.09597063,0.275448471,0.324504435,15.7667952,3.94500017,0,,,2,1
137873302,0.150000006,0,,,0,0.902564049,0.275448471,0.324504435,15.7986107,3.94500017,0,,,2,1
137874636,0.150000006,0,,,0,1.10402918,0.275448471,0.324504435,15.7713404,3.94299984,0,,,2,1
137875796,0.150000006,0,,,0,0.886446834,0.28602466,0.310958505,15.7758856,3.94299984,0,,,2,1
137876960,0.150000006,0,,,0,1.02344322,0.297445446,0.298498154,15.7622499,3.94099975,0,,,2,1
137878120,0.150000006,0,,,0,0.934798479,0.309816271,0.286997944,15.8077011,3.94099975,0,,,2,1
137879284,0.150000006,0,,,0,0.870329618,0.323260725,0.276350945,15.7804308,3.93799996,0,,,2,1
137880449,0.150000006,0,,,0,1.02344322,0.337924957,0.266465664,15.8031559,3.93799996,0,,,2,1
137881612,0.150000006,0,,,0,0.894505441,0.353982866,0.257263184,15.8077011,3.93600011,0,,,2,1
137882773,0.150000006,0,,,0,1.03956032,0.371643037,0.248675123,15.8122463,3.93600011,0,,,2,1
137883936,0.150000006,0,,,0,0.878388226,0.391157866,0.240641877,15.8122463,3.93400025,0,,,2,1
137885097,0.150000006,0,,,0,1.01538455,0.412835687,0.233111411,15.8031559,3.93400025,0,,,2,1
137886260,0.150000006,0,,,0,0.926739872,0.395879924,0.238888875,15.8395166,3.93099976,0,,,2,1
137887421,0.150000006,0,,,0,0.926739872,0.37590313,0.246803582,15.8031559,3.93099976,0,,,2,1
137888584,0.150000006,0,,,0,1.00732589,0.357845604,0.255260676,15.8304262,3.9289999,0,,,2,1
137889744,0.150000006,0,,,0,0.870329618,0.341443449,0.26431793,15.8167906,3.9289999,0,,,2,1
137890907,0.150000006,0,,,0,1.03956032,0.326479018,0.274041593,15.8077011,3.92700005,0,,,2,1
137892073,0.150000006,0,,,0,0.821977973,0.312771201,0.28450799,15.7940655,3.92700005,0,,,2,1
137893236,0.150000006,0,,,0,0.975091517,0.300168097,0.295805603,15.7804308,3.92400026,0,,,2,1
137894396,0.150000006,0,,,0,0.934798479,0.288541347,0.308037579,15.8077011,3.92400026,0,,,2,1
137895763,0.150000006,0,,,0,0.870329618,0.277781695,0.321324766,15.7486153,3.92199993,0,,,2,1
137896924,0.150000006,0,,,0,1.00732589,0.267795682,0.335809946,15.8031559,3.92199993,0,,,2,1
137898087,0.150000006,0,,,0,0.870329618,0.258502692,0.351662725,15.7804308,3.91899991,0,,,2,1
137899247,0.150000006,0,,,0,1.03956032,0.249833062,0.369086415,15.7486153,3.91899991,0,,,2,1
137900411,0.150000006,0,,,0,0.846153796,0.241726086,0.388326675,15.784976,3.91700006,0,,,2,1
137901571,0.150000006,0,,,0,0.99926734,0.234128699,0.409683228,15.7122545,3.91700006,0,,,2,1
137902734,0.150000006,0,,,0,0.894505441,0.226994336,0.433525562,15.7622499,3.9150002,0,,,2,1
137903899,0.150000006,0,,,0,0.886446834,0.220281914,0.460314482,15.6895294,3.9150002,0,,,2,1
137905063,0.150000006,0,,,0,0.975091517,0.21395506,0.490632176,15.7349796,3.91200018,0,,,2,1
137906223,0.150000006,0,,,0,0.878388226,0.207981512,0.525225103,15.7122545,3.91200018,0,,,2,1
137907387,0.150000006,0.59731549,,,0.717216074,0.483516455,0.202332452,0.565066159,15.8758764,3.90999985,0,,,2,1
137908548,0.150000006,0.771428585,,,0.652747214,0.193406582,0.196982145,0.611447573,15.8940573,3.90999985,0,,,2,1
137909711,0.150000006,0.792592525,,,0.862271011,0.225641012,0.202332452,0.565066159,15.8713312,3.90799999,0,,,2,1
137910872,0.150000006,0.842105269,,,0.644688606,0.120879114,0.207981512,0.525225103,15.9031467,3.90799999,0,,,2,1
137912035,0.150000006,0.839999974,,,0.676923037,0.128937721,0.21395506,0.490632176,15.8576965,3.90600014,0,,,2,1
137913195,0.150000006,0.800000012,,,0.741391897,0.185347974,0.220281914,0.460314482,15.9031467,3.90600014,0,,,2,1
137914359,0.150000006,0.79411763,,,0.652747214,0.169230759,0.226994336,0.433525562,15.8804216,3.90299988,0,,,2,1
137915524,0.150000006,0.677966118,,,0.644688606,0.306227088,0.234128699,0.409683228,15.8758764,3.90299988,0,,,2,1
137916892,0.150000006,0.616071403,,,0.556043923,0.346520126,0.241726086,0.388326675,15.8804216,3.90099978,0,,,2,1
137918052,0.150000006,0.629032254,,,0.628571391,0.370695949,0.249833062,0.369086415,15.8622417,3.90099978,0,,,2,1
137919216,0.150000006,0.614678919,,,0.539926708,0.338461518,0.258502692,0.351662725,15.8713312,3.898,0,,,2,1
137920376,0.150000006,0.5625,,,0.507692277,0.394871771,0.267795682,0.335809946,15.8486061,3.898,0,,,2,1
137921540,0.150000006,0.587719321,,,0.539926708,0.378754556,0.277781695,0.321324766,15.8849669,3.89600015,0,,,2,1
137922667,0.150000006,0.545454562,,,0.435164809,0.362637341,0.277781695,0.321324766,15.8758764,3.89600015,0,,,2,1
137923797,0.150000006,0,,,0,1.07985342,0.277781695,0.321324766,15.7440701,3.89400005,0,,,2,1
137924924,0.150000006,0,,,0,0.878388226,0.277781695,0.321324766,15.784976,3.89400005,0,,,2,1
137926055,0.150000006,0,,,0,1.01538455,0.277781695,0.321324766,15.7531605,3.89099979,0,,,2,1
137927186,0.150000006,0,,,0,0.846153796,0.277781695,0.321324766,15.7986107,3.89099979,0,,,2,1
137928350,0.150000006,0,,,0,0.854212403,0.288541347,0.308037579,15.7804308,3.88899994,0,,,2,1
137929511,0.150000006,0,,,0,0.975091517,0.300168097,0.295805603,15.784976,3.88899994,0,,,2,1
137930674,0.150000006,0,,,0,0.870329618,0.312771201,0.28450796,15.8077011,3.88700008,0,,,2,1
137931835,0.150000006,0,,,0,1.0637362,0.326479048,0.274041563,15.7804308,3.88700008,0,,,2,1
137932998,0.150000006,0,,,0,0.846153796,0.341443479,0.26431793,15.8122463,3.88500023,0,,,2,1
137934159,0.150000006,0,,,0,0.910622656,0.357845634,0.255260676,15.7804308,3.88500023,0,,,2,1
137935322,0.150000006,0,,,0,0.918681264,0.375903159,0.246803552,15.825881,3.88199997,0,,,2,1
137936482,0.150000006,0,,,0,0.862271011,0.395879954,0.23888886,15.8213358,3.88199997,0,,,2,1
137937854,0.150000006,0.00769230863,,,0.00805860758,1.03956032,0.418099195,0.23146604,15.8440609,3.87999988,0,,,2,1
137939014,0.150000006,0,,,0,0.805860758,0.407727063,0.234772429,15.825881,3.87999988,0,,,2,1
137940177,0.150000006,0,,,0,1.03956032,0.386568666,0.242412329,15.8213358,3.87700009,0,,,2,1
137941338,0.150000006,0,,,0,0.805860758,0.367497921,0.250566214,15.8122463,3.87700009,0,,,2,1
137942501,0.150000006,0,,,0,0.950915694,0.350220352,0.259287715,15.7986107,3.87500024,0,,,2,1
137943662,0.150000006,0,,,0,0.926739872,0.334494412,0.268638223,15.8213358,3.87500024,0,,,2,1
137944825,0.150000006,0,,,0,0.838095188,0.320120066,0.278688371,15.8122463,3.87300014,0,,,2,1
137945985,0.150000006,0,,,0,0.991208732,0.306930244,0.289519757,15.7940655,3.87300014,0,,,2,1
137947149,0.150000006,0,,,0,0.838095188,0.294784307,0.301227093,15.8167906,3.86999989,0,,,2,1
137948309,0.150000006,0,,,0,1.04761899,0.283563107,0.313921124,15.7667952,3.86999989,0,,,2,1
137949478,0.150000006,0,,,0,0.878388226,0.273164839,0.327732146,15.8122463,3.86800003,0,,,2,1
137950638,0.150000006,0,,,0,0.862271011,0.26350224,0.342814296,15.7395248,3.86800003,0,,,2,1
137951802,0.150000006,0,,,0,0.99926734,0.254499882,0.359351605,15.7940655,3.86600018,0,,,2,1
137952963,0.150000006,0,,,0,0.862271011,0.24609229,0.377565265,15.7713404,3.86600018,0,,,2,1
137954126,0.150000006,0,,,0,1.01538455,0.238222435,0.397723824,15.7531605,3.86299992,0,,,2,1
137955286,0.150000006,0,,,0,0.830036581,0.230840325,0.42015633,15.7486153,3.86299992,0,,,2,1
137956450,0.150000006,0,,,0,0.942857087,0.223901987,0.445270628,15.7167997,3.86099982,0,,,2,1
137957814,0.150000006,0,,,0,0.878388226,0.217368573,0.473578125,15.7395248,3.86099982,0,,,2,1
137958978,0.150000006,0,,,0,0.894505441,0.211205631,0.505729198,15.6940746,3.85899997,0,,,2,1
137960139,0.150000006,0.656716406,,,0.709157467,0.370695949,0.205382526,0.542563677,15.8986015,3.85899997,0,,,2,1
137961308,0.150000006,0.80392158,,,0.660805821,0.161172152,0.199871898,0.585185289,15.8895121,3.85600019,0,,,2,1
137962468,0.150000006,0.825396836,,,0.838095188,0.177289367,0.205382526,0.542563677,15.8895121,3.85600019,0,,,2,1
137963632,0.150000006,0.800000012,,,0.644688606,0.161172152,0.211205631,0.505729198,15.8986015,3.85400009,0,,,2,1
137964793,0.150000006,0.788617909,,,0.781684935,0.209523797,0.217368573,0.473578125,15.8804216,3.85400009,0,,,2,1
137965956,0.150000006,0.800000012,,,0.644688606,0.161172152,0.223901987,0.445270628,15.9031467,3.85199976,0,,,2,1
137967117,0.150000006,0.777777791,,,0.620512784,0.177289367,0.230840325,0.42015633,15.866787,3.85199976,0,,,2,1
137968280,0.150000006,0.697247684,,,0.612454176,0.26593405,0.238222435,0.397723824,15.8849669,3.84899998,0,,,2,1
137969441,0.150000006,0.647058845,,,0.5318681,0.290109873,0.24609229,0.377565265,15.8713312,3.84899998,0,,,2,1
137970604,0.150000006,0.619047642,,,0.628571391,0.386813164,0.254499882,0.359351605,15.8758764,3.84700012,0,,,2,1
137971764,0.150000006,0.610000014,,,0.491575062,0.314285696,0.26350224,0.342814296,15.8622417,3.84700012,0,,,2,1
137972932,0.150000006,0.568807364,,,0.49963367,0.378754556,0.273164839,0.327732146,15.8622417,3.84500027,0,,,2,1
137974093,0.150000006,0.595959604,,,0.475457847,0.322344303,0.283563107,0.313921124,15.8713312,3.84500027,0,,,2,1
137975223,0.150000006,0.53061223,,,0.419047594,0.370695949,0.283563107,0.313921124,15.8713312,3.84199977,0,,,2,1
137976349,0.150000006,0,,,0,1.01538455,0.283563107,0.313921124,15.7622499,3.84199977,0,,,2,1
137977479,0.150000006,0,,,0,0.830036581,0.283563107,0.313921124,15.8031559,3.83999991,0,,,2,1
137978810,0.150000006,0,,,0,0.99926734,0.283563107,0.313921124,15.7622499,3.83999991,0,,,2,1
137979939,0.150000006,0,,,0,0.886446834,0.283563107,0.313921124,15.8122463,3.83800006,0,,,2,1
137981100,0.150000006,0,,,0,0.894505441,0.294784307,0.301227093,15.7440701,3.83800006,0,,,2,1
137982263,0.150000006,0,,,0,0.950915694,0.306930244,0.289519727,15.8167906,3.83500004,0,,,2,1
137983423,0.150000006,0,,,0,0.838095188,0.320120066,0.278688371,15.8031559,3.83500004,0,,,2,1
137984591,0.150000006,0,,,0,1.00732589,0.334494412,0.268638223,15.8031559,3.83300018,0,,,2,1
137985751,0.150000006,0,,,0,0.79780215,0.350220352,0.259287685,15.8077011,3.83300018,0,,,2,1
137986914,0.150000006,0,,,0,0.934798479,0.367497921,0.250566155,15.7986107,3.83099985,0,,,2,1
137988075,0.150000006,0,,,0,0.886446834,0.386568695,0.242412329,15.8349714,3.83099985,0,,,2,1
137989238,0.150000006,0,,,0,0.862271011,0.407727093,0.234772429,15.825881,3.82800007,0,,,2,1
137990398,0.150000006,0,,,0,1.0637362,0.4194929,0.231041089,15.8167906,3.82800007,0,,,2,1
137991561,0.150000006,0,,,0,0.846153796,0.397129238,0.238436252,15.8395166,3.82600021,0,,,2,1
137992722,0.150000006,0,,,0,0.99926734,0.377029359,0.246320486,15.7895203,3.82600021,0,,,2,1
137993885,0.150000006,0,,,0,0.805860758,0.358866096,0.254743963,15.8486061,3.82399988,0,,,2,1
137995046,0.150000006,0,,,0,0.813919365,0.342372417,0.263763934,15.784976,3.82399988,0,,,2,1
137996214,0.150000006,0,,,0,0.934798479,0.327328235,0.273446113,15.8304262,3.82099986,0,,,2,1
137997374,0.150000006,0,,,0,0.846153796,0.313550502,0.283866227,15.8122463,3.82099986,0,,,2,1
137998538,0.150000006,0,,,0,1.03150177,0.300885767,0.295111954,15.7940655,3.81900001,0,,,2,1
137999902,0.150000006,0,,,0,0.789743543,0.289204419,0.307285398,15.8122463,3.81900001,0,,,2,1
138001065,0.150000006,0,,,0,0.967032909,0.278396189,0.320506394,15.7622499,3.81600022,0,,,2,1
138002225,0.150000006,0,,,0,0.870329618,0.268366724,0.334916234,15.8031559,3.81600022,0,,,2,1
138003389,0.150000006,0,,,0,0.79780215,0.259034783,0.350682765,15.7667952,3.81400013,0,,,2,1
138004549,0.150000006,0,,,0,0.950915694,0.250330031,0.368007094,15.7622499,3.81400013,0,,,2,1
138005712,0.150000006,0,,,0,0.821977973,0.242191285,0.387132078,15.7895203,3.8119998,0,,,2,1
138006872,0.150000006,0,,,0,0.918681264,0.234565094,0.408353865,15.7258902,3.8119998,0,,,2,1
138008041,0.150000006,0,,,0,0.910622656,0.22740452,0.432037234,15.7622499,3.80900002,0,,,2,1
138009201,0.150000006,0,,,0,0.854212403,0.220668167,0.45863688,15.7122545,3.80900002,0,,,2,1
138010364,0.150000006,0,,,0,0.942857087,0.214319438,0.488726795,15.7395248,3.80700016,0,,,2,1
138011525,0.150000006,0,,,0,0.838095188,0.208325803,0.523042142,15.7122545,3.80700016,0,,,2,1
138012688,0.150000006,0.573426545,,,0.660805821,0.491575062,0.202658281,0.562540233,15.8849669,3.80499983,0,,,2,1
138013848,0.150000006,0.821052611,,,0.628571391,0.136996329,0.197290957,0.608491063,15.8758764,3.80499983,0,,,2,1
138015012,0.150000006,0.807017565,,,0.741391897,0.177289367,0.197129145,0.610035598,15.8804216,3.80299973,0,,,2,1
138016172,0.150000006,0.87378639,,,0.725274682,0.104761899,0.202487543,0.563859999,15.8940573,3.80299973,0,,,2,1
138017336,0.150000006,0.842105269,,,0.644688606,0.120879114,0.208145395,0.524182916,15.8986015,3.79999995,0,,,2,1
138018501,0.150000006,0.818965495,,,0.76556772,0.169230759,0.214128509,0.489722639,15.8849669,3.79999995,0,,,2,1
138019664,0.150000006,0.793814421,,,0.620512784,0.161172152,0.220465764,0.459513754,15.8895121,3.7980001,0,,,2,1
138021029,0.150000006,0.680672288,,,0.652747214,0.306227088,0.227189571,0.432815254,15.866787,3.7980001,0,,,2,1
138022193,0.150000006,0.683673441,,,0.539926708,0.249816835,0.234336406,0.409048855,15.8804216,3.79500008,0,,,2,1
138023353,0.150000006,0.652631581,,,0.49963367,0.26593405,0.241947487,0.387756675,15.8486061,3.79500008,0,,,2,1
138024516,0.150000006,0.622807026,,,0.572161138,0.346520126,0.250069588,0.36857146,15.8895121,3.79299974,0,,,2,1
138025677,0.150000006,0.620000005,,,0.49963367,0.306227088,0.258755922,0.351195216,15.8713312,3.79299974,0,,,2,1
138026840,0.150000006,0.567796588,,,0.539926708,0.410988986,0.268067449,0.335383594,15.8849669,3.79099989,0,,,2,1
138027967,0.150000006,0.637362659,,,0.46739924,0.26593405,0.268067449,0.335383594,15.8622417,3.79099989,0,,,2,1
138029097,0.150000006,0,,,0,0.894505441,0.268067449,0.335383594,15.7304344,3.78800011,0,,,2,1
138030229,0.150000006,0,,,0,0.918681264,0.268067449,0.335383594,15.7986107,3.78800011,0,,,2,1
138031359,0.150000006,0,,,0,0.789743543,0.268067449,0.335383594,15.784976,3.78600025,0,,,2,1
138032486,0.150000006,0,,,0,1.03956032,0.268067449,0.335383594,15.7804308,3.78600025,0,,,2,1
138033649,0.150000006,0,,,0,0.789743543,0.278074116,0.320934385,15.7804308,3.78399992,0,,,2,1
138034810,0.150000006,0,,,0,0.870329618,0.288856864,0.307678789,15.7667952,3.78399992,0,,,2,1
138035974,0.150000006,0,,,0,0.926739872,0.300509572,0.295474738,15.8122463,3.78199983,0,,,2,1
138037134,0.150000006,0,,,0,0.79780215,0.313141972,0.28420186,15.8077011,3.78199983,0,,,2,1
138038297,0.150000006,0,,,0,1.00732589,0.326883018,0.273757547,15.8031559,3.77900004,0,,,2,1
138039458,0.150000006,0,,,0,0.773626328,0.341885358,0.264053702,15.8122463,3.77900004,0,,,2,1
138040621,0.150000006,0,,,0,0.950915694,0.358331025,0.255014241,15.7940655,3.77700019,0,,,2,1
138041990,0.150000006,0,,,0,0.813919365,0.376438826,0.246573165,15.8395166,3.77700019,0,,,2,1
138043154,0.150000006,0,,,0,0.821977973,0.396474093,0.238673002,15.7804308,3.77400017,0,,,2,1
138044314,0.150000006,0,,,0,0.967032909,0.378761709,0.245586634,15.8486061,3.77400017,0,,,2,1
138045477,0.150000006,0,,,0,0.789743543,0.360435188,0.253959149,15.8122463,3.77199984,0,,,2,1
138046638,0.150000006,0,,,0,1.02344322,0.343800306,0.262922645,15.8122463,3.77199984,0,,,2,1
138047801,0.150000006,0,,,0,0.789743543,0.328633159,0.27254203,15.8167906,3.76999998,0,,,2,1
138048961,0.150000006,0,,,0,0.870329618,0.314747691,0.282892048,15.7804308,3.76999998,0,,,2,1
138050125,0.150000006,0,,,0,0.870329618,0.301988035,0.294059217,15.8304262,3.7670002,0,,,2,1
138051286,0.150000006,0,,,0,0.79780215,0.290222615,0.306144208,15.8077011,3.7670002,0,,,2,1
138052450,0.150000006,0,,,0,1.01538455,0.279339612,0.319265097,15.7940655,3.76499987,0,,,2,1
138053615,0.150000006,0,,,0,0.789743543,0.26924327,0.333561033,15.7804308,3.76499987,0,,,2,1
138054778,0.150000006,0,,,0,0.918681264,0.259851336,0.349197239,15.7622499,3.76299977,0,,,2,1
138055939,0.150000006,0,,,0,0.821977973,0.251092553,0.366371512,15.7895203,3.76299977,0,,,2,1
138057102,0.150000006,0,,,0,0.781684935,0.242904946,0.385322511,15.784976,3.75999999,0,,,2,1
138058263,0.150000006,0,,,0,0.950915694,0.235234469,0.406340957,15.7349796,3.75999999,0,,,2,1
138059426,0.150000006,0,,,0,0.773626328,0.228033587,0.429784715,15.7667952,3.75800014,0,,,2,1
138060586,0.150000006,0,,,0,0.926739872,0.221260473,0.456099272,15.6986198,3.75800014,0,,,2,1
138061749,0.150000006,0,,,0,0.846153796,0.214878097,0.485846341,15.7395248,3.75600004,0,,,2,1
138063114,0.150000006,0,,,0,0.79780215,0.208853617,0.519744396,15.680439,3.75600004,0,,,2,1
138064277,0.150000006,0,,,0,0.878388226,0.203157738,0.558727384,15.7395248,3.75299978,0,,,2,1
138065442,0.150000006,0.724770665,,,0.636629999,0.241758227,0.197764277,0.604032397,15.8849669,3.75299978,0,,,2,1
138066605,0.150000006,0.810344815,,,0.757509112,0.177289367,0.192649797,0.657332897,15.8940573,3.75099993,0,,,2,1
138067766,0.150000006,0.866666675,,,0.628571391,0.0967032909,0.193546951,0.647098124,15.8940573,3.75099993,0,,,2,1
138068929,0.150000006,0.863157868,,,0.660805821,0.104761899,0.198709831,0.595379233,15.8758764,3.74900007,0,,,2,1
138070089,0.150000006,0.875,,,0.73333329,0.104761899,0.204155698,0.551315665,15.907692,3.74900007,0,,,2,1
138071253,0.150000006,0.847826064,,,0.628571391,0.112820506,0.209908471,0.513324857,15.8895121,3.74599981,0,,,2,1
138072414,0.150000006,0.786324799,,,0.741391897,0.201465189,0.21599485,0.480232358,15.8940573,3.74599981,0,,,2,1
138073578,0.150000006,0.755813956,,,0.523809493,0.169230759,0.222444713,0.451148212,15.866787,3.74399996,0,,,2,1
138074739,0.150000006,0.653846145,,,0.547985315,0.290109873,0.229291648,0.425385714,15.8622417,3.74399996,0,,,2,1
138075902,0.150000006,0.676190495,,,0.572161138,0.273992658,0.236573473,0.402406573,15.8804216,3.74199986,0,,,2,1
138077068,0.150000006,0.652631581,,,0.49963367,0.26593405,0.244332969,0.38178283,15.8713312,3.74199986,0,,,2,1
138078231,0.150000006,0.61403507,,,0.56410253,0.354578733,0.25261876,0.363170028,15.8804216,3.73900008,0,,,2,1
138079392,0.150000006,0.630952358,,,0.427106202,0.249816835,0.261486232,0.346287668,15.866787,3.73900008,0,,,2,1
138080522,0.150000006,0.54954952,,,0.491575062,0.402930379,0.261486232,0.346287668,15.8622417,3.73700023,0,,,2,1
138081648,0.150000006,0,,,0,0.838095188,0.261486232,0.346287668,15.7758856,3.73700023,0,,,2,1
138082778,0.150000006,0,,,0,0.76556772,0.261486232,0.346287668,15.7895203,3.73500013,0,,,2,1
138084108,0.150000006,0,,,0,0.910622656,0.261486232,0.346287668,15.7713404,3.73500013,0,,,2,1
138085271,0.150000006,0,,,0,0.749450505,0.270998895,0.330905199,15.784976,3.73199987,0,,,2,1
138086432,0.150000006,0,,,0,0.918681264,0.281229824,0.316831201,15.7622499,3.73199987,0,,,2,1
138087600,0.150000006,0,,,0,0.821977973,0.292263538,0.303905547,15.8122463,3.73000002,0,,,2,1
138088761,0.150000006,0,,,0,0.862271011,0.304198444,0.291993201,15.8031559,3.73000002,0,,,2,1
138089924,0.150000006,0,,,0,0.967032909,0.31714955,0.280979514,15.7986107,3.72800016,0,,,2,1
138091084,0.150000006,0,,,0,0.813919365,0.331252486,0.270766467,15.825881,3.72800016,0,,,2,1
138092248,0.150000006,0,,,0,0.918681264,0.346668065,0.261269778,15.8031559,3.7249999,0,,,2,1
138093408,0.150000006,0,,,0,0.854212403,0.363588452,0.2524167,15.8395166,3.7249999,0,,,2,1
138094571,0.150000006,0,,,0,0.79780215,0.382245302,0.244143963,15.8167906,3.72299981,0,,,2,1
138095731,0.150000006,0,,,0,0.926739872,0.385442764,0.242857173,15.8213358,3.72299981,0,,,2,1
138096894,0.150000006,0,,,0,0.741391897,0.366480201,0.251041502,15.8440609,3.72099996,0,,,2,1
138098055,0.150000006,0,,,0,0.910622656,0.349295944,0.259796709,15.7895203,3.72099996,0,,,2,1
138099223,0.150000006,0,,,0,0.781684935,0.333651066,0.269184649,15.8395166,3.71800017,0,,,2,1
138100383,0.150000006,0,,,0,0.781684935,0.31934756,0.27927649,15.7940655,3.71800017,0,,,2,1
138101547,0.150000006,0,,,0,0.910622656,0.306220025,0.290154517,15.8122463,3.71600008,0,,,2,1
138102707,0.150000006,0,,,0,0.789743543,0.294129133,0.301914304,15.8213358,3.71600008,0,,,2,1
138103870,0.150000006,0,,,0,0.870329618,0.282956809,0.314667553,15.7667952,3.71399975,0,,,2,1
138105234,0.150000006,0,,,0,0.789743543,0.272602171,0.328545779,15.8077011,3.71399975,0,,,2,1
138106398,0.150000006,0,,,0,0.76556772,0.262978613,0.343704671,15.7486153,3.71099997,0,,,2,1
138107559,0.150000006,0,,,0,0.886446834,0.254011363,0.360330045,15.8031559,3.71099997,0,,,2,1
138108722,0.150000006,0,,,0,0.789743543,0.245635495,0.378645569,15.7758856,3.70900011,0,,,2,1
138109882,0.150000006,0,,,0,0.926739872,0.237794369,0.398922741,15.7622499,3.70900011,0,,,2,1
138111051,0.150000006,0,,,0,0.757509112,0.230438352,0.421494544,15.7758856,3.70599985,0,,,2,1
138112211,0.150000006,0,,,0,0.813919365,0.223523796,0.446773857,15.7167997,3.70599985,0,,,2,1
138113374,0.150000006,0,,,0,0.910622656,0.217012107,0.475278944,15.7622499,3.70399976,0,,,2,1
138114535,0.150000006,0,,,0,0.76556772,0.210869089,0.50766927,15.7258902,3.70399976,0,,,2,1
138115699,0.150000006,0,,,0,0.934798479,0.205064267,0.544797242,15.7031641,3.7019999,0,,,2,1
138116825,0.150000006,0.596491218,,,0.547985315,0.370695949,0.205064267,0.544797242,15.8758764,3.7019999,0,,,2,1
138117989,0.150000006,1,,,0.854212403,0,0.199570477,0.58778441,15.8213358,3.70000005,0,,,2,1
138119149,0.150000006,1,,,0.902564049,0,0.194363371,0.638136506,15.9031467,3.70000005,0,,,2,1
138120312,0.150000006,1,,,0.76556772,0,0.199570477,0.58778441,15.8849669,3.69700027,0,,,2,1
138121473,0.150000006,1,,,0.886446834,0,0.205064267,0.544797242,15.8713312,3.69700027,0,,,2,1
138122641,0.150000006,1,,,0.789743543,0,0.210869089,0.50766927,15.8895121,3.69500017,0,,,2,1
138123801,0.150000006,1,,,0.830036581,0,0.217012107,0.475278944,15.8349714,3.69500017,0,,,2,1
138124964,0.150000006,1,,,0.830036581,0,0.223523796,0.446773857,15.8622417,3.69299984,0,,,2,1
138126329,0.150000006,1,,,0.741391897,0,0.230438352,0.421494544,15.8440609,3.69299984,0,,,2,1
138127492,0.150000006,1,,,0.983150125,0,0.237794369,0.398922741,15.8486061,3.69000006,0,,,2,1
138128620,0.150000006,1,,,0.741391897,0,0.237794369,0.398922741,15.825881,3.69000006,0,,,2,1
138129749,0.150000006,0,,,0,0,0.237794369,0.398922741,15.1123075,3.6880002,0,,,2,1
138130875,0.150000006,0,,,0,0,0.237794369,0.398922741,14.3260126,3.6880002,0,,,2,1
138132004,0.150000006,0,,,0,0,0.237794369,0.398922741,13.5715342,3.68499994,0,,,2,1
138133131,0.150000006,0,,,0,0,0.237794369,0.398922741,12.7852392,3.68499994,0,,,2,1
138134265,0.150000006,0,,,0,0,0.237794369,0.398922741,12.0034895,3.68299985,0,,,2,1
138135391,0.150000006,0,,,0,0,0.237794369,0.398922741,11.0899334,3.68299985,0,,,2,1
138136520,0.150000006,0,,,0,0,0.237794369,0.398922741,10.1309271,3.68099999,0,,,2,1
138137647,0.150000006,0,,,0,0,0.237794369,0.398922741,9.19464588,3.68099999,0,,,2,1
138138776,0.150000006,0,,,0,0,0.237794369,0.398922741,8.19927883,3.67900014,0,,,2,1
138139903,0.150000006,0,,,0,2.03882766,0.237794369,0.398922741,8.27200031,3.67900014,0,,,2,1
138141033,0.150000006,0,,,0,2.23223424,0.237794369,0.398922741,9.19010067,3.67600012,0,,,2,1
138142159,0.150000006,0,,,0,2.02271056,0.237794369,0.398922741,10.0536613,3.67600012,0,,,2,1
138143289,0.150000006,0,,,0,1.73260069,0.237794369,0.398922741,10.9263115,3.67399979,0,,,2,1
138144416,0.150000006,0,,,0,1.32161164,0.237794369,0.398922741,11.8080521,3.67399979,0,,,2,1
138145550,0.150000006,0,,,0,1.44249082,0.237794369,0.398922741,12.6670675,3.67199993,0,,,2,1
138146881,0.150000006,0,,,0,1.24102557,0.237794369,0.398922741,13.6215296,3.67199993,0,,,2,1
138148011,0.150000006,0,,,0,1.78095222,0.237794369,0.398922741,14.3941889,3.66900015,0,,,2,1
138149138,0.150000006,0,,,0,1.51501822,0.237794369,0.398922741,15.2032089,3.66900015,0,,,2,1
138150301,0.150000006,0,,,0,1.18461537,0.245635495,0.378645569,15.6758938,3.66699982,0,,,2,1
138151461,0.150000006,0,,,0,0.902564049,0.254011363,0.360330045,15.825881,3.66699982,0,,,2,1
138152625,0.150000006,0,,,0,0.539926708,0.262978613,0.343704671,15.8713312,3.66499996,0,,,2,1
138153785,0.150000006,0,,,0,0.805860758,0.272602171,0.328545779,15.7713404,3.66499996,0,,,2,1
138154949,0.150000006,0,,,0,0.709157467,0.282956809,0.314667553,15.866787,3.66299987,0,,,2,1
138156110,0.150000006,0,,,0,0.668864429,0.294129133,0.301914304,15.8167906,3.66299987,0,,,2,1
138157277,0.150000006,0,,,0,0.910622656,0.306220025,0.290154487,15.8304262,3.66000009,0,,,2,1
138158438,0.150000006,0,,,0,0.701098859,0.31934759,0.27927649,15.8304262,3.66000009,0,,,2,1
138159601,0.150000006,0,,,0,0.958974302,0.333651096,0.269184649,15.784976,3.65800023,0,,,2,1
138160761,0.150000006,0,,,0,0.79780215,0.349295974,0.259796679,15.8440609,3.65800023,0,,,2,1
138161925,0.150000006,0,,,0,0.789743543,0.366480231,0.251041502,15.8213358,3.65600014,0,,,2,1
138163085,0.150000006,0,,,0,0.958974302,0.376707584,0.246458009,15.8440609,3.65600014,0,,,2,1
138164249,0.150000006,0,,,0,0.684981644,0.358574539,0.254891038,15.8213358,3.65299988,0,,,2,1
138165409,0.150000006,0,,,0,0.902564049,0.342107028,0.263921618,15.7986107,3.65299988,0,,,2,1
138166572,0.150000006,0,,,0,0.894505441,0.327085644,0.273615628,15.8486061,3.65100002,0,,,2,1
138167941,0.150000006,0,,,0,0.813919365,0.313327909,0.284048885,15.8167906,3.65100002,0,,,2,1
138169105,0.150000006,0,,,0,0.918681264,0.300680816,0.295309335,15.8122463,3.64800024,0,,,2,1
138170265,0.150000006,0,,,0,0.693040252,0.289015055,0.307499468,15.8122463,3.64800024,0,,,2,1
138171428,0.150000006,0,,,0,0.918681264,0.278220743,0.320739299,15.7713404,3.64599991,0,,,2,1
138172588,0.150000006,0,,,0,0.830036581,0.268203676,0.335170537,15.8213358,3.64599991,0,,,2,1
138173751,0.150000006,0,,,0,0.725274682,0.25888288,0.350961596,15.7940655,3.64399981,0,,,2,1
138174912,0.150000006,0,,,0,0.934798479,0.250188142,0.368314177,15.7895203,3.64399981,0,,,2,1
138176075,0.150000006,0,,,0,0.693040252,0.242058471,0.387471914,15.7940655,3.64100003,0,,,2,1
138177235,0.150000006,0,,,0,0.838095188,0.23444052,0.408731997,15.7258902,3.64100003,0,,,2,1
138178398,0.150000006,0,,,0,0.894505441,0.227287427,0.432460517,15.784976,3.63900018,0,,,2,1
138179563,0.150000006,0,,,0,0.76556772,0.220557913,0.459113926,15.7622499,3.63900018,0,,,2,1
138180727,0.150000006,0,,,0,0.886446834,0.214215428,0.489268512,15.7077093,3.63700008,0,,,2,1
138181887,0.150000006,0.535714269,,,0.483516455,0.419047594,0.20822753,0.523662686,15.8986015,3.63700008,0,,,2,1
138183050,0.150000006,0.806451619,,,0.604395568,0.145054936,0.202565283,0.563258111,15.8758764,3.63399982,0,,,2,1
138184210,0.150000006,0.835164845,,,0.612454176,0.120879114,0.20822753,0.523662686,15.8895121,3.63399982,0,,,2,1
138185374,0.150000006,0.788235307,,,0.539926708,0.145054936,0.214215428,0.489268512,15.907692,3.63199997,0,,,2,1
138186534,0.150000006,0.782608688,,,0.725274682,0.201465189,0.220557913,0.459113926,15.8895121,3.63199997,0,,,2,1
138187697,0.150000006,0.847058833,,,0.580219746,0.104761899,0.227287427,0.432460517,15.8940573,3.63000011,0,,,2,1
138189062,0.150000006,0.802083313,,,0.620512784,0.153113544,0.23444052,0.408731997,15.8713312,3.63000011,0,,,2,1
138190225,0.150000006,0.673684239,,,0.515750885,0.249816835,0.242058471,0.387471914,15.8713312,3.62699986,0,,,2,1
138191390,0.150000006,0.619565189,,,0.459340632,0.282051265,0.250188142,0.368314177,15.8895121,3.62699986,0,,,2,1
138192555,0.150000006,0.587719321,,,0.539926708,0.378754556,0.25888288,0.350961596,15.8758764,3.62499976,0,,,2,1
138193715,0.150000006,0.642857134,,,0.435164809,0.241758227,0.268203676,0.335170537,15.8804216,3.62499976,0,,,2,1
138194878,0.150000006,0.619565189,,,0.459340632,0.282051265,0.278220743,0.320739299,15.8804216,3.62299991,0,,,2,1
138196039,0.150000006,0.568807364,,,0.49963367,0.378754556,0.289015055,0.307499468,15.8895121,3.62299991,0,,,2,1
138197169,0.150000006,0.554216862,,,0.370695949,0.29816848,0.289015055,0.307499468,15.8713312,3.62000012,0,,,2,1
138198295,0.150000006,0,,,0,0.76556772,0.289015055,0.307499468,15.7531605,3.62000012,0,,,2,1
138199425,0.150000006,0,,,0,0.854212403,0.289015055,0.307499468,15.8304262,3.61800003,0,,,2,1
138200552,0.150000006,0,,,0,0.781684935,0.289015055,0.307499468,15.8167906,3.61800003,0,,,2,1
138201681,0.150000006,0,,,0,0.886446834,0.289015055,0.307499468,15.7804308,3.61600018,0,,,2,1
138202846,0.150000006,0,,,0,0.749450505,0.300680816,0.295309335,15.8213358,3.61600018,0,,,2,1
138204010,0.150000006,0,,,0,0.741391897,0.313327909,0.284048885,15.8122463,3.61399984,0,,,2,1
138205170,0.150000006,0,,,0,0.950915694,0.327085644,0.273615628,15.8213358,3.61399984,0,,,2,1
138206334,0.150000006,0,,,0,0.701098859,0.342107028,0.263921618,15.8122463,3.61100006,0,,,2,1
138207494,0.150000006,0,,,0,0.870329618,0.358574539,0.254891038,15.7895203,3.61100006,0,,,2,1
138208657,0.150000006,0,,,0,0.854212403,0.376707584,0.246458009,15.8622417,3.60900021,0,,,2,1
138210022,0.150000006,0,,,0,0.717216074,0.396772236,0.238565132,15.8304262,3.60900021,0,,,2,1
138211186,0.150000006,0,,,0,0.902564049,0.419094592,0.231162086,15.8531513,3.60599995,0,,,2,1
138212346,0.150000006,0,,,0,0.693040252,0.396772236,0.238565132,15.8531513,3.60599995,0,,,2,1
138213510,0.150000006,0,,,0,0.725274682,0.376707584,0.246458009,15.7986107,3.60399985,0,,,2,1
138214675,0.150000006,0,,,0,0.805860758,0.358574539,0.254891038,15.8622417,3.60399985,0,,,2,1
138215839,0.150000006,0,,,0,0.709157467,0.342107028,0.263921618,15.8395166,3.602,0,,,2,1
138216999,0.150000006,0,,,0,0.918681264,0.327085644,0.273615628,15.7940655,3.602,0,,,2,1
138218163,0.150000006,0,,,0,0.676923037,0.313327909,0.284048885,15.8440609,3.59900022,0,,,2,1
138219324,0.150000006,0,,,0,0.741391897,0.300680816,0.295309335,15.8122463,3.59900022,0,,,2,1
138220487,0.150000006,0,,,0,0.878388226,0.289015055,0.307499468,15.8077011,3.59700012,0,,,2,1
138221648,0.150000006,0,,,0,0.676923037,0.278220743,0.320739299,15.8031559,3.59700012,0,,,2,1
138222811,0.150000006,0,,,0,0.821977973,0.268203676,0.335170537,15.7667952,3.59499979,0,,,2,1
138223972,0.150000006,0,,,0,0.805860758,0.25888288,0.350961596,15.825881,3.59499979,0,,,2,1
138225135,0.150000006,0,,,0,0.701098859,0.250188142,0.368314177,15.7940655,3.59200001,0,,,2,1
138226300,0.150000006,0,,,0,0.846153796,0.242058471,0.387471914,15.7622499,3.59200001,0,,,2,1
138227464,0.150000006,0,,,0,0.725274682,0.23444052,0.408731997,15.8031559,3.59000015,0,,,2,1
138228624,0.150000006,0,,,0,0.73333329,0.227287427,0.432460517,15.7531605,3.59000015,0,,,2,1
138229787,0.150000006,0,,,0,0.830036581,0.220557913,0.459113926,15.7440701,3.58799982,0,,,2,1
138231152,0.150000006,0,,,0,0.73333329,0.214215428,0.489268512,15.7622499,3.58799982,0,,,2,1
138232315,0.150000006,0,,,0,0.862271011,0.20822753,0.523662686,15.6986198,3.5849998,0,,,2,1
138233442,0.150000006,0,,,0,0.741391897,0.20822753,0.523662686,15.7486153,3.5849998,0,,,2,1
138234572,0.150000006,1,,,0.991208732,0,0.20822753,0.523662686,15.866787,3.58299994,0,,,2,1
138235733,0.150000006,1,,,0.870329618,0,0.202565283,0.563258111,15.8940573,3.58299994,0,,,2,1
138236901,0.150000006,1,,,0.676923037,0,0.197202817,0.609331131,15.8758764,3.58100009,0,,,2,1
138238061,0.150000006,1,,,0.781684935,0,0.202565283,0.563258111,15.8395166,3.58100009,0,,,2,1
138239224,0.150000006,1,,,0.79780215,0,0.20822753,0.523662686,15.9031467,3.57800007,0,,,2,1
138240385,0.150000006,1,,,0.717216074,0,0.214215428,0.489268512,15.8895121,3.57800007,0,,,2,1
138241548,0.150000006,1,,,0.846153796,0,0.220557913,0.459113926,15.8576965,3.57599974,0,,,2,1
138242708,0.150000006,1,,,0.652747214,0,0.227287427,0.432460517,15.8576965,3.57599974,0,,,2,1
138243872,0.150000006,1,,,0.717216074,0,0.23444052,0.408731997,15.8440609,3.57399988,0,,,2,1
138245032,0.150000006,1,,,0.894505441,0,0.242058471,0.387471914,15.8576965,3.57399988,0,,,2,1
138246162,0.150000006,1,,,0.636629999,0,0.242058471,0.387471914,15.8349714,3.5710001,0,,,2,1
138247288,0.150000006,0,,,0,0,0.242058471,0.387471914,15.1713934,3.5710001,0,,,2,1
138248422,0.150000006,0,,,0,0,0.242058471,0.387471914,14.4396391,3.56900024,0,,,2,1
138249548,0.150000006,0,,,0,0,0.242058471,0.387471914,13.7487907,3.56900024,0,,,2,1
138250677,0.150000006,0,,,0,0,0.242058471,0.387471914,12.9943123,3.56699991,0,,,2,1
138252008,0.150000006,0,,,0,0,0.242058471,0.387471914,12.0671206,3.56699991,0,,,2,1
138253136,0.150000006,0,,,0,0,0.242058471,0.387471914,11.249011,3.56399989,0,,,2,1
138254263,0.150000006,0,,,0,0,0.242058471,0.387471914,10.3536348,3.56399989,0,,,2,1
138255392,0.150000006,0,,,0,0,0.242058471,0.387471914,9.44462395,3.56200004,0,,,2,1
138256518,0.150000006,0,,,0,0,0.242058471,0.387471914,8.49016285,3.56200004,0,,,2,1
138257648,0.150000006,0,,,0,1.71648335,0.242058471,0.387471914,8.29018021,3.56000018,0,,,2,1
138258775,0.150000006,0,,,0,2.36117196,0.242058471,0.387471914,9.20373631,3.56000018,0,,,2,1
138259909,0.150000006,0,,,0,2.01465178,0.242058471,0.387471914,10.108202,3.55800009,0,,,2,1
138261037,0.150000006,0,,,0,1.86153841,0.242058471,0.387471914,10.9763079,3.55800009,0,,,2,1
138262166,0.150000006,0,,,0,1.24908423,0.242058471,0.387471914,11.8716831,3.55499983,0,,,2,1
138263293,0.150000006,0,,,0,1.30549443,0.242058471,0.387471914,12.6625233,3.55499983,0,,,2,1
138264422,0.150000006,0,,,0,1.53113544,0.242058471,0.387471914,13.4942675,3.55299997,0,,,2,1
138265549,0.150000006,0,,,0,1.36190462,0.242058471,0.387471914,14.3396482,3.55299997,0,,,2,1
138266712,0.150000006,0,,,0,1.74871778,0.250188142,0.368314177,15.0941277,3.55100012,0,,,2,1
138267873,0.150000006,0,,,0,1.24102557,0.25888288,0.350961596,15.7895203,3.55100012,0,,,2,1
138269036,0.150000006,0,,,0,0.612454176,0.268203676,0.335170537,15.7758856,3.54900026,0,,,2,1
138270196,0.150000006,0,,,0,0.757509112,0.278220743,0.320739299,15.8486061,3.54900026,0,,,2,1
138271364,0.150000006,0,,,0,0.49963367,0.289015055,0.307499468,15.8804216,3.54599977,0,,,2,1
138272525,0.150000006,0,,,0,0.789743543,0.300680816,0.295309335,15.8122463,3.54599977,0,,,2,1
138273892,0.150000006,0,,,0,0.668864429,0.313327909,0.284048885,15.8713312,3.54399991,0,,,2,1
138275052,0.150000006,0,,,0,0.73333329,0.327085644,0.273615628,15.8349714,3.54399991,0,,,2,1
138276215,0.150000006,0,,,0,0.846153796,0.342107028,0.263921618,15.8486061,3.54100013,0,,,2,1
138277376,0.150000006,0,,,0,0.612454176,0.358574539,0.254891038,15.8167906,3.54100013,0,,,2,1
138278539,0.150000006,0,,,0,0.838095188,0.376707584,0.246458009,15.7895203,3.53900003,0,,,2,1
138279699,0.150000006,0,,,0,0.781684935,0.368666857,0.25002569,15.8622417,3.53900003,0,,,2,1
138280862,0.150000006,0.0111111114,,,0.00805860758,0.717216074,0.351281792,0.258708954,15.8349714,3.53700018,0,,,2,1
138282023,0.150000006,0,,,0,0.942857087,0.33546254,0.268017024,15.8077011,3.53700018,0,,,2,1
138283191,0.150000006,0,,,0,0.676923037,0.321006656,0.278019875,15.8440609,3.53399992,0,,,2,1
138284351,0.150000006,0,,,0,0.73333329,0.307745188,0.288798362,15.8167906,3.53399992,0,,,2,1
138285514,0.150000006,0,,,0,0.894505441,0.295535982,0.300446212,15.8213358,3.53200006,0,,,2,1
138286674,0.150000006,0,,,0,0.652747214,0.284258544,0.313073158,15.825881,3.53200006,0,,,2,1
138287837,0.150000006,0,,,0,0.773626328,0.273810178,0.326808035,15.7577057,3.53000021,0,,,2,1
138288997,0.150000006,0,,,0,0.813919365,0.264102668,0.341803312,15.8122463,3.53000021,0,,,2,1
138290161,0.150000006,0,,,0,0.668864429,0.255059898,0.358240873,15.8122463,3.52699995,0,,,2,1
138291321,0.150000006,0,,,0,0.870329618,0.246615887,0.376339287,15.7713404,3.52699995,0,,,2,1
138292484,0.150000006,0,,,0,0.741391897,0.238713056,0.396363676,15.8077011,3.52499986,0,,,2,1
138293848,0.150000006,0,,,0,0.709157467,0.231300995,0.418638736,15.7667952,3.52499986,0,,,2,1
138295016,0.150000006,0,,,0,0.878388226,0.224335343,0.443566531,15.7667952,3.523,0,,,2,1
138296177,0.150000006,0,,,0,0.628571391,0.217776984,0.471650928,15.7758856,3.523,0,,,2,1
138297340,0.150000006,0,,,0,0.701098859,0.211591199,0.503532052,15.7167997,3.52000022,0,,,2,1
138298501,0.150000006,0.660194159,,,0.547985315,0.282051265,0.205747098,0.540035605,15.9031467,3.52000022,0,,,2,1
138299664,0.150000006,0.778947353,,,0.596336961,0.169230759,0.200217158,0.582245529,15.9122372,3.51800013,0,,,2,1
138300825,0.150000006,0.830357134,,,0.749450505,0.153113544,0.205260754,0.543415129,15.8940573,3.51800013,0,,,2,1
138301988,0.150000006,0.888888896,,,0.580219746,0.0725274682,0.211076871,0.506468892,15.9031467,3.51599979,0,,,2,1
138303149,0.150000006,0.848101258,,,0.539926708,0.0967032909,0.217232183,0.474226713,15.8986015,3.51599979,0,,,2,1
138304313,0.150000006,0.764705896,,,0.628571391,0.193406582,0.223757282,0.445843965,15.9031467,3.51300001,0,,,2,1
138305473,0.150000006,0.800000012,,,0.515750885,0.128937721,0.230686516,0.420666784,15.9122372,3.51300001,0,,,2,1
138306642,0.150000006,0.685393274,,,0.491575062,0.225641012,0.238058627,0.39818117,15.866787,3.51100016,0,,,2,1
138307802,0.150000006,0.666666687,,,0.515750885,0.257875443,0.245917484,0.377977401,15.8758764,3.51100016,0,,,2,1
138308965,0.150000006,0.581081092,,,0.346520126,0.249816835,0.254312932,0.359724909,15.8758764,3.50899982,0,,,2,1
138310126,0.150000006,0.560000002,,,0.451282024,0.354578733,0.263301849,0.343154043,15.866787,3.50899982,0,,,2,1
138311289,0.150000006,0.615384638,,,0.451282024,0.282051265,0.272949517,0.328042626,15.8986015,3.5059998,0,,,2,1
138312450,0.150000006,0.547368407,,,0.419047594,0.346520126,0.283331066,0.314206004,15.8849669,3.5059998,0,,,2,1
138313613,0.150000006,0.566037714,,,0.483516455,0.370695949,0.294533551,0.301489353,15.8713312,3.50399995,0,,,2,1
138314944,0.150000006,0.474226803,,,0.370695949,0.410988986,0.294533551,0.301489353,15.8940573,3.50399995,0,,,2,1
138316073,0.150000006,0,,,0,0.717216074,0.294533551,0.301489353,15.7986107,3.50100017,0,,,2,1
138317211,0.150000006,0,,,0,0.838095188,0.294533551,0.301489353,15.8304262,3.50100017,0,,,2,1
138318342,0.150000006,0,,,0,0.628571391,0.294533551,0.301489353,15.825881,3.49900007,0,,,2,1
138319468,0.150000006,0,,,0,0.773626328,0.294533551,0.301489353,15.7622499,3.49900007,0,,,2,1
138320632,0.150000006,0,,,0,0.781684935,0.306658417,0.28976205,15.8213358,3.49699974,0,,,2,1
138321792,0.150000006,0,,,0,0.660805821,0.319824398,0.278912872,15.8167906,3.49699974,0,,,2,1
138322955,0.150000006,0,,,0,0.838095188,0.334171593,0.26884678,15.8077011,3.49499989,0,,,2,1
138324116,0.150000006,0,,,0,0.76556772,0.34986648,0.259481996,15.866787,3.49499989,0,,,2,1
138325279,0.150000006,0,,,0,0.709157467,0.367108315,0.250747651,15.8349714,3.4920001,0,,,2,1
138326439,0.150000006,0,,,0,0.862271011,0.386137605,0.242582157,15.8213358,3.4920001,0,,,2,1
138327603,0.150000006,0,,,0,0.652747214,0.407247543,0.234931707,15.8622417,3.49000025,0,,,2,1
138328768,0.150000006,0,,,0,0.693040252,0.396583319,0.238633469,15.8440609,3.49000025,0,,,2,1
138329931,0.150000006,0,,,0,0.846153796,0.376537263,0.24653098,15.8531513,3.48799992,0,,,2,1
138331091,0.150000006,0,,,0,0.612454176,0.358420253,0.25496909,15.8531513,3.48799992,0,,,2,1
138332255,0.150000006,0,,,0,0.693040252,0.341966569,0.264005303,15.8031559,3.4849999,0,,,2,1
138333415,0.150000006,0,,,0,0.773626328,0.326957256,0.273705542,15.825881,3.4849999,0,,,2,1
138334578,0.150000006,0,,,0,0.636629999,0.3132101,0.284145802,15.825881,3.48300004,0,,,2,1
138335943,0.150000006,0,,,0,0.830036581,0.300572306,0.29541415,15.8031559,3.48300004,0,,,2,1
138337106,0.150000006,0,,,0,0.701098859,0.2889148,0.307613045,15.8440609,3.48000026,0,,,2,1
138338267,0.150000006,0,,,0,0.676923037,0.278127819,0.320862859,15.7940655,3.48000026,0,,,2,1
138339431,0.150000006,0,,,0,0.870329618,0.268117338,0.335305482,15.8077011,3.47800016,0,,,2,1
138340596,0.150000006,0,,,0,0.668864429,0.258802414,0.351109564,15.8349714,3.47800016,0,,,2,1
138341759,0.150000006,0,,,0,0.725274682,0.25011301,0.368477136,15.7986107,3.47599983,0,,,2,1
138342920,0.150000006,0,,,0,0.789743543,0.241988137,0.387652278,15.7940655,3.47599983,0,,,2,1
138344083,0.150000006,0,,,0,0.636629999,0.234374538,0.408932686,15.7895203,3.47300005,0,,,2,1
138345243,0.150000006,0,,,0,0.709157467,0.227225408,0.432685196,15.7395248,3.47300005,0,,,2,1
138346406,0.150000006,0,,,0,0.76556772,0.220499516,0.459367156,15.7758856,3.47100019,0,,,2,1
138347567,0.150000006,0,,,0,0.668864429,0.214160338,0.489556104,15.784976,3.47100019,0,,,2,1
138348696,0.150000006,0,,,0,0.76556772,0.214160338,0.489556104,15.7258902,3.46899986,0,,,2,1
138349823,0.150000006,0,,,0,0,0.214160338,0.489556104,15.1350327,3.46899986,0,,,2,1
138350953,0.150000006,1,,,1.35384607,0,0.214160338,0.489556104,15.2395687,3.46699977,0,,,2,1
138352085,0.150000006,1,,,1.53113544,0,0.214160338,0.489556104,15.8713312,3.46699977,0,,,2,1
138353249,0.150000006,1,,,0.717216074,0,0.20817548,0.523992121,15.8713312,3.46399999,0,,,2,1
138354409,0.150000006,1,,,0.870329618,0,0.209266961,0.517202139,15.8895121,3.46399999,0,,,2,1
138355573,0.150000006,1,,,0.620512784,0,0.215315655,0.48362419,15.8940573,3.46200013,0,,,2,1
138356937,0.150000006,1,,,0.709157467,0,0.221724436,0.454140365,15.8849669,3.46200013,0,,,2,1
138358101,0.150000006,1,,,0.701098859,0,0.228526413,0.428044885,15.866787,3.45900011,0,,,2,1
138359261,0.150000006,1,,,0.717216074,0,0.235758945,0.404785424,15.8804216,3.45900011,0,,,2,1
138360425,0.150000006,1,,,0.620512784,0,0.243464246,0.383923441,15.8395166,3.45699978,0,,,2,1
138361586,0.150000006,1,,,0.749450505,0,0.251690209,0.365106463,15.825881,3.45699978,0,,,2,1
138362716,0.150000006,1,,,0.741391897,0,0.251690209,0.365106463,15.8713312,3.45499992,0,,,2,1
138363848,0.150000006,0,,,0,0,0.251690209,0.365106463,15.307745,3.45499992,0,,,2,1
138364978,0.150000006,0,,,0,0,0.251690209,0.365106463,14.5714455,3.45300007,0,,,2,1
138366104,0.150000006,0,,,0,0,0.251690209,0.365106463,13.8896875,3.45300007,0,,,2,1
138367233,0.150000006,0,,,0,0,0.251690209,0.365106463,13.2261095,3.44999981,0,,,2,1
138368359,0.150000006,0,,,0,0,0.251690209,0.365106463,12.4898109,3.44999981,0,,,2,1
138369489,0.150000006,0,,,0,0,0.251690209,0.365106463,11.7353315,3.44799995,0,,,2,1
138370615,0.150000006,0,,,0,0,0.251690209,0.365106463,10.9263115,3.44799995,0,,,2,1
138371744,0.150000006,0,,,0,0,0.251690209,0.365106463,10.0400267,3.44599986,0,,,2,1
138372871,0.150000006,0,,,0,0,0.251690209,0.365106463,9.19919109,3.44599986,0,,,2,1
138374000,0.150000006,0,,,0,0,0.251690209,0.365106463,8.35381126,3.44400001,0,,,2,1
138375132,0.150000006,0,,,0,1.89377284,0.251690209,0.365106463,8.31745052,3.44400001,0,,,2,1
138376261,0.150000006,0,,,0,2.09523797,0.251690209,0.365106463,9.21282578,3.44100022,0,,,2,1
138377388,0.150000006,0,,,0,1.72454202,0.251690209,0.365106463,10.0945673,3.44100022,0,,,2,1
138378722,0.150000006,0,,,0,1.56336987,0.251690209,0.365106463,11.1172047,3.43900013,0,,,2,1
138379848,0.150000006,0,,,0,0.99926734,0.251690209,0.365106463,12.0216703,3.43900013,0,,,2,1
138380978,0.150000006,0,,,0,1.28131866,0.251690209,0.365106463,12.7988749,3.4369998,0,,,2,1
138382105,0.150000006,0,,,0,1.42637348,0.251690209,0.365106463,13.6533451,3.4369998,0,,,2,1
138383268,0.150000006,0,,,0,1.26520133,0.26049149,0.348047823,14.480545,3.43400002,0,,,2,1
138384428,0.150000006,0,,,0,1.8051281,0.269930601,0.332512081,15.2350235,3.43400002,0,,,2,1
138385596,0.150000006,0,,,0,1.12820506,0.280079514,0.318304002,15.8713312,3.43200016,0,,,2,1
138386756,0.150000006,0,,,0,0.483516455,0.291021407,0.30526039,15.8713312,3.43200016,0,,,2,1
138387920,0.150000006,0,,,0,0.838095188,0.302852988,0.293243647,15.8304262,3.42999983,0,,,2,1
138389080,0.150000006,0,,,0,0.539926708,0.315687388,0.282137215,15.8986015,3.42999983,0,,,2,1
138390243,0.150000006,0,,,0,0.676923037,0.329657733,0.271841377,15.8395166,3.42699981,0,,,2,1
138391403,0.150000006,0,,,0,0.830036581,0.344921798,0.26227051,15.8395166,3.42699981,0,,,2,1
138392567,0.150000006,0,,,0,0.604395568,0.36166802,0.253350645,15.8804216,3.42499995,0,,,2,1
138393727,0.150000006,0,,,0,0.644688606,0.380123317,0.245017558,15.825881,3.42499995,0,,,2,1
138394890,0.150000006,0,,,0,0.846153796,0.395289332,0.239104435,15.8486061,3.4230001,0,,,2,1
138396050,0.150000006,0,,,0,0.572161138,0.375370592,0.247033656,15.866787,3.4230001,0,,,2,1
138397218,0.150000006,0,,,0,0.709157467,0.357362986,0.255506814,15.8304262,3.42000008,0,,,2,1
138398378,0.150000006,0,,,0,0.789743543,0.341004044,0.264581859,15.8622417,3.42000008,0,,,2,1
138399746,0.150000006,0,,,0,0.588278353,0.326077253,0.274325281,15.825881,3.41799974,0,,,2,1
138400906,0.150000006,0,,,0,0.741391897,0.312402427,0.284813792,15.7986107,3.41799974,0,,,2,1
138402069,0.150000006,0,,,0,0.741391897,0.29982841,0.29613623,15.8576965,3.41499996,0,,,2,1
138403230,0.150000006,0,,,0,0.693040252,0.288227469,0.308396101,15.8304262,3.41499996,0,,,2,1
138404393,0.150000006,0,,,0,0.862271011,0.277490795,0.321714938,15.8031559,3.41300011,0,,,2,1
138405554,0.150000006,0,,,0,0.701098859,0.267525285,0.336236089,15.8576965,3.41300011,0,,,2,1
138406717,0.150000006,0,,,0,0.668864429,0.258250743,0.352130085,15.8167906,3.41100025,0,,,2,1
138407877,0.150000006,0,,,0,0.805860758,0.249597728,0.369601279,15.784976,3.41100025,0,,,2,1
138409045,0.150000006,0,,,0,0.612454176,0.241505757,0.388896644,15.8167906,3.40799975,0,,,2,1
138410205,0.150000006,0,,,0,0.652747214,0.233922005,0.410317659,15.7804308,3.40799975,0,,,2,1
138411369,0.150000006,0,,,0,0.781684935,0.226800039,0.43423605,15.7622499,3.4059999,0,,,2,1
138412529,0.150000006,0,,,0,0.644688606,0.220098928,0.461115569,15.7940655,3.4059999,0,,,2,1
138413693,0.150000006,0,,,0,0.676923037,0.21378243,0.491542399,15.7667952,3.40400004,0,,,2,1
138414853,0.150000006,0.575221241,,,0.523809493,0.386813164,0.207818374,0.526268303,15.9031467,3.40400004,0,,,2,1
138416016,0.150000006,0.83544302,,,0.5318681,0.104761899,0.202178061,0.566273808,15.9122372,3.40200019,0,,,2,1
138417177,0.150000006,0.850574732,,,0.596336961,0.104761899,0.198749304,0.595025182,15.8986015,3.40200019,0,,,2,1
138418340,0.150000006,0.882352948,,,0.604395568,0.0805860758,0.204197347,0.551012039,15.907692,3.39900017,0,,,2,1
138419500,0.150000006,0.911764681,,,0.49963367,0.0483516455,0.209952503,0.513061643,15.9031467,3.39900017,0,,,2,1
138420872,0.150000006,0.739130437,,,0.547985315,0.193406582,0.216041476,0.480001986,15.8940573,3.39699984,0,,,2,1
138422033,0.150000006,0.819277108,,,0.547985315,0.120879114,0.222494185,0.450944901,15.9167824,3.39699984,0,,,2,1
138423196,0.150000006,0.68235296,,,0.46739924,0.217582405,0.229344204,0.425204962,15.8895121,3.39400005,0,,,2,1
138424356,0.150000006,0.676470578,,,0.556043923,0.26593405,0.236629412,0.402244806,15.8849669,3.39400005,0,,,2,1
138425520,0.150000006,0.647058845,,,0.443223417,0.241758227,0.244392648,0.381637245,15.907692,3.3920002,0,,,2,1
138426680,0.150000006,0.646341443,,,0.427106202,0.23369962,0.252682537,0.363038272,15.8895121,3.3920002,0,,,2,1
138427844,0.150000006,0.613861382,,,0.49963367,0.314285696,0.261554599,0.346167892,15.8804216,3.38999987,0,,,2,1
138429004,0.150000006,0.611111104,,,0.354578733,0.225641012,0.271072328,0.330795795,15.8895121,3.38999987,0,,,2,1
138430168,0.150000006,0.602564096,,,0.378754556,0.249816835,0.281308889,0.316730917,15.8804216,3.38699985,0,,,2,1
138431295,0.150000006,0.542553186,,,0.410988986,0.346520126,0.281308889,0.316730917,15.8713312,3.38699985,0,,,2,1
138432429,0.150000006,0,,,0,0.604395568,0.281308889,0.316730917,15.8122463,3.38499999,0,,,2,1
138433556,0.150000006,0,,,0,0.644688606,0.281308889,0.316730917,15.8077011,3.38499999,0,,,2,1
138434685,0.150000006,0,,,0,0.789743543,0.281308889,0.316730917,15.7986107,3.38300014,0,,,2,1
138435846,0.150000006,0,,,0,0.604395568,0.292348921,0.303813279,15.8304262,3.38300014,0,,,2,1
138437010,0.150000006,0,,,0,0.668864429,0.30429095,0.291908026,15.8213358,3.38100004,0,,,2,1
138438170,0.150000006,0,,,0,0.813919365,0.317250103,0.280900627,15.8213358,3.38100004,0,,,2,1
138439333,0.150000006,0,,,0,0.612454176,0.331362188,0.270693213,15.8531513,3.37799978,0,,,2,1
138440494,0.150000006,0,,,0,0.668864429,0.346788198,0.26120159,15.8349714,3.37799978,0,,,2,1
138441861,0.150000006,0,,,0,0.76556772,0.363720596,0.252353042,15.8486061,3.37599993,0,,,2,1
138443022,0.150000006,0,,,0,0.56410253,0.382391393,0.244084403,15.8395166,3.37599993,0,,,2,1
138444190,0.150000006,0,,,0,0.676923037,0.403082728,0.236340433,15.8077011,3.37300014,0,,,2,1
138445350,0.150000006,0,,,0,0.781684935,0.382391393,0.244084403,15.8486061,3.37300014,0,,,2,1
138446514,0.150000006,0,,,0,0.588278353,0.363720596,0.252353042,15.8349714,3.37099981,0,,,2,1
138447674,0.150000006,0,,,0,0.684981644,0.346788198,0.26120159,15.8077011,3.37099981,0,,,2,1
138448837,0.150000006,0,,,0,0.73333329,0.331362188,0.270693213,15.8486061,3.36899996,0,,,2,1
138449997,0.150000006,0,,,0,0.652747214,0.317250103,0.280900627,15.8395166,3.36899996,0,,,2,1
138451160,0.150000006,0,,,0,0.749450505,0.30429095,0.291908026,15.8031559,3.36599994,0,,,2,1
138452321,0.150000006,0,,,0,0.717216074,0.292348921,0.303813279,15.8622417,3.36599994,0,,,2,1
138453484,0.150000006,0,,,0,0.668864429,0.281308889,0.316730917,15.8395166,3.36400008,0,,,2,1
138454644,0.150000006,0,,,0,0.76556772,0.271072328,0.330795795,15.8031559,3.36400008,0,,,2,1
138455813,0.150000006,0,,,0,0.701098859,0.261554599,0.346167892,15.8531513,3.36200023,0,,,2,1
138456973,0.150000006,0,,,0,0.660805821,0.252682537,0.363038272,15.8213358,3.36200023,0,,,2,1
138458136,0.150000006,0,,,0,0.76556772,0.244392648,0.381637245,15.784976,3.35900021,0,,,2,1
138459296,0.150000006,0,,,0,0.644688606,0.236629412,0.402244806,15.8304262,3.35900021,0,,,2,1
138460459,0.150000006,0,,,0,0.620512784,0.229344204,0.425204962,15.7940655,3.35699987,0,,,2,1
138461824,0.150000006,0,,,0,0.789743543,0.222494185,0.450944901,15.7667952,3.35699987,0,,,2,1
138462955,0.150000006,0,,,0,0.604395568,0.222494185,0.450944901,15.7940655,3.35500002,0,,,2,1
138464081,0.150000006,0,,,0,0,0.222494185,0.450944901,15.2168436,3.35500002,0,,,2,1
138465210,0.150000006,1,,,0.00805860758,0,0.222494185,0.450944901,14.6259861,3.35200024,0,,,2,1
138466342,0.150000006,1,,,1.49890101,0,0.222494185,0.450944901,15.3713751,3.35200024,0,,,2,1
138467505,0.150000006,1,,,1.09597063,0,0.216041476,0.480001986,15.8940573,3.3499999,0,,,2,1
138468666,0.150000006,1,,,0.773626328,0,0.209952503,0.513061643,15.8804216,3.3499999,0,,,2,1
138469829,0.150000006,1,,,0.604395568,0,0.209331661,0.516807318,15.9167824,3.34799981,0,,,2,1
138470989,0.150000006,1,,,0.556043923,0,0.215384156,0.48327899,15.9031467,3.34799981,0,,,2,1
138472153,0.150000006,1,,,0.717216074,0,0.221797064,0.453835934,15.9031467,3.34500003,0,,,2,1
138473314,0.150000006,1,,,0.588278353,0,0.228603572,0.427774429,15.907692,3.34500003,0,,,2,1
138474477,0.150000006,1,,,0.684981644,0,0.235841081,0.404543549,15.8849669,3.34300017,0,,,2,1
138475638,0.150000006,1,,,0.741391897,0,0.243551821,0.383705854,15.866787,3.34300017,0,,,2,1
138476801,0.150000006,1,,,0.628571391,0,0.251783818,0.364909679,15.8622417,3.34100008,0,,,2,1
138477933,0.150000006,1,,,0.701098859,0,0.251783818,0.364909679,15.8395166,3.34100008,0,,,2,1
138479062,0.150000006,0,,,0,0,0.251783818,0.364909679,15.2304792,3.33799982,0,,,2,1
138480188,0.150000006,0,,,0,0,0.251783818,0.364909679,14.6396217,3.33799982,0,,,2,1
138481317,0.150000006,0,,,0,0,0.251783818,0.364909679,14.0260391,3.33599997,0,,,2,1
138482444,0.150000006,0,,,0,0,0.251783818,0.364909679,13.339736,3.33599997,0,,,2,1
138483777,0.150000006,0,,,0,0,0.251783818,0.364909679,12.4989004,3.33400011,0,,,2,1
138484903,0.150000006,0,,,0,0,0.251783818,0.364909679,11.7535114,3.33400011,0,,,2,1
138486032,0.150000006,0,,,0,0,0.251783818,0.364909679,10.999033,3.33099985,0,,,2,1
138487158,0.150000006,0,,,0,0,0.251783818,0.364909679,10.253644,3.33099985,0,,,2,1
138488287,0.150000006,0,,,0,0,0.251783818,0.364909679,9.45371437,3.32899976,0,,,2,1
138489418,0.150000006,0,,,0,0,0.251783818,0.364909679,8.57651806,3.32899976,0,,,2,1
138490548,0.150000006,0,,,0,2.23223424,0.251783818,0.364909679,9.1810112,3.3269999,0,,,2,1
138491675,0.150000006,0,,,0,1.9179486,0.251783818,0.364909679,10.1127472,3.3269999,0,,,2,1
138492805,0.150000006,0,,,0,1.70036626,0.251783818,0.364909679,10.9853973,3.32500005,0,,,2,1
138493931,0.150000006,0,,,0,1.49890101,0.251783818,0.364909679,11.8671379,3.32500005,0,,,2,1
138495061,0.150000006,0,,,0,1.14432228,0.251783818,0.364909679,12.7261534,3.32200027,0,,,2,1
138496187,0.150000006,0,,,0,1.50695968,0.251783818,0.364909679,13.5215378,3.32200027,0,,,2,1
138497351,0.150000006,0,,,0,1.60366297,0.260591745,0.347869009,14.3441935,3.32000017,0,,,2,1
138498511,0.150000006,0,,,0,1.36996329,0.270038277,0.332348853,15.1804829,3.32000017,0,,,2,1
138499675,0.150000006,0,,,0,1.27326,0.280195415,0.318154424,15.7804308,3.31799984,0,,,2,1
138500840,0.150000006,0,,,0,0.596336961,0.291146547,0.305122823,15.8940573,3.31799984,0,,,2,1
138502003,0.150000006,0,,,0,0.483516455,0.302988529,0.293116719,15.8804216,3.31599998,0,,,2,1
138503163,0.150000006,0,,,0,0.676923037,0.315834641,0.282019705,15.8713312,3.31599998,0,,,2,1
138504530,0.150000006,0,,,0,0.572161138,0.329818308,0.271732271,15.8758764,3.3130002,0,,,2,1
138505691,0.150000006,0,,,0,0.644688606,0.345097601,0.262168944,15.8349714,3.3130002,0,,,2,1
138506854,0.150000006,0,,,0,0.725274682,0.361861318,0.253255874,15.8849669,3.31099987,0,,,2,1
138508014,0.150000006,0,,,0,0.483516455,0.380336851,0.244928926,15.8440609,3.31099987,0,,,2,1
138509177,0.150000006,0,,,0,0.701098859,0.387183815,0.242171079,15.8304262,3.30799985,0,,,2,1
138510338,0.150000006,0,,,0,0.709157467,0.368053824,0.250308424,15.8622417,3.30799985,0,,,2,1
138511501,0.150000006,0,,,0,0.556043923,0.350725174,0.259011656,15.8349714,3.30599999,0,,,2,1
138512666,0.150000006,0,,,0,0.693040252,0.334954888,0.268341959,15.8167906,3.30599999,0,,,2,1
138513829,0.150000006,0,,,0,0.668864429,0.320541769,0.278369576,15.8531513,3.30400014,0,,,2,1
138514990,0.150000006,0,,,0,0.49963367,0.307317913,0.289175659,15.8304262,3.30400014,0,,,2,1
138516153,0.150000006,0,,,0,0.660805821,0.295141876,0.300854623,15.8077011,3.30100012,0,,,2,1
138517313,0.150000006,0,,,0,0.684981644,0.283893943,0.313516647,15.8395166,3.30100012,0,,,2,1
138518476,0.150000006,0,,,0,0.547985315,0.273471862,0.32729128,15.8122463,3.29899979,0,,,2,1
138519636,0.150000006,0,,,0,0.668864429,0.263787895,0.342331976,15.784976,3.29899979,0,,,2,1
138520800,0.150000006,0,,,0,0.684981644,0.254766315,0.35882163,15.8167906,3.29699993,0,,,2,1
138521960,0.150000006,0,,,0,0.547985315,0.246341407,0.376980275,15.7986107,3.29699993,0,,,2,1
138523124,0.150000006,0,,,0,0.628571391,0.238455877,0.397074759,15.7622499,3.29400015,0,,,2,1
138524289,0.150000006,0,,,0,0.701098859,0.231059521,0.419432074,15.7986107,3.29400015,0,,,2,1
138525656,0.150000006,0,,,0,0.612454176,0.224108204,0.444457263,15.7940655,3.29199982,0,,,2,1
138526816,0.150000006,0,,,0,0.725274682,0.217562914,0.472658157,15.7486153,3.29199982,0,,,2,1
138527980,0.150000006,0,,,0,0.684981644,0.211389109,0.504680216,15.7986107,3.28999996,0,,,2,1
138529140,0.150000006,0.670588255,,,0.459340632,0.225641012,0.20555602,0.541356504,15.907692,3.28999996,0,,,2,1
138530304,0.150000006,0.777777791,,,0.56410253,0.161172152,0.200036213,0.583781242,15.9031467,3.28699994,0,,,2,1
138531464,0.150000006,0.857142866,,,0.5318681,0.0886446834,0.194805086,0.633420825,15.9258718,3.28699994,0,,,2,1
138532628,0.150000006,0.888888896,,,0.515750885,0.0644688606,0.200036213,0.583781242,15.9122372,3.28500009,0,,,2,1
138533788,0.150000006,0.842696607,,,0.604395568,0.112820506,0.20555602,0.541356504,15.9031467,3.28500009,0,,,2,1
138534956,0.150000006,0.868421078,,,0.5318681,0.0805860758,0.211389109,0.504680216,15.9213276,3.28300023,0,,,2,1
138536117,0.150000006,0.844155848,,,0.523809493,0.0967032909,0.217562914,0.472658157,15.9122372,3.28300023,0,,,2,1
138537280,0.150000006,0.674418628,,,0.46739924,0.225641012,0.224108204,0.444457263,15.8849669,3.27999973,0,,,2,1
138538440,0.150000006,0.693333328,,,0.419047594,0.185347974,0.231059521,0.419432074,15.8986015,3.27999973,0,,,2,1
138539604,0.150000006,0.639999986,,,0.386813164,0.217582405,0.238455877,0.397074759,15.8895121,3.27799988,0,,,2,1
138540765,0.150000006,0.602150559,,,0.451282024,0.29816848,0.246341407,0.376980275,15.8804216,3.27799988,0,,,2,1
138541928,0.150000006,0.621621609,,,0.370695949,0.225641012,0.254766315,0.35882163,15.8986015,3.27600002,0,,,2,1
138543089,0.150000006,0.583333313,,,0.338461518,0.241758227,0.263787895,0.342331976,15.8940573,3.27600002,0,,,2,1
138544252,0.150000006,0.552941203,,,0.378754556,0.306227088,0.273471862,0.32729128,15.8804216,3.27300024,0,,,2,1
138545413,0.150000006,0.560000002,,,0.338461518,0.26593405,0.283893943,0.313516647,15.8986015,3.27300024,0,,,2,1
138546785,0.150000006,0.547619045,,,0.370695949,0.306227088,0.295141876,0.300854623,15.8986015,3.27099991,0,,,2,1
138547913,0.150000006,0.515789449,,,0.394871771,0.370695949,0.295141876,0.300854623,15.8895121,3.27099991,0,,,2,1
138549042,0.150000006,0,,,0,0.628571391,0.295141876,0.300854623,15.8440609,3.26799989,0,,,2,1
138550169,0.150000006,0,,,0,0.652747214,0.295141876,0.300854623,15.8440609,3.26799989,0,,,2,1
138551299,0.150000006,0,,,0,0.676923037,0.295141876,0.300854623,15.8122463,3.26600003,0,,,2,1
138552459,0.150000006,0,,,0,0.668864429,0.307317913,0.289175659,15.8440609,3.26600003,0,,,2,1
138553623,0.150000006,0,,,0,0.588278353,0.320541799,0.278369546,15.8304262,3.26400018,0,,,2,1
138554783,0.150000006,0,,,0,0.684981644,0.334954888,0.268341929,15.8031559,3.26400018,0,,,2,1
138555947,0.150000006,0,,,0,0.693040252,0.350725204,0.259011656,15.8486061,3.26200008,0,,,2,1
138557107,0.150000006,0,,,0,0.580219746,0.368053854,0.250308424,15.8349714,3.26200008,0,,,2,1
138558275,0.150000006,0,,,0,0.668864429,0.387183845,0.242171049,15.8077011,3.25899982,0,,,2,1
138559435,0.150000006,0,,,0,0.644688606,0.408411473,0.234546095,15.8622417,3.25899982,0,,,2,1
138560599,0.150000006,0,,,0,0.539926708,0.387183845,0.242171049,15.8349714,3.25699997,0,,,2,1
138561759,0.150000006,0,,,0,0.636629999,0.368053854,0.250308424,15.8167906,3.25699997,0,,,2,1
138562923,0.150000006,0,,,0,0.652747214,0.350725204,0.259011656,15.8531513,3.25500011,0,,,2,1
138564084,0.150000006,0,,,0,0.556043923,0.334954888,0.268341929,15.8395166,3.25500011,0,,,2,1
138565248,0.150000006,0,,,0,0.628571391,0.320541799,0.278369546,15.8167906,3.25199986,0,,,2,1
138566408,0.150000006,0,,,0,0.684981644,0.307317913,0.289175659,15.8486061,3.25199986,0,,,2,1
138567776,0.150000006,0,,,0,0.547985315,0.295141876,0.300854623,15.8213358,3.24999976,0,,,2,1
138568936,0.150000006,0,,,0,0.684981644,0.283893943,0.313516647,15.7895203,3.24999976,0,,,2,1
138570104,0.150000006,0,,,0,0.668864429,0.273471862,0.32729128,15.8304262,3.24699998,0,,,2,1
138571264,0.150000006,0,,,0,0.5318681,0.263787895,0.342331976,15.8122463,3.24699998,0,,,2,1
138572428,0.150000006,0,,,0,0.612454176,0.254766315,0.35882163,15.7895203,3.24500012,0,,,2,1
138573588,0.150000006,0,,,0,0.652747214,0.246341407,0.376980275,15.8122463,3.24500012,0,,,2,1
138574752,0.150000006,0,,,0,0.539926708,0.238455877,0.397074759,15.8122463,3.24300003,0,,,2,1
138575912,0.150000006,0,,,0,0.620512784,0.231059521,0.419432074,15.784976,3.24300003,0,,,2,1
138577042,0.150000006,0,,,0,0.668864429,0.231059521,0.419432074,15.8077011,3.23999977,0,,,2,1
138578168,0.150000006,0,,,0,0,0.231059521,0.419432074,15.3395605,3.23999977,0,,,2,1
138579297,0.150000006,0,,,0,0,0.231059521,0.419432074,14.7577934,3.23799992,0,,,2,1
138580424,0.150000006,0,,,0,0,0.231059521,0.419432074,14.085125,3.23799992,0,,,2,1
138581559,0.150000006,1,,,1.33772886,0,0.231059521,0.419432074,14.3396482,3.23600006,0,,,2,1
138582685,0.150000006,1,,,1.57142854,0,0.231059521,0.419432074,15.1713934,3.23600006,0,,,2,1
138583849,0.150000006,1,,,1.43443215,0,0.224108204,0.444457263,15.8304262,3.23400021,0,,,2,1
138585009,0.150000006,1,,,0.676923037,0,0.217562914,0.472658157,15.8895121,3.23400021,0,,,2,1
138586172,0.150000006,1,,,0.596336961,0,0.224108204,0.444457263,15.907692,3.23099995,0,,,2,1
138587333,0.150000006,1,,,0.556043923,0,0.231059521,0.419432074,15.8940573,3.23099995,0,,,2,1
138588700,0.150000006,1,,,0.539926708,0,0.238455877,0.397074759,15.8895121,3.22899985,0,,,2,1
138589860,0.150000006,1,,,0.604395568,0,0.246341407,0.376980275,15.8895121,3.22899985,0,,,2,1
138591023,0.150000006,1,,,0.628571391,0,0.254766315,0.35882163,15.8804216,3.227,0,,,2,1
138592184,0.150000006,1,,,0.588278353,0,0.263787895,0.342331976,15.8531513,3.227,0,,,2,1
138593353,0.150000006,1,,,0.636629999,0,0.273471862,0.32729128,15.8622417,3.22400022,0,,,2,1
138594479,0.150000006,1,,,0.693040252,0,0.273471862,0.32729128,15.8531513,3.22400022,0,,,2,1
138595608,0.150000006,0,,,0,0,0.273471862,0.32729128,15.3577404,3.22200012,0,,,2,1
138596734,0.150000006,0,,,0,0,0.273471862,0.32729128,14.7850637,3.22200012,0,,,2,1
138597863,0.150000006,0,,,0,0,0.273471862,0.32729128,14.1533012,3.21999979,0,,,2,1
138598990,0.150000006,0,,,0,0,0.273471862,0.32729128,13.5169935,3.21999979,0,,,2,1
138600119,0.150000006,0,,,0,0,0.273471862,0.32729128,12.8852301,3.21700001,0,,,2,1
138601245,0.150000006,0,,,0,0,0.273471862,0.32729128,12.2125626,3.21700001,0,,,2,1
138602375,0.150000006,0,,,0,0,0.273471862,0.32729128,11.5126238,3.21500015,0,,,2,1
138603501,0.150000006,0,,,0,0,0.273471862,0.32729128,10.8081408,3.21500015,0,,,2,1
138604635,0.150000006,0,,,0,0,0.273471862,0.32729128,10.0627518,3.21299982,0,,,2,1
138605761,0.150000006,0,,,0,0,0.273471862,0.32729128,9.28100204,3.21299982,0,,,2,1
138606891,0.150000006,0,,,0,1.56336987,0.273471862,0.32729128,9.21282578,3.21099997,0,,,2,1
138608018,0.150000006,0,,,0,2.10329652,0.273471862,0.32729128,10.0945673,3.21099997,0,,,2,1
138609352,0.150000006,0,,,0,1.66813183,0.273471862,0.32729128,11.1535645,3.20799994,0,,,2,1
138610479,0.150000006,0,,,0,1.70842481,0.273471862,0.32729128,11.9853096,3.20799994,0,,,2,1
138611609,0.150000006,0,,,0,1.50695968,0.273471862,0.32729128,12.8352346,3.20600009,0,,,2,1
138612735,0.150000006,0,,,0,1.37802196,0.273471862,0.32729128,13.671525,3.20600009,0,,,2,1
138613865,0.150000006,0,,,0,1.43443215,0.273471862,0.32729128,14.4759998,3.20400023,0,,,2,1
138614997,0.150000006,0,,,0,1.48278379,0.273471862,0.32729128,15.2895641,3.20400023,0,,,2,1
138616126,0.150000006,0,,,0,0.975091517,0.273471862,0.32729128,15.8713312,3.20099974,0,,,2,1
138617287,0.150000006,0,,,0,0.5318681,0.283893943,0.313516647,15.8622417,3.20099974,0,,,2,1
138618451,0.150000006,0,,,0,0.684981644,0.295141876,0.300854623,15.8804216,3.19899988,0,,,2,1
138619611,0.150000006,0,,,0,0.475457847,0.307317913,0.289175659,15.8804216,3.19899988,0,,,2,1
138620774,0.150000006,0,,,0,0.547985315,0.320541799,0.278369546,15.8531513,3.19700003,0,,,2,1
138621935,0.150000006,0,,,0,0.612454176,0.334954888,0.268341929,15.8531513,3.19700003,0,,,2,1
138623098,0.150000006,0,,,0,0.580219746,0.350725204,0.259011656,15.8622417,3.19400024,0,,,2,1
138624258,0.150000006,0,,,0,0.547985315,0.368053854,0.250308424,15.8531513,3.19400024,0,,,2,1
138625422,0.150000006,0,,,0,0.612454176,0.387183845,0.242171049,15.8349714,3.19199991,0,,,2,1
138626587,0.150000006,0,,,0,0.588278353,0.408411473,0.234546095,15.8440609,3.19199991,0,,,2,1
138627750,0.150000006,0,,,0,0.620512784,0.388165176,0.2417887,15.8622417,3.18999982,0,,,2,1
138628910,0.150000006,0,,,0,0.604395568,0.368940473,0.249899954,15.8622417,3.18999982,0,,,2,1
138630278,0.150000006,0,,,0,0.596336961,0.351530224,0.258574337,15.825881,3.18700004,0,,,2,1
138631438,0.150000006,0,,,0,0.604395568,0.335689068,0.267872572,15.8486061,3.18700004,0,,,2,1
138632602,0.150000006,0,,,0,0.539926708,0.32121408,0.277864456,15.8395166,3.18500018,0,,,2,1
138633762,0.150000006,0,,,0,0.652747214,0.307935834,0.288630635,15.825881,3.18500018,0,,,2,1
138634926,0.150000006,0,,,0,0.693040252,0.295711786,0.300264776,15.8576965,3.18300009,0,,,2,1
138636086,0.150000006,0,,,0,0.523809493,0.284421206,0.312876135,15.8622417,3.18300009,0,,,2,1
138637250,0.150000006,0,,,0,0.628571391,0.273961097,0.326593339,15.8349714,3.17999983,0,,,2,1
138638415,0.150000006,0,,,0,0.676923037,0.264243066,0.3415685,15.8349714,3.17999983,0,,,2,1
138639579,0.150000006,0,,,0,0.523809493,0.255190849,0.357982904,15.8486061,3.17799997,0,,,2,1
138640740,0.150000006,0,,,0,0.556043923,0.246738315,0.376054615,15.8077011,3.17799997,0,,,2,1
138641904,0.150000006,0,,,0,0.684981644,0.23882775,0.39604792,15.7940655,3.17600012,0,,,2,1
138643064,0.150000006,0,,,0,0.547985315,0.231408671,0.418286502,15.825881,3.17600012,0,,,2,1
138644228,0.150000006,0,,,0,0.580219746,0.224436641,0.443171144,15.7986107,3.17299986,0,,,2,1
138645388,0.150000006,0,,,0,0.676923037,0.217872441,0.471203893,15.7758856,3.17299986,0,,,2,1
138646519,0.150000006,0,,,0,0.596336961,0.217872441,0.471203893,15.8122463,3.17099977,0,,,2,1
138647645,0.150000006,0,,,0,0,0.217872441,0.471203893,15.3986464,3.17099977,0,,,2,1
138648774,0.150000006,1,,,1.25714278,0,0.217872441,0.471203893,15.866787,3.16899991,0,,,2,1
138649940,0.150000006,1,,,0.5318681,0,0.211681306,0.503022611,15.8986015,3.16899991,0,,,2,1
138651307,0.150000006,1,,,0.588278353,0,0.205832303,0.539449632,15.8986015,3.16600013,0,,,2,1
138652468,0.150000006,1,,,0.676923037,0,0.211681306,0.503022611,15.8940573,3.16600013,0,,,2,1
138653631,0.150000006,1,,,0.5318681,0,0.217872441,0.471203893,15.9031467,3.16400003,0,,,2,1
138654791,0.150000006,1,,,0.507692277,0,0.224436641,0.443171144,15.8804216,3.16400003,0,,,2,1
138655955,0.150000006,0.975308657,,,0.636629999,0.0161172152,0.231408671,0.418286502,15.8713312,3.16200018,0,,,2,1
138657115,0.150000006,1,,,0.604395568,0,0.23882775,0.39604792,15.866787,3.16200018,0,,,2,1
138658279,0.150000006,1,,,0.523809493,0,0.246738315,0.376054615,15.866787,3.15899992,0,,,2,1
138659439,0.150000006,1,,,0.612454176,0,0.255190849,0.357982904,15.8576965,3.15899992,0,,,2,1
138660569,0.150000006,1,,,0.660805821,0,0.255190849,0.357982904,15.8713312,3.15700006,0,,,2,1
138661701,0.150000006,0,,,0,0,0.255190849,0.357982904,15.4031906,3.15700006,0,,,2,1
138662830,0.150000006,0,,,0,0,0.255190849,0.357982904,14.830514,3.15500021,0,,,2,1
138663956,0.150000006,0,,,0,0,0.255190849,0.357982904,14.1987514,3.15500021,0,,,2,1
138665086,0.150000006,0,,,0,0,0.255190849,0.357982904,13.6260748,3.15199995,0,,,2,1
138666212,0.150000006,0,,,0,0,0.255190849,0.357982904,13.0261269,3.15199995,0,,,2,1
138667341,0.150000006,0,,,0,0,0.255190849,0.357982904,12.3489141,3.14999986,0,,,2,1
138668468,0.150000006,0,,,0,0,0.255190849,0.357982904,11.6580658,3.14999986,0,,,2,1
138669597,0.150000006,0,,,0,0,0.255190849,0.357982904,10.9444923,3.148,0,,,2,1
138670723,0.150000006,0,,,0,0,0.255190849,0.357982904,10.2172832,3.148,0,,,2,1
138672057,0.150000006,0,,,0,0,0.255190849,0.357982904,9.31281757,3.14500022,0,,,2,1
138673189,0.150000006,0,,,0,1.49084234,0.255190849,0.357982904,9.362813,3.14500022,0,,,2,1
138674319,0.150000006,0,,,0,2.1113553,0.255190849,0.357982904,10.2490988,3.14300013,0,,,2,1
138675446,0.150000006,0,,,0,1.78901088,0.255190849,0.357982904,11.1626549,3.14300013,0,,,2,1
138676575,0.150000006,0,,,0,1.79706955,0.255190849,0.357982904,11.9944,3.14099979,0,,,2,1
138677702,0.150000006,0,,,0,1.6358974,0.255190849,0.357982904,12.8443251,3.14099979,0,,,2,1
138678832,0.150000006,0,,,0,1.3860805,0.255190849,0.357982904,13.6987953,3.13899994,0,,,2,1
138679993,0.150000006,0,,,0,1.41025639,0.264243066,0.3415685,14.5169048,3.13899994,0,,,2,1
138681156,0.150000006,0,,,0,1.5553112,0.273961097,0.326593339,15.3350153,3.13600016,0,,,2,1
138682317,0.150000006,0,,,0,0.886446834,0.284421206,0.312876135,15.8895121,3.13600016,0,,,2,1
138683485,0.150000006,0,,,0,0.451282024,0.295711786,0.300264776,15.8713312,3.13399982,0,,,2,1
138684645,0.150000006,0,,,0,0.644688606,0.307935834,0.288630635,15.8576965,3.13399982,0,,,2,1
138685809,0.150000006,0,,,0,0.435164809,0.32121408,0.277864456,15.8758764,3.13199997,0,,,2,1
138686969,0.150000006,0,,,0,0.49963367,0.335689068,0.267872572,15.866787,3.13199997,0,,,2,1
138688133,0.150000006,0,,,0,0.604395568,0.351530224,0.258574337,15.8758764,3.12899995,0,,,2,1
138689293,0.150000006,0,,,0,0.572161138,0.368940473,0.249899954,15.8986015,3.12899995,0,,,2,1
138690457,0.150000006,0,,,0,0.56410253,0.388165176,0.2417887,15.866787,3.12700009,0,,,2,1
138691617,0.150000006,0,,,0,0.596336961,0.368940473,0.249899954,15.8576965,3.12700009,0,,,2,1
138692985,0.150000006,0,,,0,0.596336961,0.351530224,0.258574337,15.866787,3.12500024,0,,,2,1
138694145,0.150000006,0,,,0,0.660805821,0.335689068,0.267872572,15.8576965,3.12500024,0,,,2,1
138695313,0.150000006,0,,,0,0.5318681,0.32121408,0.277864456,15.8622417,3.12199974,0,,,2,1
138696473,0.150000006,0,,,0,0.580219746,0.307935834,0.288630635,15.8349714,3.12199974,0,,,2,1
138697637,0.150000006,0,,,0,0.676923037,0.295711786,0.300264776,15.8349714,3.11999989,0,,,2,1
138698797,0.150000006,0,,,0,0.539926708,0.284421206,0.312876135,15.866787,3.11999989,0,,,2,1
138699961,0.150000006,0,,,0,0.539926708,0.273961097,0.326593339,15.8395166,3.11800003,0,,,2,1
138701121,0.150000006,0,,,0,0.693040252,0.264243066,0.3415685,15.8304262,3.11800003,0,,,2,1
138702284,0.150000006,0,,,0,0.56410253,0.255190849,0.357982904,15.8395166,3.11500025,0,,,2,1
138703445,0.150000006,0,,,0,0.5318681,0.246738315,0.376054615,15.8122463,3.11500025,0,,,2,1
138704608,0.150000006,0,,,0,0.596336961,0.23882775,0.39604792,15.7895203,3.11299992,0,,,2,1
138705768,0.150000006,0,,,0,0.596336961,0.231408671,0.418286502,15.8167906,3.11299992,0,,,2,1
138706937,0.150000006,0,,,0,0.49963367,0.224436641,0.443171144,15.8167906,3.11099982,0,,,2,1
138708097,0.150000006,0,,,0,0.588278353,0.217872441,0.471203893,15.7895203,3.11099982,0,,,2,1
138709261,0.150000006,0,,,0,0.676923037,0.211681306,0.503022611,15.7986107,3.10800004,0,,,2,1
138710388,0.150000006,0,,,0,0.523809493,0.211681306,0.503022611,15.7986107,3.10800004,0,,,2,1
138711517,0.150000006,1,,,0.846153796,0,0.211681306,0.503022611,15.8622417,3.10600019,0,,,2,1
138712644,0.150000006,1,,,0.660805821,0,0.211681306,0.503022611,15.8986015,3.10600019,0,,,2,1
138714011,0.150000006,1,,,0.523809493,0,0.205832303,0.539449632,15.907692,3.10400009,0,,,2,1
138715172,0.150000006,1,,,0.612454176,0,0.205916688,0.538870931,15.8986015,3.10400009,0,,,2,1
138716335,0.150000006,1,,,0.693040252,0,0.211770535,0.502519369,15.907692,3.10099983,0,,,2,1
138717495,0.150000006,1,,,0.539926708,0,0.217966959,0.470762312,15.9213276,3.10099983,0,,,2,1
138718664,0.150000006,1,,,0.523809493,0,0.224536955,0.442780495,15.8895121,3.09899998,0,,,2,1
138719824,0.150000006,1,,,0.56410253,0,0.231515303,0.417938471,15.8395166,3.09899998,0,,,2,1
138720987,0.150000006,1,,,0.556043923,0,0.238941342,0.39573589,15.866787,3.09700012,0,,,2,1
138722148,0.150000006,1,,,0.515750885,0,0.24685955,0.375773281,15.866787,3.09700012,0,,,2,1
138723311,0.150000006,1,,,0.620512784,0,0.255320549,0.357727975,15.8622417,3.09399986,0,,,2,1
138724438,0.150000006,1,,,0.604395568,0,0.255320549,0.357727975,15.8758764,3.09399986,0,,,2,1
138725567,0.150000006,0,,,0,0,0.255320549,0.357727975,15.4440966,3.09199977,0,,,2,1
138726694,0.150000006,0,,,0,0,0.255320549,0.357727975,14.9032345,3.09199977,0,,,2,1
138727824,0.150000006,0,,,0,0,0.255320549,0.357727975,14.3169231,3.08999991,0,,,2,1
138728950,0.150000006,0,,,0,0,0.255320549,0.357727975,13.7624264,3.08999991,0,,,2,1
138730084,0.150000006,0,,,0,0,0.255320549,0.357727975,13.1715689,3.08700013,0,,,2,1
138731210,0.150000006,0,,,0,0,0.255320549,0.357727975,12.5307159,3.08700013,0,,,2,1
138732340,0.150000006,0,,,0,0,0.255320549,0.357727975,11.8989534,3.08500004,0,,,2,1
138733466,0.150000006,0,,,0,0,0.255320549,0.357727975,11.2762814,3.08500004,0,,,2,1
138734799,0.150000006,0,,,0,0,0.255320549,0.357727975,10.4672613,3.08300018,0,,,2,1
138735926,0.150000006,0,,,0,0,0.255320549,0.357727975,9.74005222,3.08300018,0,,,2,1
138737056,0.150000006,0,,,0,0.419047594,0.255320549,0.357727975,9.25827694,3.07999992,0,,,2,1
138738183,0.150000006,0,,,0,1.92600727,0.255320549,0.357727975,10.0854769,3.07999992,0,,,2,1
138739313,0.150000006,0,,,0,1.9179486,0.255320549,0.357727975,10.9717627,3.07800007,0,,,2,1
138740440,0.150000006,0,,,0,1.90183139,0.255320549,0.357727975,11.8444128,3.07800007,0,,,2,1
138741574,0.150000006,0,,,0,1.94212437,0.255320549,0.357727975,12.6988831,3.07600021,0,,,2,1
138742701,0.150000006,0,,,0,1.5553112,0.255320549,0.357727975,13.5442638,3.07600021,0,,,2,1
138743831,0.150000006,0,,,0,1.32967019,0.255320549,0.357727975,14.3669186,3.07399988,0,,,2,1
138744992,0.150000006,0,,,0,1.45054936,0.264382124,0.34133637,15.1668482,3.07399988,0,,,2,1
138746156,0.150000006,0,,,0,1.12820506,0.274110556,0.326381147,15.8349714,3.07099986,0,,,2,1
138747316,0.150000006,0,,,0,0.427106202,0.284582317,0.312681377,15.9031467,3.07099986,0,,,2,1
138748480,0.150000006,0,,,0,0.5318681,0.29588595,0.300085396,15.8531513,3.06900001,0,,,2,1
138749640,0.150000006,0,,,0,0.523809493,0.308124721,0.288464904,15.8940573,3.06900001,0,,,2,1
138750803,0.150000006,0,,,0,0.49963367,0.321419626,0.277710855,15.8804216,3.06700015,0,,,2,1
138751963,0.150000006,0,,,0,0.588278353,0.335913569,0.267729819,15.8758764,3.06700015,0,,,2,1
138753131,0.150000006,0,,,0,0.676923037,0.351776391,0.258441329,15.8895121,3.06400013,0,,,2,1
138754292,0.150000006,0,,,0,0.523809493,0.369211674,0.249775723,15.8531513,3.06400013,0,,,2,1
138755455,0.150000006,0,,,0,0.572161138,0.388465345,0.241672397,15.8395166,3.0619998,0,,,2,1
138756820,0.150000006,0,,,0,0.539926708,0.369211674,0.249775723,15.8486061,3.0619998,0,,,2,1
138757983,0.150000006,0,,,0,0.5318681,0.351776391,0.258441329,15.8304262,3.05999994,0,,,2,1
138759144,0.150000006,0,,,0,0.56410253,0.335913569,0.267729819,15.8531513,3.05999994,0,,,2,1
138760307,0.150000006,0,,,0,0.523809493,0.321419626,0.277710855,15.8622417,3.05700016,0,,,2,1
138761467,0.150000006,0,,,0,0.612454176,0.308124721,0.288464904,15.8440609,3.05700016,0,,,2,1
138762631,0.150000006,0,,,0,0.596336961,0.29588595,0.300085396,15.8395166,3.05499983,0,,,2,1
138763796,0.150000006,0,,,0,0.459340632,0.284582317,0.312681377,15.8486061,3.05499983,0,,,2,1
138764959,0.150000006,0,,,0,0.56410253,0.274110556,0.326381147,15.8395166,3.05299973,0,,,2,1
138766119,0.150000006,0,,,0,0.660805821,0.264382124,0.34133637,15.8304262,3.05299973,0,,,2,1
138767283,0.150000006,0,,,0,0.556043923,0.255320549,0.357727975,15.8531513,3.04999995,0,,,2,1
138768444,0.150000006,0,,,0,0.491575062,0.24685955,0.375773281,15.8167906,3.04999995,0,,,2,1
138769607,0.150000006,0,,,0,0.56410253,0.238941342,0.39573589,15.784976,3.0480001,0,,,2,1
138770768,0.150000006,0,,,0,0.56410253,0.231515303,0.417938471,15.825881,3.0480001,0,,,2,1
138771931,0.150000006,0,,,0,0.46739924,0.224536955,0.442780495,15.825881,3.04600024,0,,,2,1
138773092,0.150000006,0,,,0,0.556043923,0.217966959,0.470762312,15.8031559,3.04600024,0,,,2,1
138774221,0.150000006,0,,,0,0.596336961,0.217966959,0.470762312,15.784976,3.04299974,0,,,2,1
138775353,0.150000006,0,,,0,0,0.217966959,0.470762312,15.4350061,3.04299974,0,,,2,1
138776482,0.150000006,1,,,1.15238094,0,0.217966959,0.470762312,15.8986015,3.04099989,0,,,2,1
138777847,0.150000006,1,,,0.628571391,0,0.211770535,0.502519369,15.9031467,3.04099989,0,,,2,1
138779010,0.150000006,1,,,0.523809493,0,0.205916688,0.538870931,15.9213276,3.03900003,0,,,2,1
138780171,0.150000006,1,,,0.515750885,0,0.208437741,0.522337794,15.9031467,3.03900003,0,,,2,1
138781334,0.150000006,1,,,0.547985315,0,0.214437917,0.488111764,15.8849669,3.03600025,0,,,2,1
138782494,0.150000006,1,,,0.547985315,0,0.220793769,0.458095223,15.907692,3.03600025,0,,,2,1
138783658,0.150000006,1,,,0.49963367,0,0.227537915,0.431556553,15.9031467,3.03399992,0,,,2,1
138784818,0.150000006,1,,,0.588278353,0,0.234707028,0.407924414,15.8713312,3.03399992,0,,,2,1
138785982,0.150000006,1,,,0.596336961,0,0.242342606,0.386746079,15.8849669,3.03199983,0,,,2,1
138787147,0.150000006,1,,,0.459340632,0,0.250491679,0.367658287,15.8758764,3.03199983,0,,,2,1
138788311,0.150000006,1,,,0.556043923,0,0.259207875,0.350365996,15.8622417,3.02900004,0,,,2,1
138789438,0.150000006,1,,,0.644688606,0,0.259207875,0.350365996,15.866787,3.02900004,0,,,2,1
138790568,0.150000006,0,,,0,0,0.259207875,0.350365996,15.4259167,3.02700019,0,,,2,1
138791694,0.150000006,0,,,0,0,0.259207875,0.350365996,14.9077797,3.02700019,0,,,2,1
138792823,0.150000006,0,,,0,0,0.259207875,0.350365996,14.3487387,3.0250001,0,,,2,1
138793949,0.150000006,0,,,0,0,0.259207875,0.350365996,13.7715158,3.0250001,0,,,2,1
138795079,0.150000006,0,,,0,0,0.259207875,0.350365996,13.2124748,3.02199984,0,,,2,1
138796205,0.150000006,0,,,0,0,0.259207875,0.350365996,12.5988922,3.02199984,0,,,2,1
138797334,0.150000006,0,,,0,0,0.259207875,0.350365996,11.9625845,3.01999998,0,,,2,1
138798670,0.150000006,0,,,0,0,0.259207875,0.350365996,11.2171955,3.01999998,0,,,2,1
138799799,0.150000006,0,,,0,0,0.259207875,0.350365996,10.5763426,3.01800013,0,,,2,1
138800925,0.150000006,0,,,0,0,0.259207875,0.350365996,9.8309536,3.01800013,0,,,2,1
138802056,0.150000006,0,,,0,1.64395595,0.259207875,0.350365996,10.1127472,3.01499987,0,,,2,1
138803182,0.150000006,0,,,0,1.86959696,0.259207875,0.350365996,10.999033,3.01499987,0,,,2,1
138804312,0.150000006,0,,,0,1.86959696,0.259207875,0.350365996,11.8671379,3.01299977,0,,,2,1
138805439,0.150000006,0,,,0,1.83736253,0.259207875,0.350365996,12.7125187,3.01299977,0,,,2,1
138806568,0.150000006,0,,,0,1.39413905,0.259207875,0.350365996,13.5715342,3.01099992,0,,,2,1
138807696,0.150000006,0,,,0,1.44249082,0.259207875,0.350365996,14.4078236,3.01099992,0,,,2,1
138808825,0.150000006,0,,,0,1.61172152,0.259207875,0.350365996,15.1941185,3.00900006,0,,,2,1
138809990,0.150000006,0,,,0,1.03150177,0.268552542,0.334627301,15.825881,3.00900006,0,,,2,1
138811154,0.150000006,0,,,0,0.330402911,0.278596163,0.320241779,15.8804216,3.00600004,0,,,2,1
138812314,0.150000006,0,,,0,0.515750885,0.289420217,0.307042152,15.866787,3.00600004,0,,,2,1
138813478,0.150000006,0,,,0,0.523809493,0.301119357,0.294887602,15.907692,3.00400019,0,,,2,1
138814638,0.150000006,0,,,0,0.370695949,0.313804179,0.283658624,15.8895121,3.00400019,0,,,2,1
138815802,0.150000006,0,,,0,0.580219746,0.327604681,0.273253471,15.8622417,3.00199986,0,,,2,1
138816962,0.150000006,0,,,0,0.628571391,0.342674881,0.263584703,15.8849669,3.00199986,0,,,2,1
138818132,0.150000006,0,,,0,0.491575062,0.359198421,0.254576772,15.8895121,2.99900007,0,,,2,1
138819496,0.150000006,0,,,0,0.596336961,0.377396196,0.246164158,15.8576965,2.99900007,0,,,2,1
138820660,0.150000006,0,,,0,0.644688606,0.387407124,0.242083758,15.8531513,2.99699974,0,,,2,1
138821826,0.150000006,0,,,0,0.491575062,0.368255585,0.250215173,15.8622417,2.99699974,0,,,2,1
138822989,0.150000006,0,,,0,0.491575062,0.350908399,0.258911848,15.8486061,2.99499989,0,,,2,1
138824149,0.150000006,0,,,0,0.572161138,0.335121989,0.268234789,15.8576965,2.99499989,0,,,2,1
138825312,0.150000006,0,,,0,0.572161138,0.320694804,0.278254211,15.8713312,2.99199986,0,,,2,1
138826473,0.150000006,0,,,0,0.443223417,0.30745858,0.289051205,15.8531513,2.99199986,0,,,2,1
138827636,0.150000006,0,,,0,0.556043923,0.295271635,0.300719917,15.8440609,2.99000001,0,,,2,1
138828797,0.150000006,0,,,0,0.636629999,0.284014016,0.313370377,15.8486061,2.99000001,0,,,2,1
138829960,0.150000006,0,,,0,0.507692277,0.273583263,0.327131897,15.866787,2.98800015,0,,,2,1
138831121,0.150000006,0,,,0,0.49963367,0.263891548,0.342157602,15.8213358,2.98800015,0,,,2,1
138832288,0.150000006,0,,,0,0.5318681,0.254862994,0.358630061,15.8122463,2.98500013,0,,,2,1
138833449,0.150000006,0,,,0,0.56410253,0.246431798,0.376768827,15.8576965,2.98500013,0,,,2,1
138834612,0.150000006,0,,,0,0.459340632,0.238540575,0.396840155,15.8486061,2.98300028,0,,,2,1
138835772,0.150000006,0,,,0,0.523809493,0.231139049,0.41917032,15.8077011,2.98300028,0,,,2,1
138836936,0.150000006,0,,,0,0.604395568,0.224183008,0.444163352,15.8077011,2.98099995,0,,,2,1
138838063,0.150000006,0,,,0,0.459340632,0.224183008,0.444163352,15.8395166,2.98099995,0,,,2,1
138839192,0.150000006,0,,,0,0,0.224183008,0.444163352,15.3804655,2.97800016,0,,,2,1
138840523,0.150000006,1,,,1.2168498,0,0.224183008,0.444163352,15.3986464,2.97800016,0,,,2,1
138841687,0.150000006,0.991666675,,,0.958974302,0.00805860758,0.217633426,0.472325802,15.9122372,2.97599983,0,,,2,1
138842848,0.150000006,1,,,0.443223417,0,0.211455658,0.50430131,15.8940573,2.97599983,0,,,2,1
138844017,0.150000006,1,,,0.636629999,0,0.210911229,0.507425129,15.9122372,2.97399998,0,,,2,1
138845177,0.150000006,1,,,0.491575062,0,0.217056751,0.475064963,15.9213276,2.97399998,0,,,2,1
138846341,0.150000006,1,,,0.547985315,0,0.223571166,0.446584791,15.9122372,2.97099996,0,,,2,1
138847501,0.150000006,1,,,0.580219746,0,0.230488688,0.42132625,15.9031467,2.97099996,0,,,2,1
138848664,0.150000006,1,,,0.620512784,0,0.237847969,0.398771971,15.9122372,2.9690001,0,,,2,1
138849825,0.150000006,1,,,0.46739924,0,0.245692685,0.37850973,15.8758764,2.9690001,0,,,2,1
138850988,0.150000006,1,,,0.475457847,0,0.254072517,0.360207051,15.8531513,2.96700001,0,,,2,1
138852149,0.150000006,1,,,0.572161138,0,0.263044178,0.343592733,15.8576965,2.96700001,0,,,2,1
138853279,0.150000006,1,,,0.556043923,0,0.263044178,0.343592733,15.8804216,2.96400023,0,,,2,1
138854405,0.150000006,0,,,0,0,0.263044178,0.343592733,15.453187,2.96400023,0,,,2,1
138855539,0.150000006,0,,,0,0,0.263044178,0.343592733,14.9395952,2.96199989,0,,,2,1
138856665,0.150000006,0,,,0,0,0.263044178,0.343592733,14.3805532,2.96199989,0,,,2,1
138857794,0.150000006,0,,,0,0,0.263044178,0.343592733,13.8442373,2.96000004,0,,,2,1
138858920,0.150000006,0,,,0,0,0.263044178,0.343592733,13.3124657,2.96000004,0,,,2,1
138860049,0.150000006,0,,,0,0,0.263044178,0.343592733,12.7534237,2.95699978,0,,,2,1
138861379,0.150000006,0,,,0,0,0.263044178,0.343592733,12.0034895,2.95699978,0,,,2,1
138862509,0.150000006,0,,,0,0,0.263044178,0.343592733,11.3899078,2.95499992,0,,,2,1
138863635,0.150000006,0,,,0,0,0.263044178,0.343592733,10.7581453,2.95499992,0,,,2,1
138864764,0.150000006,0,,,0,0,0.263044178,0.343592733,10.0900221,2.95299983,0,,,2,1
138865891,0.150000006,0,,,0,1.5553112,0.263044178,0.343592733,10.1354723,2.95299983,0,,,2,1
138867026,0.150000006,0,,,0,1.75677645,0.263044178,0.343592733,10.9853973,2.95000005,0,,,2,1
138868153,0.150000006,0,,,0,1.77289367,0.263044178,0.343592733,11.8671379,2.95000005,0,,,2,1
138869284,0.150000006,0,,,0,1.78095222,0.263044178,0.343592733,12.7261534,2.94799995,0,,,2,1
138870410,0.150000006,0,,,0,1.46666658,0.263044178,0.343592733,13.5760784,2.94799995,0,,,2,1
138871540,0.150000006,0,,,0,1.41831493,0.263044178,0.343592733,14.416914,2.9460001,0,,,2,1
138872667,0.150000006,0,,,0,1.49890101,0.263044178,0.343592733,15.1986637,2.9460001,0,,,2,1
138873796,0.150000006,0,,,0,1.02344322,0.263044178,0.343592733,15.825881,2.94400024,0,,,2,1
138874957,0.150000006,0,,,0,0.346520126,0.272672623,0.328443527,15.907692,2.94400024,0,,,2,1
138876120,0.150000006,0,,,0,0.46739924,0.283032715,0.314573765,15.8713312,2.94099998,0,,,2,1
138877280,0.150000006,0,,,0,0.56410253,0.294211149,0.301827937,15.8804216,2.94099998,0,,,2,1
138878449,0.150000006,0,,,0,0.370695949,0.306308925,0.290074766,15.907692,2.93900013,0,,,2,1
138879609,0.150000006,0,,,0,0.539926708,0.319444269,0.27920258,15.8849669,2.93900013,0,,,2,1
138880773,0.150000006,0,,,0,0.596336961,0.333756626,0.269115955,15.866787,2.9369998,0,,,2,1
138882137,0.150000006,0,,,0,0.443223417,0.349411637,0.259732753,15.8713312,2.9369998,0,,,2,1
138883300,0.150000006,0,,,0,0.46739924,0.366607547,0.250981808,15.8395166,2.93400002,0,,,2,1
138884460,0.150000006,0,,,0,0.56410253,0.385583639,0.242801294,15.8576965,2.93400002,0,,,2,1
138885624,0.150000006,0,,,0,0.539926708,0.366607547,0.250981808,15.8895121,2.93199992,0,,,2,1
138886784,0.150000006,0,,,0,0.443223417,0.349411637,0.259732753,15.8622417,2.93199992,0,,,2,1
138887948,0.150000006,0,,,0,0.539926708,0.333756626,0.269115955,15.8576965,2.93000007,0,,,2,1
138889108,0.150000006,0,,,0,0.628571391,0.319444269,0.27920258,15.8622417,2.93000007,0,,,2,1
138890276,0.150000006,0,,,0,0.443223417,0.306308925,0.290074766,15.866787,2.92700005,0,,,2,1
138891437,0.150000006,0,,,0,0.443223417,0.294211149,0.301827937,15.8395166,2.92700005,0,,,2,1
138892600,0.150000006,0,,,0,0.547985315,0.283032715,0.314573765,15.8486061,2.92500019,0,,,2,1
138893760,0.150000006,0,,,0,0.539926708,0.272672623,0.328443527,15.8622417,2.92500019,0,,,2,1
138894923,0.150000006,0,,,0,0.427106202,0.263044178,0.343592733,15.8531513,2.92299986,0,,,2,1
138896084,0.150000006,0,,,0,0.5318681,0.254072517,0.360207051,15.8395166,2.92299986,0,,,2,1
138897247,0.150000006,0,,,0,0.580219746,0.245692685,0.37850973,15.8167906,2.92000008,0,,,2,1
138898408,0.150000006,0,,,0,0.475457847,0.237847969,0.398771971,15.8304262,2.92000008,0,,,2,1
138899571,0.150000006,0,,,0,0.419047594,0.230488688,0.42132625,15.8122463,2.91799974,0,,,2,1
138900731,0.150000006,0,,,0,0.539926708,0.223571166,0.446584791,15.8167906,2.91799974,0,,,2,1
138901866,0.150000006,0,,,0,0.5318681,0.223571166,0.446584791,15.825881,2.91599989,0,,,2,1
138903197,0.150000006,0,,,0,0,0.223571166,0.446584791,15.34865,2.91599989,0,,,2,1
138904326,0.150000006,0,,,0,0,0.223571166,0.446584791,14.8441496,2.91299987,0,,,2,1
138905453,0.150000006,1,,,1.49890101,0,0.223571166,0.446584791,15.3804655,2.91299987,0,,,2,1
138906583,0.150000006,1,,,0.99926734,0,0.223571166,0.446584791,15.907692,2.91100001,0,,,2,1
138907743,0.150000006,1,,,0.475457847,0,0.217056751,0.475064963,15.8804216,2.91100001,0,,,2,1
138908907,0.150000006,1,,,0.604395568,0,0.210911229,0.507425129,15.9122372,2.90900016,0,,,2,1
138910067,0.150000006,1,,,0.443223417,0,0.217056751,0.475064963,15.9304171,2.90900016,0,,,2,1
138911231,0.150000006,1,,,0.362637341,0,0.223571166,0.446584791,15.9213276,2.90600014,0,,,2,1
138912396,0.150000006,1,,,0.556043923,0,0.230488688,0.42132625,15.907692,2.90600014,0,,,2,1
138913560,0.150000006,1,,,0.556043923,0,0.237847969,0.398771971,15.907692,2.90400028,0,,,2,1
138914720,0.150000006,1,,,0.410988986,0,0.245692685,0.37850973,15.866787,2.90400028,0,,,2,1
138915884,0.150000006,1,,,0.483516455,0,0.254072517,0.360207051,15.8713312,2.90199995,0,,,2,1
138917045,0.150000006,1,,,0.539926708,0,0.263044178,0.343592733,15.8758764,2.90199995,0,,,2,1
138918175,0.150000006,1,,,0.547985315,0,0.263044178,0.343592733,15.866787,2.89900017,0,,,2,1
138919301,0.150000006,0,,,0,0,0.263044178,0.343592733,15.4804573,2.89900017,0,,,2,1
138920430,0.150000006,0,,,0,0,0.263044178,0.343592733,14.9850454,2.89699984,0,,,2,1
138921556,0.150000006,0,,,0,0,0.263044178,0.343592733,14.4305496,2.89699984,0,,,2,1
138922685,0.150000006,0,,,0,0,0.263044178,0.343592733,13.9442282,2.89499998,0,,,2,1
138924020,0.150000006,0,,,0,0,0.263044178,0.343592733,13.3488264,2.89499998,0,,,2,1
138925149,0.150000006,0,,,0,0,0.263044178,0.343592733,12.7852392,2.89199996,0,,,2,1
138926275,0.150000006,0,,,0,0,0.263044178,0.343592733,12.1671114,2.89199996,0,,,2,1
138927404,0.150000006,0,,,0,0,0.263044178,0.343592733,11.5944347,2.8900001,0,,,2,1
138928530,0.150000006,0,,,0,0,0.263044178,0.343592733,10.9672174,2.8900001,0,,,2,1
138929660,0.150000006,0,,,0,0,0.263044178,0.343592733,10.3763599,2.88800001,0,,,2,1
138930786,0.150000006,0,,,0,0,0.263044178,0.343592733,9.71732712,2.88800001,0,,,2,1
138931916,0.150000006,0,,,0,1.52307677,0.263044178,0.343592733,10.1036568,2.88600016,0,,,2,1
138933043,0.150000006,0,,,0,1.90988994,0.263044178,0.343592733,10.9899426,2.88600016,0,,,2,1
138934172,0.150000006,0,,,0,1.82930398,0.263044178,0.343592733,11.8353233,2.8829999,0,,,2,1
138935304,0.150000006,0,,,0,1.57142854,0.263044178,0.343592733,12.6988831,2.8829999,0,,,2,1
138936433,0.150000006,0,,,0,1.52307677,0.263044178,0.343592733,13.5578985,2.88100004,0,,,2,1
138937560,0.150000006,0,,,0,1.33772886,0.263044178,0.343592733,14.3896437,2.88100004,0,,,2,1
138938723,0.150000006,0,,,0,1.39413905,0.272672623,0.328443527,15.1895733,2.87899971,0,,,2,1
138939883,0.150000006,0,,,0,1.09597063,0.283032715,0.314573765,15.8576965,2.87899971,0,,,2,1
138941047,0.150000006,0,,,0,0.346520126,0.294211149,0.301827937,15.8849669,2.87599993,0,,,2,1
138942207,0.150000006,0,,,0,0.46739924,0.306308925,0.290074766,15.866787,2.87599993,0,,,2,1
138943370,0.150000006,0,,,0,0.515750885,0.319444269,0.27920258,15.9122372,2.87399983,0,,,2,1
138944531,0.150000006,0,,,0,0.362637341,0.333756626,0.269115955,15.9031467,2.87399983,0,,,2,1
138945898,0.150000006,0,,,0,0.49963367,0.349411637,0.259732753,15.8758764,2.87199998,0,,,2,1
138947063,0.150000006,0,,,0,0.56410253,0.366607547,0.250981808,15.8940573,2.87199998,0,,,2,1
138948226,0.150000006,0,,,0,0.435164809,0.385583639,0.242801294,15.8849669,2.86899996,0,,,2,1
138949387,0.150000006,0,,,0,0.483516455,0.379710495,0.245189399,15.8486061,2.86899996,0,,,2,1
138950550,0.150000006,0,,,0,0.539926708,0.36129427,0.253534377,15.8531513,2.8670001,0,,,2,1
138951711,0.150000006,0,,,0,0.547985315,0.344581842,0.262467384,15.8804216,2.8670001,0,,,2,1
138952874,0.150000006,0,,,0,0.419047594,0.329347193,0.272052884,15.8622417,2.86500025,0,,,2,1
138954034,0.150000006,0,,,0,0.56410253,0.315402597,0.282365084,15.8576965,2.86500025,0,,,2,1
138955197,0.150000006,0,,,0,0.596336961,0.302590877,0.293489844,15.8531513,2.86199999,0,,,2,1
138956358,0.150000006,0,,,0,0.427106202,0.290779352,0.305527151,15.8576965,2.86199999,0,,,2,1
138957521,0.150000006,0,,,0,0.451282024,0.279855311,0.318594068,15.8486061,2.86000013,0,,,2,1
138958686,0.150000006,0,,,0,0.547985315,0.269722372,0.332828641,15.8486061,2.86000013,0,,,2,1
138959850,0.150000006,0,,,0,0.5318681,0.260297567,0.348394662,15.8486061,2.8579998,0,,,2,1
138961010,0.150000006,0,,,0,0.443223417,0.25150916,0.365488142,15.8622417,2.8579998,0,,,2,1
138962174,0.150000006,0,,,0,0.515750885,0.24329482,0.384345502,15.8349714,2.85500002,0,,,2,1
138963334,0.150000006,0,,,0,0.5318681,0.235600084,0.405254602,15.7986107,2.85500002,0,,,2,1
138964497,0.150000006,0,,,0,0.451282024,0.228377149,0.428569585,15.8395166,2.85299993,0,,,2,1
138965862,0.150000006,0,,,0,0.419047594,0.221583903,0.454731047,15.8304262,2.85299993,0,,,2,1
138966992,0.150000006,0,,,0,0.515750885,0.221583903,0.454731047,15.8077011,2.85100007,0,,,2,1
138968118,0.150000006,0,,,0,0,0.221583903,0.454731047,15.3441048,2.85100007,0,,,2,1
138969248,0.150000006,1,,,0.894505441,0,0.221583903,0.454731047,15.4259167,2.84800005,0,,,2,1
138970380,0.150000006,1,,,0.918681264,0,0.221583903,0.454731047,15.9031467,2.84800005,0,,,2,1
138971543,0.150000006,1,,,0.49963367,0,0.215183139,0.484294116,15.8940573,2.84600019,0,,,2,1
138972703,0.150000006,1,,,0.556043923,0,0.209141776,0.517968357,15.9213276,2.84600019,0,,,2,1
138973867,0.150000006,1,,,0.539926708,0,0.215183139,0.484294116,15.9167824,2.84399986,0,,,2,1
138975027,0.150000006,1,,,0.483516455,0,0.221583903,0.454731047,15.9258718,2.84399986,0,,,2,1
138976191,0.150000006,1,,,0.539926708,0,0.228377149,0.428569585,15.8895121,2.84100008,0,,,2,1
138977351,0.150000006,1,,,0.451282024,0,0.235600084,0.405254602,15.9167824,2.84100008,0,,,2,1
138978516,0.150000006,1,,,0.346520126,0,0.24329482,0.384345502,15.8895121,2.83899975,0,,,2,1
138979676,0.150000006,1,,,0.46739924,0,0.25150916,0.365488142,15.866787,2.83899975,0,,,2,1
138980844,0.150000006,1,,,0.56410253,0,0.260297567,0.348394662,15.8804216,2.83699989,0,,,2,1
138981971,0.150000006,1,,,0.451282024,0,0.260297567,0.348394662,15.8849669,2.83699989,0,,,2,1
138983101,0.150000006,0,,,0,0,0.260297567,0.348394662,15.4759121,2.83399987,0,,,2,1
138984227,0.150000006,0,,,0,0,0.260297567,0.348394662,15.0077715,2.83399987,0,,,2,1
138985356,0.150000006,0,,,0,0,0.260297567,0.348394662,14.4669094,2.83200002,0,,,2,1
138986482,0.150000006,0,,,0,0,0.260297567,0.348394662,14.0351295,2.83200002,0,,,2,1
138987816,0.150000006,0,,,0,0,0.260297567,0.348394662,13.4488173,2.83000016,0,,,2,1
138988942,0.150000006,0,,,0,0,0.260297567,0.348394662,12.8670502,2.83000016,0,,,2,1
138990071,0.150000006,0,,,0,0,0.260297567,0.348394662,12.3534594,2.82700014,0,,,2,1
138991197,0.150000006,0,,,0,0,0.260297567,0.348394662,11.8262329,2.82700014,0,,,2,1
138992332,0.150000006,0,,,0,0,0.260297567,0.348394662,11.2717361,2.82500029,0,,,2,1
138993458,0.150000006,0,,,0,0,0.260297567,0.348394662,10.6626987,2.82500029,0,,,2,1
138994587,0.150000006,0,,,0,0,0.260297567,0.348394662,10.0400267,2.82299995,0,,,2,1
138995713,0.150000006,0,,,0,1.30549443,0.260297567,0.348394662,10.1218376,2.82299995,0,,,2,1
138996843,0.150000006,0,,,0,1.77289367,0.260297567,0.348394662,10.9763079,2.8210001,0,,,2,1
138997969,0.150000006,0,,,0,1.65201449,0.260297567,0.348394662,11.848958,2.8210001,0,,,2,1
138999099,0.150000006,0,,,0,1.69230759,0.260297567,0.348394662,12.7125187,2.81799984,0,,,2,1
139000226,0.150000006,0,,,0,1.49084234,0.260297567,0.348394662,13.5351734,2.81799984,0,,,2,1
139001389,0.150000006,0,,,0,1.40219772,0.269722372,0.332828641,14.3987341,2.81599998,0,,,2,1
139002550,0.150000006,0,,,0,1.26520133,0.279855311,0.318594068,15.225934,2.81599998,0,,,2,1
139003718,0.150000006,0,,,0,1.02344322,0.290779352,0.305527151,15.8486061,2.81399989,0,,,2,1
139004878,0.150000006,0,,,0,0.49963367,0.302590877,0.293489844,15.8986015,2.81399989,0,,,2,1
139006041,0.150000006,0,,,0,0.394871771,0.315402597,0.282365084,15.8804216,2.81100011,0,,,2,1
139007202,0.150000006,0,,,0,0.402930379,0.329347193,0.272052884,15.9031467,2.81100011,0,,,2,1
139008569,0.150000006,0,,,0,0.507692277,0.344581842,0.262467384,15.8986015,2.80900002,0,,,2,1
139009729,0.150000006,0,,,0,0.483516455,0.36129427,0.253534377,15.8986015,2.80900002,0,,,2,1
139010893,0.150000006,0,,,0,0.483516455,0.379710495,0.245189399,15.8986015,2.80700016,0,,,2,1
139012053,0.150000006,0,,,0,0.46739924,0.36129427,0.253534377,15.8849669,2.80700016,0,,,2,1
139013217,0.150000006,0,,,0,0.46739924,0.344581842,0.262467384,15.8486061,2.8039999,0,,,2,1
139014377,0.150000006,0,,,0,0.491575062,0.329347193,0.272052884,15.8622417,2.8039999,0,,,2,1
139015546,0.150000006,0,,,0,0.515750885,0.315402597,0.282365084,15.8713312,2.80200005,0,,,2,1
139016706,0.150000006,0,,,0,0.427106202,0.302590877,0.293489844,15.8713312,2.80200005,0,,,2,1
139017869,0.150000006,0,,,0,0.515750885,0.290779352,0.305527151,15.8622417,2.79999971,0,,,2,1
139019029,0.150000006,0,,,0,0.5318681,0.279855311,0.318594068,15.8304262,2.79999971,0,,,2,1
139020193,0.150000006,0,,,0,0.427106202,0.269722372,0.332828641,15.866787,2.79699993,0,,,2,1
139021353,0.150000006,0,,,0,0.435164809,0.260297567,0.348394662,15.8622417,2.79699993,0,,,2,1
139022517,0.150000006,0,,,0,0.475457847,0.25150916,0.365488142,15.825881,2.79499984,0,,,2,1
139023677,0.150000006,0,,,0,0.572161138,0.24329482,0.384345502,15.8486061,2.79499984,0,,,2,1
139024840,0.150000006,0,,,0,0.435164809,0.235600084,0.405254602,15.8440609,2.79299998,0,,,2,1
139026001,0.150000006,0,,,0,0.410988986,0.228377149,0.428569585,15.825881,2.79299998,0,,,2,1
139027169,0.150000006,0,,,0,0.556043923,0.221583903,0.454731047,15.825881,2.78999996,0,,,2,1
139028296,0.150000006,0,,,0,0.483516455,0.221583903,0.454731047,15.8122463,2.78999996,0,,,2,1
139029629,0.150000006,0,,,0,0,0.221583903,0.454731047,15.3759203,2.78800011,0,,,2,1
139030755,0.150000006,0,,,0,0,0.221583903,0.454731047,14.9168701,2.78800011,0,,,2,1
139031885,0.150000006,0.993750036,,,1.28131866,0.00805860758,0.221583903,0.454731047,15.3668308,2.78600025,0,,,2,1
139033012,0.150000006,1,,,0.991208732,0,0.221583903,0.454731047,15.9349623,2.78600025,0,,,2,1
139034175,0.150000006,1,,,0.362637341,0,0.215183139,0.484294116,15.8986015,2.78299999,0,,,2,1
139035335,0.150000006,1,,,0.56410253,0,0.209141776,0.517968357,15.9167824,2.78299999,0,,,2,1
139036499,0.150000006,1,,,0.46739924,0,0.215183139,0.484294116,15.9213276,2.78100014,0,,,2,1
139037659,0.150000006,1,,,0.362637341,0,0.221583903,0.454731047,15.9122372,2.78100014,0,,,2,1
139038828,0.150000006,1,,,0.427106202,0,0.228377149,0.428569585,15.9167824,2.77899981,0,,,2,1
139039988,0.150000006,1,,,0.491575062,0,0.235600084,0.405254602,15.8986015,2.77899981,0,,,2,1
139041152,0.150000006,1,,,0.507692277,0,0.24329482,0.384345502,15.8895121,2.77600002,0,,,2,1
139042312,0.150000006,1,,,0.443223417,0,0.25150916,0.365488142,15.8804216,2.77600002,0,,,2,1
139043476,0.150000006,1,,,0.443223417,0,0.260297567,0.348394662,15.8622417,2.77399993,0,,,2,1
139044602,0.150000006,1,,,0.491575062,0,0.260297567,0.348394662,15.8804216,2.77399993,0,,,2,1
139045731,0.150000006,0,,,0,0,0.260297567,0.348394662,15.4395514,2.77200007,0,,,2,1
139046857,0.150000006,0,,,0,0,0.260297567,0.348394662,15.039587,2.77200007,0,,,2,1
139047987,0.150000006,0,,,0,0,0.260297567,0.348394662,14.5669012,2.76999998,0,,,2,1
139049113,0.150000006,0,,,0,0,0.260297567,0.348394662,14.1033049,2.76999998,0,,,2,1
139050451,0.150000006,0,,,0,0,0.260297567,0.348394662,13.4806328,2.7670002,0,,,2,1
139051577,0.150000006,0,,,0,0,0.260297567,0.348394662,12.9761314,2.7670002,0,,,2,1
139052707,0.150000006,0,,,0,0,0.260297567,0.348394662,12.4670858,2.76499987,0,,,2,1
139053833,0.150000006,0,,,0,0,0.260297567,0.348394662,11.8989534,2.76499987,0,,,2,1
139054962,0.150000006,0,,,0,0,0.260297567,0.348394662,11.371727,2.76300001,0,,,2,1
139056088,0.150000006,0,,,0,0,0.260297567,0.348394662,10.8035955,2.76300001,0,,,2,1
139057218,0.150000006,0,,,0,0,0.260297567,0.348394662,10.2445536,2.75999975,0,,,2,1
139058344,0.150000006,0,,,0,1.09597063,0.260297567,0.348394662,10.1036568,2.75999975,0,,,2,1
139059474,0.150000006,0,,,0,1.74065924,0.260297567,0.348394662,10.9853973,2.7579999,0,,,2,1
139060605,0.150000006,0,,,0,1.57948709,0.260297567,0.348394662,11.8580484,2.7579999,0,,,2,1
139061735,0.150000006,0,,,0,1.57142854,0.260297567,0.348394662,12.7125187,2.75600004,0,,,2,1
139062862,0.150000006,0,,,0,1.58754563,0.260297567,0.348394662,13.5533533,2.75600004,0,,,2,1
139064026,0.150000006,0,,,0,1.25714278,0.269722372,0.332828641,14.4078236,2.75399995,0,,,2,1
139065186,0.150000006,0,,,0,1.24102557,0.279855311,0.318594068,15.2395687,2.75399995,0,,,2,1
139066349,0.150000006,0,,,0,0.983150125,0.290779352,0.305527151,15.8349714,2.75100017,0,,,2,1
139067510,0.150000006,0,,,0,0.451282024,0.302590877,0.293489844,15.9122372,2.75100017,0,,,2,1
139068673,0.150000006,0,,,0,0.314285696,0.315402597,0.282365084,15.9031467,2.74900007,0,,,2,1
139069834,0.150000006,0,,,0,0.402930379,0.329347193,0.272052884,15.8986015,2.74900007,0,,,2,1
139071201,0.150000006,0,,,0,0.507692277,0.344581842,0.262467384,15.9031467,2.74600029,0,,,2,1
139072366,0.150000006,0,,,0,0.427106202,0.36129427,0.253534377,15.9031467,2.74600029,0,,,2,1
139073530,0.150000006,0,,,0,0.443223417,0.379710495,0.245189399,15.9258718,2.74399996,0,,,2,1
139074690,0.150000006,0,,,0,0.419047594,0.36129427,0.253534377,15.8531513,2.74399996,0,,,2,1
139075853,0.150000006,0,,,0,0.49963367,0.344581842,0.262467384,15.866787,2.7420001,0,,,2,1
139077013,0.150000006,0,,,0,0.475457847,0.329347193,0.272052884,15.8758764,2.7420001,0,,,2,1
139078177,0.150000006,0,,,0,0.386813164,0.315402597,0.282365084,15.8804216,2.73899984,0,,,2,1
139079337,0.150000006,0,,,0,0.556043923,0.302590877,0.293489844,15.866787,2.73899984,0,,,2,1
139080500,0.150000006,0,,,0,0.475457847,0.290779352,0.305527151,15.8440609,2.73699999,0,,,2,1
139081660,0.150000006,0,,,0,0.46739924,0.279855311,0.318594068,15.8758764,2.73699999,0,,,2,1
139082824,0.150000006,0,,,0,0.386813164,0.269722372,0.332828641,15.8622417,2.7349999,0,,,2,1
139083989,0.150000006,0,,,0,0.507692277,0.260297567,0.348394662,15.8531513,2.7349999,0,,,2,1
139085152,0.150000006,0,,,0,0.515750885,0.25150916,0.365488142,15.825881,2.73200011,0,,,2,1
139086312,0.150000006,0,,,0,0.435164809,0.24329482,0.384345502,15.8531513,2.73200011,0,,,2,1
139087475,0.150000006,0,,,0,0.410988986,0.235600084,0.405254602,15.8486061,2.73000002,0,,,2,1
139088636,0.150000006,0,,,0,0.451282024,0.228377149,0.428569585,15.8304262,2.73000002,0,,,2,1
139089766,0.150000006,0,,,0,0.49963367,0.228377149,0.428569585,15.825881,2.72800016,0,,,2,1
139090892,0.150000006,0,,,0,0,0.228377149,0.428569585,15.4577312,2.72800016,0,,,2,1
139092225,0.150000006,0,,,0,0,0.228377149,0.428569585,14.9941359,2.7249999,0,,,2,1
139093352,0.150000006,1,,,0.0161172152,0,0.228377149,0.428569585,14.6078062,2.7249999,0,,,2,1
139094481,0.150000006,1,,,1.42637348,0,0.228377149,0.428569585,15.3577404,2.72300005,0,,,2,1
139095613,0.150000006,1,,,0.975091517,0,0.228377149,0.428569585,15.9167824,2.72300005,0,,,2,1
139096776,0.150000006,1,,,0.410988986,0,0.221583903,0.454731047,15.907692,2.72099972,0,,,2,1
139097937,0.150000006,1,,,0.475457847,0,0.215183139,0.484294116,15.9122372,2.72099972,0,,,2,1
139099100,0.150000006,1,,,0.491575062,0,0.221583903,0.454731047,15.9395075,2.71799994,0,,,2,1
139100260,0.150000006,1,,,0.419047594,0,0.228377149,0.428569585,15.9258718,2.71799994,0,,,2,1
139101424,0.150000006,1,,,0.29816848,0,0.235600084,0.405254602,15.9031467,2.71599984,0,,,2,1
139102584,0.150000006,1,,,0.459340632,0,0.24329482,0.384345502,15.9167824,2.71599984,0,,,2,1
139103748,0.150000006,1,,,0.362637341,0,0.25150916,0.365488142,15.8849669,2.71399999,0,,,2,1
139104909,0.150000006,1,,,0.451282024,0,0.260297567,0.348394662,15.8895121,2.71399999,0,,,2,1
139106072,0.150000006,1,,,0.378754556,0,0.269722372,0.332828641,15.8622417,2.71099997,0,,,2,1
139107204,0.150000006,1,,,0.483516455,0,0.269722372,0.332828641,15.8849669,2.71099997,0,,,2,1
139108334,0.150000006,0,,,0,0,0.269722372,0.332828641,15.4577312,2.70900011,0,,,2,1
139109460,0.150000006,0,,,0,0,0.269722372,0.332828641,15.0623121,2.70900011,0,,,2,1
139110589,0.150000006,0,,,0,0,0.269722372,0.332828641,14.6214418,2.70700026,0,,,2,1
139111715,0.150000006,0,,,0,0,0.269722372,0.332828641,14.1805716,2.70700026,0,,,2,1
139113048,0.150000006,0,,,0,0,0.269722372,0.332828641,13.5806236,2.704,0,,,2,1
139114175,0.150000006,0,,,0,0,0.269722372,0.332828641,13.1488438,2.704,0,,,2,1
139115304,0.150000006,0,,,0,0.00805860758,0.269722372,0.332828641,12.635253,2.70200014,0,,,2,1
139116430,0.150000006,0,,,0,0,0.269722372,0.332828641,12.1580219,2.70200014,0,,,2,1
139117559,0.150000006,0,,,0,0,0.269722372,0.332828641,11.5944347,2.69999981,0,,,2,1
139118691,0.150000006,0,,,0,0,0.269722372,0.332828641,11.1172047,2.69999981,0,,,2,1
139119820,0.150000006,0,,,0,0,0.269722372,0.332828641,10.5536175,2.69799995,0,,,2,1
139120947,0.150000006,0,,,0,0.169230759,0.269722372,0.332828641,10.1854677,2.69799995,0,,,2,1
139122076,0.150000006,0,,,0,1.67619038,0.269722372,0.332828641,10.9763079,2.69499993,0,,,2,1
139123203,0.150000006,0,,,0,1.56336987,0.269722372,0.332828641,11.8671379,2.69499993,0,,,2,1
139124332,0.150000006,0,,,0,1.5553112,0.269722372,0.332828641,12.6943378,2.69300008,0,,,2,1
139125493,0.150000006,0,,,0,1.47472525,0.279855311,0.318594068,13.5578985,2.69300008,0,,,2,1
139126656,0.150000006,0,,,0,1.36190462,0.290779352,0.305527151,14.416914,2.69099998,0,,,2,1
139127817,0.150000006,0,,,0,1.16849804,0.302590877,0.293489844,15.2713842,2.69099998,0,,,2,1
139128984,0.150000006,0,,,0,0.983150125,0.315402597,0.282365084,15.8440609,2.68900013,0,,,2,1
139130145,0.150000006,0,,,0,0.459340632,0.329347193,0.272052884,15.8895121,2.68900013,0,,,2,1
139131308,0.150000006,0,,,0,0.394871771,0.344581842,0.262467384,15.9213276,2.68599987,0,,,2,1
139132468,0.150000006,0,,,0,0.249816835,0.36129427,0.253534377,15.9258718,2.68599987,0,,,2,1
139133836,0.150000006,0,,,0,0.507692277,0.379710495,0.245189399,15.9031467,2.68400002,0,,,2,1
139134996,0.150000006,0,,,0,0.46739924,0.383710563,0.243549913,15.8895121,2.68400002,0,,,2,1
139136159,0.150000006,0,,,0,0.394871771,0.364913911,0.251781791,15.9213276,2.68099976,0,,,2,1
139137319,0.150000006,0,,,0,0.290109873,0.347872823,0.2605896,15.8713312,2.68099976,0,,,2,1
139138482,0.150000006,0,,,0,0.515750885,0.33235234,0.270035952,15.8758764,2.6789999,0,,,2,1
139139643,0.150000006,0,,,0,0.475457847,0.318157583,0.280192971,15.8531513,2.6789999,0,,,2,1
139140811,0.150000006,0,,,0,0.378754556,0.305125713,0.291143924,15.8758764,2.67700005,0,,,2,1
139141971,0.150000006,0,,,0,0.386813164,0.293119401,0.302985668,15.866787,2.67700005,0,,,2,1
139143134,0.150000006,0,,,0,0.459340632,0.282022208,0.315831542,15.8713312,2.67400002,0,,,2,1
139144295,0.150000006,0,,,0,0.475457847,0.271734595,0.329814911,15.8486061,2.67400002,0,,,2,1
139145458,0.150000006,0,,,0,0.394871771,0.262171119,0.345093846,15.8713312,2.67200017,0,,,2,1
139146618,0.150000006,0,,,0,0.370695949,0.25325793,0.361857176,15.8576965,2.67200017,0,,,2,1
139147782,0.150000006,0,,,0,0.459340632,0.244930863,0.380332232,15.8486061,2.67000008,0,,,2,1
139148942,0.150000006,0,,,0,0.507692277,0.237133935,0.400795341,15.8304262,2.67000008,0,,,2,1
139150106,0.150000006,0,,,0,0.378754556,0.229818106,0.423585624,15.8531513,2.66700029,0,,,2,1
139151233,0.150000006,0,,,0,0.370695949,0.229818106,0.423585624,15.8349714,2.66700029,0,,,2,1
139152367,0.150000006,0,,,0,0,0.229818106,0.423585624,15.4440966,2.66499996,0,,,2,1
139153493,0.150000006,0,,,0,0,0.229818106,0.423585624,14.9532309,2.66499996,0,,,2,1
139154826,0.150000006,1,,,0.0402930379,0,0.229818106,0.423585624,14.6078062,2.66300011,0,,,2,1
139155953,0.150000006,1,,,1.26520133,0,0.229818106,0.423585624,15.3668308,2.66300011,0,,,2,1
139157083,0.150000006,1,,,0.991208732,0,0.229818106,0.423585624,15.9304171,2.65999985,0,,,2,1
139158243,0.150000006,1,,,0.459340632,0,0.222940162,0.449123979,15.8895121,2.65999985,0,,,2,1
139159407,0.150000006,1,,,0.459340632,0,0.216461942,0.477939397,15.9304171,2.65799999,0,,,2,1
139160567,0.150000006,1,,,0.338461518,0,0.216811538,0.476243794,15.9213276,2.65799999,0,,,2,1
139161731,0.150000006,1,,,0.435164809,0,0.223311022,0.447626352,15.9349623,2.6559999,0,,,2,1
139162891,0.150000006,1,,,0.451282024,0,0.230212212,0.422253221,15.8940573,2.6559999,0,,,2,1
139164059,0.150000006,1,,,0.435164809,0,0.237553552,0.399602264,15.9349623,2.65300012,0,,,2,1
139165220,0.150000006,1,,,0.282051265,0,0.245378554,0.379257709,15.8849669,2.65300012,0,,,2,1
139166383,0.150000006,1,,,0.475457847,0,0.253736615,0.360884368,15.8895121,2.65100002,0,,,2,1
139167544,0.150000006,1,,,0.435164809,0,0.262684137,0.344208956,15.866787,2.65100002,0,,,2,1
139168707,0.150000006,1,,,0.410988986,0,0.272285759,0.329006553,15.8895121,2.64900017,0,,,2,1
139169834,0.150000006,1,,,0.354578733,0,0.272285759,0.329006553,15.8758764,2.64900017,0,,,2,1
139170963,0.150000006,0,,,0,0,0.272285759,0.329006553,15.4986372,2.64699984,0,,,2,1
139172090,0.150000006,0,,,0,0,0.272285759,0.329006553,15.0077715,2.64699984,0,,,2,1
139173219,0.150000006,0,,,0,0,0.272285759,0.329006553,14.6078062,2.64400005,0,,,2,1
139174345,0.150000006,0,,,0,0,0.272285759,0.329006553,14.2078419,2.64400005,0,,,2,1
139175479,0.150000006,0,,,0,0,0.272285759,0.329006553,13.7442455,2.64199972,0,,,2,1
139176809,0.150000006,0,,,0,0,0.272285759,0.329006553,13.153389,2.64199972,0,,,2,1
139177938,0.150000006,0,,,0,0,0.272285759,0.329006553,12.7034283,2.63999987,0,,,2,1
139179064,0.150000006,0,,,0,0,0.272285759,0.329006553,12.2352877,2.63999987,0,,,2,1
139180193,0.150000006,0,,,0,0,0.272285759,0.329006553,11.7398767,2.63699985,0,,,2,1
139181319,0.150000006,0,,,0,0,0.272285759,0.329006553,11.2217407,2.63699985,0,,,2,1
139182448,0.150000006,0,,,0,0,0.272285759,0.329006553,10.6854239,2.63499999,0,,,2,1
139183575,0.150000006,0,,,0,1.33772886,0.272285759,0.329006553,11.0217581,2.63499999,0,,,2,1
139184706,0.150000006,0,,,0,1.54725266,0.272285759,0.329006553,11.8671379,2.63300014,0,,,2,1
139185832,0.150000006,0,,,0,1.53113544,0.272285759,0.329006553,12.739789,2.63300014,0,,,2,1
139186967,0.150000006,0,,,0,1.41025639,0.272285759,0.329006553,13.5760784,2.63100004,0,,,2,1
139188094,0.150000006,0,,,0,1.36996329,0.272285759,0.329006553,14.4396391,2.63100004,0,,,2,1
139189257,0.150000006,0,,,0,1.17655671,0.2826159,0.315090209,15.225934,2.62800026,0,,,2,1
139190417,0.150000006,0,,,0,0.975091517,0.293760806,0.302303344,15.8622417,2.62800026,0,,,2,1
139191580,0.150000006,0,,,0,0.394871771,0.305820823,0.290513873,15.9031467,2.62599993,0,,,2,1
139192740,0.150000006,0,,,0,0.322344303,0.31891343,0.279609382,15.9167824,2.62599993,0,,,2,1
139193903,0.150000006,0,,,0,0.354578733,0.333177209,0.269493878,15.8986015,2.62400007,0,,,2,1
139195064,0.150000006,0,,,0,0.435164809,0.348776668,0.260084748,15.8940573,2.62400007,0,,,2,1
139196227,0.150000006,0,,,0,0.491575062,0.365908593,0.251310468,15.907692,2.62099981,0,,,2,1
139197591,0.150000006,0,,,0,0.402930379,0.384810507,0.243108869,15.9304171,2.62099981,0,,,2,1
139198759,0.150000006,0,,,0,0.314285696,0.367803961,0.250424147,15.8622417,2.61899996,0,,,2,1
139199919,0.150000006,0,,,0,0.491575062,0.350498259,0.259135544,15.8849669,2.61899996,0,,,2,1
139201083,0.150000006,0,,,0,0.386813164,0.33474791,0.268474907,15.8804216,2.61599994,0,,,2,1
139202243,0.150000006,0,,,0,0.386813164,0.320352256,0.278512627,15.8895121,2.61599994,0,,,2,1
139203407,0.150000006,0,,,0,0.402930379,0.307143688,0.289330095,15.8622417,2.61400008,0,,,2,1
139204567,0.150000006,0,,,0,0.459340632,0.294981182,0.301021785,15.8622417,2.61400008,0,,,2,1
139205731,0.150000006,0,,,0,0.435164809,0.283745259,0.313698173,15.8713312,2.61199999,0,,,2,1
139206891,0.150000006,0,,,0,0.362637341,0.273333907,0.327489138,15.8622417,2.61199999,0,,,2,1
139208054,0.150000006,0,,,0,0.410988986,0.263659537,0.34254843,15.8622417,2.60900021,0,,,2,1
139209220,0.150000006,0,,,0,0.419047594,0.254646569,0.359059483,15.8349714,2.60900021,0,,,2,1
139210384,0.150000006,0,,,0,0.443223417,0.246229455,0.377242804,15.8622417,2.60699987,0,,,2,1
139211544,0.150000006,0,,,0,0.370695949,0.238350973,0.397366017,15.8531513,2.60699987,0,,,2,1
139212674,0.150000006,0,,,0,0.394871771,0.238350973,0.397366017,15.8440609,2.60500002,0,,,2,1
139213801,0.150000006,0,,,0,0,0.238350973,0.397366017,15.4440966,2.60500002,0,,,2,1
139214930,0.150000006,0,,,0,0,0.238350973,0.397366017,14.9805012,2.60300016,0,,,2,1
139216056,0.150000006,0,,,0,0,0.238350973,0.397366017,14.5850811,2.60300016,0,,,2,1
139217185,0.150000006,0,,,0,0,0.238350973,0.397366017,14.1805716,2.5999999,0,,,2,1
139218516,0.150000006,1,,,1.20073247,0,0.238350973,0.397366017,14.480545,2.5999999,0,,,2,1
139219680,0.150000006,1,,,1.35384607,0,0.230961025,0.419757068,15.2986546,2.59800005,0,,,2,1
139220845,0.150000006,1,,,1.02344322,0,0.224015534,0.444822192,15.9395075,2.59800005,0,,,2,1
139222008,0.150000006,1,,,0.362637341,0,0.217475593,0.47307089,15.8986015,2.59599996,0,,,2,1
139223168,0.150000006,1,,,0.443223417,0,0.224015534,0.444822192,15.9395075,2.59599996,0,,,2,1
139224332,0.150000006,1,,,0.330402911,0,0.230961025,0.419757068,15.9258718,2.59300017,0,,,2,1
139225492,0.150000006,1,,,0.378754556,0,0.238350973,0.397366017,15.9213276,2.59300017,0,,,2,1
139226655,0.150000006,1,,,0.491575062,0,0.246229455,0.377242804,15.9122372,2.59100008,0,,,2,1
139227816,0.150000006,1,,,0.225641012,0,0.254646569,0.359059483,15.907692,2.59100008,0,,,2,1
139228979,0.150000006,1,,,0.354578733,0,0.263659537,0.34254843,15.8895121,2.58900023,0,,,2,1
139230139,0.150000006,1,,,0.29816848,0,0.273333907,0.327489138,15.8713312,2.58900023,0,,,2,1
139231269,0.150000006,1,,,0.435164809,0,0.273333907,0.327489138,15.8940573,2.58599997,0,,,2,1
139232401,0.150000006,0,,,0,0,0.273333907,0.327489138,15.5349979,2.58599997,0,,,2,1
139233530,0.150000006,0,,,0,0,0.273333907,0.327489138,15.1350327,2.58400011,0,,,2,1
139234656,0.150000006,0,,,0,0,0.273333907,0.327489138,14.7168875,2.58400011,0,,,2,1
139235785,0.150000006,0,,,0,0,0.273333907,0.327489138,14.3032875,2.58199978,0,,,2,1
139236911,0.150000006,0,,,0,0,0.273333907,0.327489138,13.9169579,2.58199978,0,,,2,1
139238041,0.150000006,0,,,0,0,0.273333907,0.327489138,13.485178,2.579,0,,,2,1
139239371,0.150000006,0,,,0,0,0.273333907,0.327489138,12.9352264,2.579,0,,,2,1
139240501,0.150000006,0,,,0,0,0.273333907,0.327489138,12.4898109,2.5769999,0,,,2,1
139241627,0.150000006,0,,,0,0,0.273333907,0.327489138,12.035305,2.5769999,0,,,2,1
139242756,0.150000006,0,,,0,0,0.273333907,0.327489138,11.5808001,2.57500005,0,,,2,1
139243887,0.150000006,0,,,0,0,0.273333907,0.327489138,11.0353928,2.57500005,0,,,2,1
139245017,0.150000006,0,,,0,1.08791208,0.273333907,0.327489138,11.0308485,2.57200003,0,,,2,1
139246144,0.150000006,0,,,0,1.43443215,0.273333907,0.327489138,11.8853188,2.57200003,0,,,2,1
139247273,0.150000006,0,,,0,1.47472525,0.273333907,0.327489138,12.7352438,2.57000017,0,,,2,1
139248400,0.150000006,0,,,0,1.39413905,0.273333907,0.327489138,13.5851688,2.57000017,0,,,2,1
139249563,0.150000006,0,,,0,1.37802196,0.283745259,0.313698173,14.416914,2.56799984,0,,,2,1
139250724,0.150000006,0,,,0,1.2329669,0.294981182,0.301021785,15.2759295,2.56799984,0,,,2,1
139251888,0.150000006,0,,,0,0.821977973,0.307143688,0.289330095,15.8849669,2.56599998,0,,,2,1
139253048,0.150000006,0,,,0,0.378754556,0.320352256,0.278512627,15.8940573,2.56599998,0,,,2,1
139254212,0.150000006,0,,,0,0.402930379,0.33474791,0.268474907,15.9122372,2.56299973,0,,,2,1
139255377,0.150000006,0,,,0,0.29816848,0.350498259,0.259135544,15.9213276,2.56299973,0,,,2,1
139256541,0.150000006,0,,,0,0.354578733,0.367803961,0.250424147,15.9122372,2.56099987,0,,,2,1
139257701,0.150000006,0,,,0,0.427106202,0.386907309,0.242279351,15.8940573,2.56099987,0,,,2,1
139258865,0.150000006,0,,,0,0.435164809,0.367803961,0.250424147,15.9258718,2.55900002,0,,,2,1
139260229,0.150000006,0,,,0,0.273992658,0.350498259,0.259135544,15.8758764,2.55900002,0,,,2,1
139261392,0.150000006,0,,,0,0.427106202,0.33474791,0.268474907,15.8804216,2.55599999,0,,,2,1
139262553,0.150000006,0,,,0,0.386813164,0.320352256,0.278512627,15.866787,2.55599999,0,,,2,1
139263716,0.150000006,0,,,0,0.435164809,0.307143688,0.289330095,15.8804216,2.55400014,0,,,2,1
139264876,0.150000006,0,,,0,0.378754556,0.294981182,0.301021785,15.8804216,2.55400014,0,,,2,1
139266040,0.150000006,0,,,0,0.370695949,0.283745259,0.313698173,15.866787,2.55100012,0,,,2,1
139267205,0.150000006,0,,,0,0.410988986,0.273333907,0.327489138,15.8758764,2.55100012,0,,,2,1
139268368,0.150000006,0,,,0,0.386813164,0.263659537,0.34254843,15.8531513,2.54900026,0,,,2,1
139269528,0.150000006,0,,,0,0.394871771,0.254646569,0.359059483,15.8804216,2.54900026,0,,,2,1
139270691,0.150000006,0,,,0,0.338461518,0.246229455,0.377242804,15.8622417,2.54699993,0,,,2,1
139271852,0.150000006,0,,,0,0.443223417,0.238350973,0.397366017,15.8531513,2.54699993,0,,,2,1
139272982,0.150000006,0,,,0,0.410988986,0.238350973,0.397366017,15.8531513,2.54500008,0,,,2,1
139274109,0.150000006,0,,,0,0,0.238350973,0.397366017,15.4804573,2.54500008,0,,,2,1
139275238,0.150000006,0,,,0,0,0.238350973,0.397366017,15.1350327,2.54199982,0,,,2,1
139276365,0.150000006,0,,,0,0,0.238350973,0.397366017,14.7350683,2.54199982,0,,,2,1
139277499,0.150000006,0,,,0,0,0.238350973,0.397366017,14.2941971,2.53999996,0,,,2,1
139278625,0.150000006,1,,,0.821977973,0,0.238350973,0.397366017,14.3532829,2.53999996,0,,,2,1
139279755,0.150000006,1,,,1.25714278,0,0.238350973,0.397366017,15.1713934,2.53799987,0,,,2,1
139281119,0.150000006,1,,,0.983150125,0,0.230961025,0.419757068,15.9258718,2.53799987,0,,,2,1
139282283,0.150000006,1,,,0.378754556,0,0.224015534,0.444822192,15.907692,2.53500009,0,,,2,1
139283443,0.150000006,1,,,0.588278353,0,0.221029267,0.457084805,15.9213276,2.53500009,0,,,2,1
139284607,0.150000006,1,,,0.290109873,0,0.227788031,0.430659682,15.9440527,2.53299999,0,,,2,1
139285767,0.150000006,1,,,0.282051265,0,0.234973162,0.407122999,15.9167824,2.53299999,0,,,2,1
139286930,0.150000006,1,,,0.451282024,0,0.242626339,0.386025667,15.9213276,2.53100014,0,,,2,1
139288090,0.150000006,1,,,0.443223417,0,0.250794828,0.367007136,15.9213276,2.53100014,0,,,2,1
139289259,0.150000006,1,,,0.338461518,0,0.259532511,0.349774629,15.8940573,2.52799988,0,,,2,1
139290419,0.150000006,1,,,0.386813164,0,0.26890102,0.334087819,15.8986015,2.52799988,0,,,2,1
139291583,0.150000006,1,,,0.394871771,0,0.278971195,0.319747657,15.866787,2.52600002,0,,,2,1
139292709,0.150000006,1,,,0.410988986,0,0.278971195,0.319747657,15.8804216,2.52600002,0,,,2,1
139293838,0.150000006,0,,,0,0,0.278971195,0.319747657,15.5304527,2.52400017,0,,,2,1
139294964,0.150000006,0,,,0,0,0.278971195,0.319747657,15.1577578,2.52400017,0,,,2,1
139296093,0.150000006,0,,,0,0,0.278971195,0.319747657,14.8032436,2.52099991,0,,,2,1
139297219,0.150000006,0,,,0,0,0.278971195,0.319747657,14.4032793,2.52099991,0,,,2,1
139298348,0.150000006,0,,,0,0,0.278971195,0.319747657,13.9578638,2.51900005,0,,,2,1
139299474,0.150000006,0,,,0,0,0.278971195,0.319747657,13.5442638,2.51900005,0,,,2,1
139300608,0.150000006,0,,,0,0,0.278971195,0.319747657,13.1488438,2.51699996,0,,,2,1
139301938,0.150000006,0,,,0,0,0.278971195,0.319747657,12.6261625,2.51699996,0,,,2,1
139303067,0.150000006,0,,,0,0,0.278971195,0.319747657,12.1898375,2.51400018,0,,,2,1
139304193,0.150000006,0,,,0,0,0.278971195,0.319747657,11.7080612,2.51400018,0,,,2,1
139305322,0.150000006,0,,,0,0,0.278971195,0.319747657,11.2853708,2.51200008,0,,,2,1
139306449,0.150000006,0,,,0,0.346520126,0.278971195,0.319747657,11.0626631,2.51200008,0,,,2,1
139307578,0.150000006,0,,,0,1.43443215,0.278971195,0.319747657,11.8716831,2.51000023,0,,,2,1
139308705,0.150000006,0,,,0,1.54725266,0.278971195,0.319747657,12.739789,2.51000023,0,,,2,1
139309835,0.150000006,0,,,0,1.28937721,0.278971195,0.319747657,13.5897141,2.5079999,0,,,2,1
139310962,0.150000006,0,,,0,1.30549443,0.278971195,0.319747657,14.4123688,2.5079999,0,,,2,1
139312130,0.150000006,0,,,0,1.28131866,0.289824992,0.306587905,15.2441139,2.50500011,0,,,2,1
139313291,0.150000006,0,,,0,0.838095188,0.301557541,0.294468552,15.8849669,2.50500011,0,,,2,1
139314454,0.150000006,0,,,0,0.26593405,0.314280093,0.283270895,15.9122372,2.50299978,0,,,2,1
139315615,0.150000006,0,,,0,0.419047594,0.32812342,0.272893637,15.907692,2.50299978,0,,,2,1
139316778,0.150000006,0,,,0,0.386813164,0.343242466,0.263249844,15.907692,2.50099993,0,,,2,1
139317945,0.150000006,0,,,0,0.362637341,0.359822094,0.254264414,15.9213276,2.50099993,0,,,2,1
139319108,0.150000006,0,,,0,0.386813164,0.378084749,0.245872095,15.9122372,2.49799991,0,,,2,1
139320268,0.150000006,0,,,0,0.370695949,0.37609759,0.246719807,15.9031467,2.49799991,0,,,2,1
139321432,0.150000006,0,,,0,0.370695949,0.358021826,0.255171061,15.8986015,2.49600005,0,,,2,1
139322592,0.150000006,0,,,0,0.378754556,0.341603875,0.264221847,15.8895121,2.49600005,0,,,2,1
139323964,0.150000006,0,,,0,0.435164809,0.326625675,0.273938298,15.8804216,2.49399996,0,,,2,1
139325124,0.150000006,0,,,0,0.370695949,0.312905818,0.284396678,15.8895121,2.49399996,0,,,2,1
139326287,0.150000006,0,,,0,0.354578733,0.300292075,0.295685291,15.8713312,2.49100018,0,,,2,1
139327447,0.150000006,0,,,0,0.410988986,0.288655907,0.307907104,15.8804216,2.49100018,0,,,2,1
139328610,0.150000006,0,,,0,0.402930379,0.277887881,0.321182817,15.8713312,2.48899984,0,,,2,1
139329771,0.150000006,0,,,0,0.370695949,0.267894357,0.335654885,15.866787,2.48899984,0,,,2,1
139330934,0.150000006,0,,,0,0.338461518,0.258594662,0.351492703,15.8849669,2.48699999,0,,,2,1
139332095,0.150000006,0,,,0,0.354578733,0.249918967,0.368899137,15.8531513,2.48699999,0,,,2,1
139333258,0.150000006,0,,,0,0.410988986,0.241806492,0.38811937,15.8486061,2.48399973,0,,,2,1
139334385,0.150000006,0,,,0,0.378754556,0.241806492,0.38811937,15.8622417,2.48399973,0,,,2,1
139335519,0.150000006,0,,,0,0,0.241806492,0.38811937,15.5440874,2.48199987,0,,,2,1
139336645,0.150000006,0,,,0,0,0.241806492,0.38811937,15.1850281,2.48199987,0,,,2,1
139337774,0.150000006,0,,,0,0,0.241806492,0.38811937,14.7941532,2.48000002,0,,,2,1
139338901,0.150000006,0,,,0,0,0.241806492,0.38811937,14.3896437,2.48000002,0,,,2,1
139340030,0.150000006,0,,,0,0,0.241806492,0.38811937,13.9851341,2.477,0,,,2,1
139341157,0.150000006,1,,,1.16043949,0,0.241806492,0.38811937,14.3214684,2.477,0,,,2,1
139342286,0.150000006,1,,,1.30549443,0,0.241806492,0.38811937,15.1532125,2.47500014,0,,,2,1
139343447,0.150000006,1,,,1.08791208,0,0.234204143,0.409452498,15.8486061,2.47500014,0,,,2,1
139344814,0.150000006,1,,,0.282051265,0,0.22706525,0.433267206,15.9304171,2.47300005,0,,,2,1
139345975,0.150000006,1,,,0.290109873,0,0.220348686,0.460023224,15.9258718,2.47300005,0,,,2,1
139347144,0.150000006,1,,,0.306227088,0,0.22706525,0.433267206,15.9349623,2.47000027,0,,,2,1
139348304,0.150000006,0.975000024,,,0.314285696,0.00805860758,0.234204143,0.409452498,15.9304171,2.47000027,0,,,2,1
139349468,0.150000006,1,,,0.362637341,0,0.241806492,0.38811937,15.907692,2.46799994,0,,,2,1
139350628,0.150000006,1,,,0.346520126,0,0.249918967,0.368899137,15.9349623,2.46799994,0,,,2,1
139351791,0.150000006,1,,,0.26593405,0,0.258594662,0.351492703,15.9031467,2.46600008,0,,,2,1
139352952,0.150000006,1,,,0.362637341,0,0.267894357,0.335654885,15.8713312,2.46600008,0,,,2,1
139354115,0.150000006,1,,,0.419047594,0,0.277887881,0.321182817,15.8849669,2.46299982,0,,,2,1
139355242,0.150000006,1,,,0.386813164,0,0.277887881,0.321182817,15.8986015,2.46299982,0,,,2,1
139356371,0.150000006,0,,,0,0,0.277887881,0.321182817,15.5804482,2.46099997,0,,,2,1
139357502,0.150000006,0,,,0,0,0.277887881,0.321182817,15.2350235,2.46099997,0,,,2,1
139358631,0.150000006,0,,,0,0,0.277887881,0.321182817,14.8532391,2.45899987,0,,,2,1
139359757,0.150000006,0,,,0,0,0.277887881,0.321182817,14.4487295,2.45899987,0,,,2,1
139360886,0.150000006,0,,,0,0,0.277887881,0.321182817,14.0623999,2.45700002,0,,,2,1
139362012,0.150000006,0,,,0,0,0.277887881,0.321182817,13.6987953,2.45700002,0,,,2,1
139363142,0.150000006,0,,,0,0,0.277887881,0.321182817,13.2806501,2.454,0,,,2,1
139364268,0.150000006,0,,,0,0,0.277887881,0.321182817,12.8443251,2.454,0,,,2,1
139365601,0.150000006,0,,,0,0,0.277887881,0.321182817,12.3489141,2.45200014,0,,,2,1
139366727,0.150000006,0,,,0,0,0.277887881,0.321182817,11.9080439,2.45200014,0,,,2,1
139367856,0.150000006,0,,,0,0,0.277887881,0.321182817,11.4989891,2.45000029,0,,,2,1
139368988,0.150000006,0,,,0,0.249816835,0.277887881,0.321182817,11.2399206,2.45000029,0,,,2,1
139370118,0.150000006,0,,,0,1.37802196,0.277887881,0.321182817,12.035305,2.44700003,0,,,2,1
139371245,0.150000006,0,,,0,1.42637348,0.277887881,0.321182817,12.8943205,2.44700003,0,,,2,1
139372375,0.150000006,0,,,0,1.39413905,0.277887881,0.321182817,13.753336,2.44500017,0,,,2,1
139373536,0.150000006,0,,,0,1.25714278,0.288655907,0.307907104,14.5714455,2.44500017,0,,,2,1
139374699,0.150000006,0,,,0,1.19267392,0.300292075,0.295685291,15.3941011,2.44299984,0,,,2,1
139375859,0.150000006,0,,,0,0.701098859,0.312905818,0.284396648,15.9349623,2.44299984,0,,,2,1
139377023,0.150000006,0,,,0,0.26593405,0.326625705,0.273938268,15.9167824,2.44099998,0,,,2,1
139378183,0.150000006,0,,,0,0.451282024,0.341603905,0.264221847,15.8986015,2.44099998,0,,,2,1
139379346,0.150000006,0,,,0,0.394871771,0.358021855,0.255171061,15.9258718,2.43799996,0,,,2,1
139380511,0.150000006,0,,,0,0.217582405,0.37609762,0.246719778,15.9258718,2.43799996,0,,,2,1
139381674,0.150000006,0,,,0,0.362637341,0.369014859,0.24986586,15.907692,2.43600011,0,,,2,1
139382834,0.150000006,0,,,0,0.386813164,0.351597756,0.258537829,15.9213276,2.43600011,0,,,2,1
139383998,0.150000006,0,,,0,0.282051265,0.335750669,0.267833382,15.8895121,2.43400002,0,,,2,1
139385158,0.150000006,0,,,0,0.338461518,0.321270466,0.277822286,15.8758764,2.43400002,0,,,2,1
139386526,0.150000006,0,,,0,0.394871771,0.30798766,0.288585156,15.8895121,2.43100023,0,,,2,1
139387686,0.150000006,0,,,0,0.346520126,0.295759588,0.300215483,15.8713312,2.43100023,0,,,2,1
139388850,0.150000006,0,,,0,0.346520126,0.284465432,0.31282264,15.8713312,2.4289999,0,,,2,1
139390010,0.150000006,0,,,0,0.378754556,0.274002105,0.326535046,15.8849669,2.4289999,0,,,2,1
139391173,0.150000006,0,,,0,0.346520126,0.264281213,0.341504723,15.8713312,2.42600012,0,,,2,1
139392338,0.150000006,0,,,0,0.378754556,0.255226433,0.357912898,15.866787,2.42600012,0,,,2,1
139393502,0.150000006,0,,,0,0.346520126,0.246771574,0.375977337,15.8804216,2.42399979,0,,,2,1
139394629,0.150000006,0,,,0,0.306227088,0.246771574,0.375977337,15.8622417,2.42399979,0,,,2,1
139395758,0.150000006,0,,,0,0,0.246771574,0.375977337,15.5122719,2.42199993,0,,,2,1
139396884,0.150000006,0,,,0,0,0.246771574,0.375977337,15.1395779,2.42199993,0,,,2,1
139398013,0.150000006,0,,,0,0,0.246771574,0.375977337,14.7986984,2.41899991,0,,,2,1
139399139,0.150000006,0,,,0,0,0.246771574,0.375977337,14.4487295,2.41899991,0,,,2,1
139400268,0.150000006,0,,,0,0,0.246771574,0.375977337,14.0533094,2.41700006,0,,,2,1
139401395,0.150000006,0,,,0,0,0.246771574,0.375977337,13.6806154,2.41700006,0,,,2,1
139402526,0.150000006,1,,,1.28131866,0,0.246771574,0.375977337,14.2896528,2.41499996,0,,,2,1
139403657,0.150000006,1,,,1.2168498,0,0.246771574,0.375977337,15.1350327,2.41499996,0,,,2,1
139404821,0.150000006,1,,,1.07985342,0,0.238858923,0.395962209,15.8440609,2.41300011,0,,,2,1
139405982,0.150000006,1,,,0.362637341,0,0.231437936,0.418190897,15.9258718,2.41300011,0,,,2,1
139407350,0.150000006,1,,,0.338461518,0,0.224464163,0.443063796,15.9213276,2.40999985,0,,,2,1
139408510,0.150000006,1,,,0.314285696,0,0.231437936,0.418190897,15.9349623,2.40999985,0,,,2,1
139409674,0.150000006,1,,,0.29816848,0,0.238858923,0.395962209,15.9440527,2.40799999,0,,,2,1
139410835,0.150000006,1,,,0.306227088,0,0.246771574,0.375977337,15.9122372,2.40799999,0,,,2,1
139411998,0.150000006,1,,,0.330402911,0,0.255226433,0.357912898,15.9122372,2.40600014,0,,,2,1
139413159,0.150000006,1,,,0.346520126,0,0.264281213,0.341504723,15.8986015,2.40600014,0,,,2,1
139414322,0.150000006,1,,,0.322344303,0,0.274002105,0.326535046,15.8986015,2.40299988,0,,,2,1
139415488,0.150000006,1,,,0.282051265,0,0.284465432,0.31282264,15.8758764,2.40299988,0,,,2,1
139416618,0.150000006,1,,,0.427106202,0,0.284465432,0.31282264,15.8849669,2.40100002,0,,,2,1
139417744,0.150000006,0,,,0,0,0.284465432,0.31282264,15.5668125,2.40100002,0,,,2,1
139418873,0.150000006,0,,,0,0,0.284465432,0.31282264,15.2077532,2.39899993,0,,,2,1
139419999,0.150000006,0,,,0,0,0.284465432,0.31282264,14.8396044,2.39899993,0,,,2,1
139421128,0.150000006,0,,,0,0,0.284465432,0.31282264,14.5032701,2.39600015,0,,,2,1
139422254,0.150000006,0,,,0,0,0.284465432,0.31282264,14.1442108,2.39600015,0,,,2,1
139423383,0.150000006,0,,,0,0,0.284465432,0.31282264,13.753336,2.39400005,0,,,2,1
139424510,0.150000006,0,,,0,0,0.284465432,0.31282264,13.3442812,2.39400005,0,,,2,1
139425644,0.150000006,0,,,0,0,0.284465432,0.31282264,12.9715862,2.3920002,0,,,2,1
139426770,0.150000006,0,,,0,0,0.284465432,0.31282264,12.5988922,2.3920002,0,,,2,1
139428104,0.150000006,0,,,0,0,0.284465432,0.31282264,12.0943909,2.38899994,0,,,2,1
139429230,0.150000006,0,,,0,0,0.284465432,0.31282264,11.662611,2.38899994,0,,,2,1
139430359,0.150000006,0,,,0,0.0241758227,0.284465432,0.31282264,11.3262768,2.38700008,0,,,2,1
139431487,0.150000006,0,,,0,1.26520133,0.284465432,0.31282264,12.0443954,2.38700008,0,,,2,1
139432617,0.150000006,0,,,0,1.34578753,0.284465432,0.31282264,12.8897753,2.38499975,0,,,2,1
139433744,0.150000006,0,,,0,1.40219772,0.284465432,0.31282264,13.7442455,2.38499975,0,,,2,1
139434873,0.150000006,0,,,0,1.32161164,0.284465432,0.31282264,14.5805359,2.3829999,0,,,2,1
139436000,0.150000006,0,,,0,1.12014651,0.284465432,0.31282264,15.3850107,2.3829999,0,,,2,1
139437168,0.150000006,0,,,0,0.644688606,0.295759588,0.300215483,15.9122372,2.37999988,0,,,2,1
139438328,0.150000006,0,,,0,0.314285696,0.30798766,0.288585097,15.9031467,2.37999988,0,,,2,1
139439492,0.150000006,0,,,0,0.394871771,0.321270496,0.277822286,15.9122372,2.37800002,0,,,2,1
139440652,0.150000006,0,,,0,0.225641012,0.335750699,0.267833382,15.9122372,2.37800002,0,,,2,1
139441815,0.150000006,0,,,0,0.306227088,0.351597786,0.258537799,15.9167824,2.37600017,0,,,2,1
139442975,0.150000006,0,,,0,0.322344303,0.369014889,0.249865845,15.9167824,2.37600017,0,,,2,1
139444138,0.150000006,0,,,0,0.402930379,0.381305456,0.244528905,15.9167824,2.37300014,0,,,2,1
139445299,0.150000006,0,,,0,0.273992658,0.362738013,0.252828211,15.8804216,2.37300014,0,,,2,1
139446463,0.150000006,0,,,0,0.338461518,0.345894843,0.261710674,15.8895121,2.37100029,0,,,2,1
139447623,0.150000006,0,,,0,0.330402911,0.330546439,0.271239996,15.8986015,2.37100029,0,,,2,1
139448996,0.150000006,0,,,0,0.338461518,0.316502303,0.281489491,15.8758764,2.36899996,0,,,2,1
139450156,0.150000006,0,,,0,0.370695949,0.303602904,0.292544007,15.8849669,2.36899996,0,,,2,1
139451320,0.150000006,0,,,0,0.370695949,0.291713834,0.304502249,15.8895121,2.36600018,0,,,2,1
139452480,0.150000006,0,,,0,0.330402911,0.2807208,0.317479789,15.8804216,2.36600018,0,,,2,1
139453643,0.150000006,0,,,0,0.23369962,0.270526201,0.331612766,15.8713312,2.36399984,0,,,2,1
139454803,0.150000006,0,,,0,0.386813164,0.261046112,0.347062618,15.8758764,2.36399984,0,,,2,1
139455967,0.150000006,0,,,0,0.338461518,0.252207965,0.364022464,15.8713312,2.36199999,0,,,2,1
139457094,0.150000006,0,,,0,0.290109873,0.252207965,0.364022464,15.866787,2.36199999,0,,,2,1
139458223,0.150000006,0,,,0,0,0.252207965,0.364022464,15.5849934,2.35899997,0,,,2,1
139459349,0.150000006,0,,,0,0,0.252207965,0.364022464,15.2577496,2.35899997,0,,,2,1
139460483,0.150000006,0,,,0,0,0.252207965,0.364022464,14.8895998,2.35700011,0,,,2,1
139461609,0.150000006,0,,,0,0,0.252207965,0.364022464,14.5032701,2.35700011,0,,,2,1
139462738,0.150000006,0,,,0,0,0.252207965,0.364022464,14.1351204,2.35500002,0,,,2,1
139463865,0.150000006,0,,,0,0,0.252207965,0.364022464,13.7896967,2.35500002,0,,,2,1
139464995,0.150000006,1,,,0.00805860758,0,0.252207965,0.364022464,13.5079031,2.35300016,0,,,2,1
139466122,0.150000006,1,,,1.2168498,0,0.252207965,0.364022464,14.2532921,2.35300016,0,,,2,1
139467251,0.150000006,1,,,1.25714278,0,0.252207965,0.364022464,15.0941277,2.3499999,0,,,2,1
139468412,0.150000006,1,,,1.12014651,0,0.243948668,0.382725,15.8395166,2.3499999,0,,,2,1
139469575,0.150000006,1,,,0.330402911,0,0.236213163,0.403453439,15.9349623,2.34800005,0,,,2,1
139470940,0.150000006,1,,,0.29816848,0,0.228953168,0.426555723,15.9167824,2.34800005,0,,,2,1
139472108,0.150000006,1,,,0.26593405,0,0.236213163,0.403453439,15.9349623,2.34499979,0,,,2,1
139473268,0.150000006,1,,,0.306227088,0,0.243948668,0.382725,15.9440527,2.34499979,0,,,2,1
139474432,0.150000006,1,,,0.29816848,0,0.252207965,0.364022464,15.9304171,2.34299994,0,,,2,1
139475592,0.150000006,1,,,0.306227088,0,0.261046112,0.347062618,15.9167824,2.34299994,0,,,2,1
139476755,0.150000006,1,,,0.282051265,0,0.270526201,0.331612766,15.8895121,2.34099984,0,,,2,1
139477916,0.150000006,1,,,0.322344303,0,0.2807208,0.317479789,15.8986015,2.34099984,0,,,2,1
139479079,0.150000006,1,,,0.346520126,0,0.291713834,0.304502249,15.8895121,2.33800006,0,,,2,1
139480206,0.150000006,1,,,0.29816848,0,0.291713834,0.304502249,15.8804216,2.33800006,0,,,2,1
139481335,0.150000006,0,,,0,0,0.291713834,0.304502249,15.5940828,2.33599997,0,,,2,1
139482461,0.150000006,0,,,0,0,0.291713834,0.304502249,15.2713842,2.33599997,0,,,2,1
139483595,0.150000006,0,,,0,0,0.291713834,0.304502249,14.9214153,2.33400011,0,,,2,1
139484721,0.150000006,0,,,0,0,0.291713834,0.304502249,14.5350857,2.33400011,0,,,2,1
139485851,0.150000006,0,,,0,0,0.291713834,0.304502249,14.1760263,2.33200026,0,,,2,1
139486977,0.150000006,0,,,0,0,0.291713834,0.304502249,13.8306017,2.33200026,0,,,2,1
139488106,0.150000006,0,,,0,0,0.291713834,0.304502249,13.4760876,2.329,0,,,2,1
139489232,0.150000006,0,,,0,0,0.291713834,0.304502249,13.1079378,2.329,0,,,2,1
139490362,0.150000006,0,,,0,0,0.291713834,0.304502249,12.7170639,2.32700014,0,,,2,1
139491692,0.150000006,0,,,0,0,0.291713834,0.304502249,12.2534676,2.32700014,0,,,2,1
139492822,0.150000006,0,,,0,0,0.291713834,0.304502249,11.8989534,2.32499981,0,,,2,1
139493948,0.150000006,0,,,0,0,0.291713834,0.304502249,11.5080786,2.32499981,0,,,2,1
139495082,0.150000006,0,,,0,1.2168498,0.291713834,0.304502249,12.035305,2.32200003,0,,,2,1
139496209,0.150000006,0,,,0,1.27326,0.291713834,0.304502249,12.8897753,2.32200003,0,,,2,1
139497339,0.150000006,0,,,0,1.28131866,0.291713834,0.304502249,13.7397013,2.31999993,0,,,2,1
139498466,0.150000006,0,,,0,1.30549443,0.291713834,0.304502249,14.5759907,2.31999993,0,,,2,1
139499629,0.150000006,0,,,0,1.17655671,0.303602904,0.292544007,15.3850107,2.31800008,0,,,2,1
139500790,0.150000006,0,,,0,0.701098859,0.316502303,0.281489462,15.9349623,2.31800008,0,,,2,1
139501953,0.150000006,0,,,0,0.23369962,0.330546468,0.271239966,15.9167824,2.31599998,0,,,2,1
139503114,0.150000006,0,,,0,0.29816848,0.345894873,0.261710674,15.9213276,2.31599998,0,,,2,1
139504277,0.150000006,0,,,0,0.322344303,0.362738043,0.252828211,15.9258718,2.3130002,0,,,2,1
139505442,0.150000006,0,,,0,0.314285696,0.381305486,0.24452889,15.9395075,2.3130002,0,,,2,1
139506605,0.150000006,0,,,0,0.338461518,0.373637706,0.247789949,15.9258718,2.31099987,0,,,2,1
139507765,0.150000006,0,,,0,0.290109873,0.355792016,0.256315976,15.9167824,2.31099987,0,,,2,1
139508929,0.150000006,0,,,0,0.273992658,0.339573294,0.265449643,15.8940573,2.30900002,0,,,2,1
139510089,0.150000006,0,,,0,0.338461518,0.324768782,0.275258273,15.8940573,2.30900002,0,,,2,1
139511253,0.150000006,0,,,0,0.29816848,0.311201215,0.28581959,15.8895121,2.30599976,0,,,2,1
139512617,0.150000006,0,,,0,0.354578733,0.29872182,0.297223717,15.8713312,2.30599976,0,,,2,1
139513780,0.150000006,0,,,0,0.354578733,0.287204683,0.309575707,15.8895121,2.3039999,0,,,2,1
139514940,0.150000006,0,,,0,0.29816848,0.276542664,0.322998822,15.8940573,2.3039999,0,,,2,1
139516104,0.150000006,0,,,0,0.306227088,0.266643941,0.337638766,15.8758764,2.30099988,0,,,2,1
139517269,0.150000006,0,,,0,0.370695949,0.257429361,0.353668809,15.8713312,2.30099988,0,,,2,1
139518432,0.150000006,0,,,0,0.362637341,0.248830363,0.371296823,15.8713312,2.29900002,0,,,2,1
139519559,0.150000006,0,,,0,0.249816835,0.248830363,0.371296823,15.8849669,2.29900002,0,,,2,1
139520689,0.150000006,0,,,0,0,0.248830363,0.371296823,15.6168089,2.29700017,0,,,2,1
139521815,0.150000006,0,,,0,0,0.248830363,0.371296823,15.2713842,2.29700017,0,,,2,1
139522945,0.150000006,0,,,0,0,0.248830363,0.371296823,14.9123249,2.29500008,0,,,2,1
139524071,0.150000006,0,,,0,0,0.248830363,0.371296823,14.5714455,2.29500008,0,,,2,1
139525201,0.150000006,0,,,0,0,0.248830363,0.371296823,14.2442017,2.29200029,0,,,2,1
139526327,0.150000006,0,,,0,0,0.248830363,0.371296823,13.9033232,2.29200029,0,,,2,1
139527456,0.150000006,0,,,0,0,0.248830363,0.371296823,13.5669889,2.28999996,0,,,2,1
139528588,0.150000006,1,,,1.2168498,0,0.248830363,0.371296823,14.2578373,2.28999996,0,,,2,1
139529718,0.150000006,1,,,1.28131866,0,0.248830363,0.371296823,15.1077623,2.28800011,0,,,2,1
139530878,0.150000006,1,,,1.13626361,0,0.240787283,0.39077431,15.8576965,2.28800011,0,,,2,1
139532042,0.150000006,1,,,0.306227088,0,0.233247876,0.412408441,15.9395075,2.28499985,0,,,2,1
139533406,0.150000006,1,,,0.314285696,0,0.226166278,0.436578393,15.9258718,2.28499985,0,,,2,1
139534570,0.150000006,1,,,0.26593405,0,0.233247876,0.412408441,15.9395075,2.28299999,0,,,2,1
139535731,0.150000006,1,,,0.322344303,0,0.240787283,0.39077431,15.9440527,2.28299999,0,,,2,1
139536894,0.150000006,1,,,0.29816848,0,0.248830363,0.371296823,15.9349623,2.2809999,0,,,2,1
139538055,0.150000006,1,,,0.282051265,0,0.257429361,0.353668809,15.9213276,2.2809999,0,,,2,1
139539218,0.150000006,1,,,0.273992658,0,0.266643941,0.337638766,15.8849669,2.27800012,0,,,2,1
139540383,0.150000006,1,,,0.29816848,0,0.276542664,0.322998822,15.8940573,2.27800012,0,,,2,1
139541547,0.150000006,1,,,0.362637341,0,0.287204683,0.309575707,15.8986015,2.27600002,0,,,2,1
139542707,0.150000006,1,,,0.346520126,0,0.29872182,0.297223687,15.8940573,2.27600002,0,,,2,1
139543837,0.150000006,1,,,0.257875443,0,0.29872182,0.297223687,15.8895121,2.27400017,0,,,2,1
139544963,0.150000006,0,,,0,0,0.29872182,0.297223687,15.598628,2.27400017,0,,,2,1
139546092,0.150000006,0,,,0,0,0.29872182,0.297223687,15.2759295,2.27099991,0,,,2,1
139547218,0.150000006,0,,,0,0,0.29872182,0.297223687,14.9305048,2.27099991,0,,,2,1
139548347,0.150000006,0,,,0,0,0.29872182,0.297223687,14.6214418,2.26900005,0,,,2,1
139549474,0.150000006,0,,,0,0,0.29872182,0.297223687,14.3123779,2.26900005,0,,,2,1
139550604,0.150000006,0,,,0,0,0.29872182,0.297223687,13.9533186,2.26699972,0,,,2,1
139551735,0.150000006,0,,,0,0,0.29872182,0.297223687,13.5806236,2.26699972,0,,,2,1
139552864,0.150000006,0,,,0,0,0.29872182,0.297223687,13.1988392,2.26499987,0,,,2,1
139554195,0.150000006,0,,,0,0,0.29872182,0.297223687,12.8079643,2.26499987,0,,,2,1
139555324,0.150000006,0,,,0,0,0.29872182,0.297223687,12.4716301,2.26199985,0,,,2,1
139556451,0.150000006,0,,,0,0,0.29872182,0.297223687,12.1034813,2.26199985,0,,,2,1
139557581,0.150000006,0,,,0,0.693040252,0.29872182,0.297223687,12.0716658,2.25999999,0,,,2,1
139558707,0.150000006,0,,,0,1.33772886,0.29872182,0.297223687,12.9079561,2.25999999,0,,,2,1
139559837,0.150000006,0,,,0,1.34578753,0.29872182,0.297223687,13.7715158,2.25800014,0,,,2,1
139560964,0.150000006,0,,,0,1.19267392,0.29872182,0.297223687,14.6123514,2.25800014,0,,,2,1
139562127,0.150000006,0,,,0,1.12820506,0.311201245,0.28581959,15.4031906,2.25500011,0,,,2,1
139563292,0.150000006,0,,,0,0.644688606,0.324768811,0.275258273,15.9395075,2.25500011,0,,,2,1
139564455,0.150000006,0,,,0,0.23369962,0.339573324,0.265449613,15.9122372,2.25300026,0,,,2,1
139565616,0.150000006,0,,,0,0.282051265,0.355792046,0.256315947,15.9167824,2.25300026,0,,,2,1
139566779,0.150000006,0,,,0,0.427106202,0.373637706,0.247789949,15.9304171,2.25099993,0,,,2,1
139567939,0.150000006,0,,,0,0.306227088,0.393368125,0.239812911,15.9304171,2.25099993,0,,,2,1
139569102,0.150000006,0,,,0,0.394871771,0.390586674,0.240858585,15.9304171,2.24800014,0,,,2,1
139570263,0.150000006,0,,,0,0.306227088,0.371127397,0.248906508,15.9213276,2.24800014,0,,,2,1
139571427,0.150000006,0,,,0,0.241758227,0.353515029,0.257510871,15.8895121,2.24599981,0,,,2,1
139572587,0.150000006,0,,,0,0.330402911,0.337498575,0.266731441,15.8849669,2.24599981,0,,,2,1
139573755,0.150000006,0,,,0,0.330402911,0.322870523,0.276636779,15.8940573,2.24399996,0,,,2,1
139575120,0.150000006,0,,,0,0.273992658,0.309457809,0.28730619,15.8940573,2.24399996,0,,,2,1
139576283,0.150000006,0,,,0,0.314285696,0.297115028,0.298831671,15.8758764,2.24099994,0,,,2,1
139577444,0.150000006,0,,,0,0.362637341,0.285719097,0.311320424,15.8758764,2.24099994,0,,,2,1
139578607,0.150000006,0,,,0,0.273992658,0.275165081,0.324898601,15.8895121,2.23900008,0,,,2,1
139579768,0.150000006,0,,,0,0.257875443,0.265362978,0.339715213,15.8940573,2.23900008,0,,,2,1
139580931,0.150000006,0,,,0,0.362637341,0.256235212,0.355947763,15.8849669,2.23699999,0,,,2,1
139582058,0.150000006,0,,,0,0.29816848,0.256235212,0.355947763,15.8713312,2.23699999,0,,,2,1
139583188,0.150000006,0,,,0,0,0.256235212,0.355947763,15.5895386,2.23400021,0,,,2,1
139584315,0.150000006,0,,,0,0,0.256235212,0.355947763,15.2941093,2.23400021,0,,,2,1
139585449,0.150000006,0,,,0,0,0.256235212,0.355947763,14.9941359,2.23199987,0,,,2,1
139586575,0.150000006,0,,,0,0,0.256235212,0.355947763,14.6623468,2.23199987,0,,,2,1
139587705,0.150000006,0,,,0,0,0.256235212,0.355947763,14.3396482,2.23000002,0,,,2,1
139588831,0.150000006,0,,,0,0,0.256235212,0.355947763,14.0078592,2.23000002,0,,,2,1
139589961,0.150000006,0,,,0,0,0.256235212,0.355947763,13.6851606,2.22800016,0,,,2,1
139591087,0.150000006,1,,,1.10402918,0,0.256235212,0.355947763,14.2669268,2.22800016,0,,,2,1
139592217,0.150000006,1,,,1.17655671,0,0.256235212,0.355947763,15.1077623,2.2249999,0,,,2,1
139593377,0.150000006,1,,,1.03956032,0,0.24771449,0.373809427,15.8349714,2.2249999,0,,,2,1
139594541,0.150000006,1,,,0.314285696,0,0.239742219,0.393558443,15.9258718,2.22300005,0,,,2,1
139595906,0.150000006,1,,,0.26593405,0,0.232267112,0.415510595,15.9485979,2.22300005,0,,,2,1
139597074,0.150000006,1,,,0.225641012,0,0.229133323,0.425931782,15.9440527,2.22000003,0,,,2,1
139598235,0.150000006,1,,,0.26593405,0,0.236404926,0.402895182,15.9258718,2.22000003,0,,,2,1
139599398,0.150000006,1,,,0.290109873,0,0.244153202,0.382222623,15.9213276,2.21800017,0,,,2,1
139600559,0.150000006,1,,,0.354578733,0,0.252426594,0.363567948,15.9213276,2.21800017,0,,,2,1
139601722,0.150000006,0.942857146,,,0.26593405,0.0161172152,0.261280328,0.346649468,15.907692,2.21600008,0,,,2,1
139602883,0.150000006,1,,,0.273992658,0,0.270777762,0.331235528,15.9122372,2.21600008,0,,,2,1
139604046,0.150000006,1,,,0.306227088,0,0.280991673,0.317134023,15.8986015,2.2130003,0,,,2,1
139605207,0.150000006,1,,,0.282051265,0,0.292006344,0.304184169,15.8940573,2.2130003,0,,,2,1
139606338,0.150000006,1,,,0.26593405,0,0.292006344,0.304184169,15.8849669,2.21099997,0,,,2,1
139607464,0.150000006,0,,,0,0,0.292006344,0.304184169,15.6213531,2.21099997,0,,,2,1
139608598,0.150000006,0,,,0,0,0.292006344,0.304184169,15.3213797,2.20900011,0,,,2,1
139609725,0.150000006,0,,,0,0,0.292006344,0.304184169,15.0304966,2.20900011,0,,,2,1
139610855,0.150000006,0,,,0,0.00805860758,0.292006344,0.304184169,14.7168875,2.20699978,0,,,2,1
139611981,0.150000006,0,,,0,0,0.292006344,0.304184169,14.4032793,2.20699978,0,,,2,1
139613111,0.150000006,0,,,0,0,0.292006344,0.304184169,14.0714903,2.204,0,,,2,1
139614237,0.150000006,0,,,0,0,0.292006344,0.304184169,13.753336,2.204,0,,,2,1
139615367,0.150000006,0,,,0,0,0.292006344,0.304184169,13.4351826,2.2019999,0,,,2,1
139616493,0.150000006,0,,,0,0,0.292006344,0.304184169,13.0897579,2.2019999,0,,,2,1
139617827,0.150000006,0,,,0,0,0.292006344,0.304184169,12.6897936,2.20000005,0,,,2,1
139618953,0.150000006,0,,,0,0,0.292006344,0.304184169,12.3352785,2.20000005,0,,,2,1
139620087,0.150000006,0,,,0,0.201465189,0.292006344,0.304184169,12.1443863,2.19700003,0,,,2,1
139621214,0.150000006,0,,,0,1.17655671,0.292006344,0.304184169,12.9306812,2.19700003,0,,,2,1
139622344,0.150000006,0,,,0,1.2168498,0.292006344,0.304184169,13.7669716,2.19500017,0,,,2,1
139623505,0.150000006,0,,,0,1.17655671,0.303919792,0.292250395,14.5987158,2.19500017,0,,,2,1
139624669,0.150000006,0,,,0,1.16043949,0.316846699,0.281217635,15.4168262,2.19299984,0,,,2,1
139625829,0.150000006,0,,,0,0.596336961,0.330922127,0.27098754,15.9395075,2.19299984,0,,,2,1
139626992,0.150000006,0,,,0,0.241758227,0.346306235,0.261475682,15.9349623,2.19099998,0,,,2,1
139628153,0.150000006,0,,,0,0.290109873,0.363190472,0.252608895,15.9304171,2.19099998,0,,,2,1
139629316,0.150000006,0,,,0,0.314285696,0.38180545,0.24432373,15.9349623,2.18799973,0,,,2,1
139630476,0.150000006,0,,,0,0.26593405,0.363190472,0.252608895,15.9304171,2.18799973,0,,,2,1
139631645,0.150000006,0,,,0,0.23369962,0.346306235,0.261475682,15.9304171,2.18599987,0,,,2,1
139632805,0.150000006,0,,,0,0.257875443,0.330922127,0.27098754,15.9167824,2.18599987,0,,,2,1
139633968,0.150000006,0,,,0,0.23369962,0.316846699,0.281217635,15.8849669,2.18400002,0,,,2,1
139635128,0.150000006,0,,,0,0.322344303,0.303919792,0.292250395,15.8849669,2.18400002,0,,,2,1
139636292,0.150000006,0,,,0,0.322344303,0.292006344,0.304184169,15.8940573,2.18099999,0,,,2,1
139637452,0.150000006,0,,,0,0.29816848,0.280991673,0.317134023,15.8940573,2.18099999,0,,,2,1
139638820,0.150000006,0,,,0,0.249816835,0.270777762,0.331235528,15.8895121,2.17900014,0,,,2,1
139639980,0.150000006,0,,,0,0.249816835,0.261280328,0.346649468,15.8804216,2.17900014,0,,,2,1
139641110,0.150000006,0,,,0,0.273992658,0.261280328,0.346649468,15.8713312,2.17600012,0,,,2,1
139642237,0.150000006,0,,,0,0,0.261280328,0.346649468,15.6168089,2.17600012,0,,,2,1
139643371,0.150000006,0,,,0,0,0.261280328,0.346649468,15.3031998,2.17400026,0,,,2,1
139644497,0.150000006,0,,,0,0,0.261280328,0.346649468,15.0123158,2.17400026,0,,,2,1
139645626,0.150000006,0,,,0,0,0.261280328,0.346649468,14.7259779,2.17199993,0,,,2,1
139646753,0.150000006,0,,,0,0,0.261280328,0.346649468,14.4260044,2.17199993,0,,,2,1
139647882,0.150000006,0,,,0,0,0.261280328,0.346649468,14.1078501,2.17000008,0,,,2,1
139649008,0.150000006,0,,,0,0,0.261280328,0.346649468,13.7715158,2.17000008,0,,,2,1
139650137,0.150000006,0,,,0,0,0.261280328,0.346649468,13.4351826,2.16699982,0,,,2,1
139651265,0.150000006,1,,,0.282051265,0,0.261280328,0.346649468,13.3760967,2.16699982,0,,,2,1
139652395,0.150000006,1,,,1.15238094,0,0.261280328,0.346649468,14.2123861,2.16499996,0,,,2,1
139653560,0.150000006,1,,,1.17655671,0,0.252426594,0.363567948,15.0623121,2.16499996,0,,,2,1
139654724,0.150000006,1,,,1.05567765,0,0.244153202,0.382222623,15.8304262,2.16299987,0,,,2,1
139655884,0.150000006,1,,,0.282051265,0,0.236404926,0.402895182,15.9304171,2.16299987,0,,,2,1
139657048,0.150000006,1,,,0.29816848,0,0.230545402,0.421136856,15.9440527,2.16000009,0,,,2,1
139658208,0.150000006,1,,,0.282051265,0,0.237908363,0.398602307,15.9485979,2.16000009,0,,,2,1
139659576,0.150000006,1,,,0.23369962,0,0.245757133,0.378356874,15.9395075,2.15799999,0,,,2,1
139660736,0.150000006,1,,,0.241758227,0,0.25414145,0.360068619,15.9349623,2.15799999,0,,,2,1
139661900,0.150000006,0.973684192,,,0.29816848,0.00805860758,0.263118029,0.343466789,15.9213276,2.15600014,0,,,2,1
139663060,0.150000006,1,,,0.201465189,0,0.272751987,0.328328431,15.8940573,2.15600014,0,,,2,1
139664224,0.150000006,1,,,0.217582405,0,0.283118248,0.314468175,15.8940573,2.15299988,0,,,2,1
139665389,0.150000006,1,,,0.273992658,0,0.294303566,0.301730752,15.8940573,2.15299988,0,,,2,1
139666519,0.150000006,1,,,0.330402911,0,0.294303566,0.301730752,15.8986015,2.15100002,0,,,2,1
139667645,0.150000006,0,,,0,0,0.294303566,0.301730752,15.6440792,2.15100002,0,,,2,1
139668774,0.150000006,0,,,0,0.00805860758,0.294303566,0.301730752,15.3577404,2.14900017,0,,,2,1
139669901,0.150000006,0,,,0,0,0.294303566,0.301730752,15.0668573,2.14900017,0,,,2,1
139671030,0.150000006,0,,,0,0,0.294303566,0.301730752,14.7714281,2.14599991,0,,,2,1
139672156,0.150000006,0,,,0,0,0.294303566,0.301730752,14.4623642,2.14599991,0,,,2,1
139673286,0.150000006,0,,,0,0,0.294303566,0.301730752,14.1623907,2.14400005,0,,,2,1
139674412,0.150000006,0,,,0,0,0.294303566,0.301730752,13.8442373,2.14400005,0,,,2,1
139675541,0.150000006,0,,,0,0,0.294303566,0.301730752,13.5215378,2.14199996,0,,,2,1
139676672,0.150000006,0,,,0,0,0.294303566,0.301730752,13.2124748,2.14199996,0,,,2,1
139677802,0.150000006,0,,,0,0,0.294303566,0.301730752,12.9079561,2.1400001,0,,,2,1
139678928,0.150000006,0,,,0,0,0.294303566,0.301730752,12.5852566,2.1400001,0,,,2,1
139680262,0.150000006,0,,,0,0.00805860758,0.294303566,0.301730752,12.2352877,2.13700008,0,,,2,1
139681388,0.150000006,0,,,0,1.28131866,0.294303566,0.301730752,12.9215908,2.13700008,0,,,2,1
139682518,0.150000006,0,,,0,1.28131866,0.294303566,0.301730752,13.7715158,2.13500023,0,,,2,1
139683645,0.150000006,0,,,0,1.20073247,0.294303566,0.301730752,14.6078062,2.13500023,0,,,2,1
139684808,0.150000006,0,,,0,1.15238094,0.306409091,0.289984971,15.4077358,2.1329999,0,,,2,1
139685969,0.150000006,0,,,0,0.660805821,0.319553196,0.279119402,15.9485979,2.1329999,0,,,2,1
139687132,0.150000006,0,,,0,0.225641012,0.333875567,0.269038677,15.9349623,2.13000011,0,,,2,1
139688297,0.150000006,0,,,0,0.225641012,0.349541992,0.259660751,15.9349623,2.13000011,0,,,2,1
139689461,0.150000006,0,,,0,0.217582405,0.366751045,0.250914603,15.9349623,2.12799978,0,,,2,1
139690621,0.150000006,0,,,0,0.249816835,0.385742366,0.242738396,15.9213276,2.12799978,0,,,2,1
139691784,0.150000006,0,,,0,0.26593405,0.366751045,0.250914603,15.9167824,2.12599993,0,,,2,1
139692945,0.150000006,0,,,0,0.26593405,0.349541992,0.259660751,15.9167824,2.12599993,0,,,2,1
139694108,0.150000006,0,,,0,0.217582405,0.333875567,0.269038677,15.8895121,2.12299991,0,,,2,1
139695268,0.150000006,0,,,0,0.290109873,0.319553196,0.279119402,15.8940573,2.12299991,0,,,2,1
139696432,0.150000006,0,,,0,0.346520126,0.306409091,0.289984971,15.8940573,2.12100005,0,,,2,1
139697592,0.150000006,0,,,0,0.370695949,0.294303566,0.301730752,15.8986015,2.12100005,0,,,2,1
139698755,0.150000006,0,,,0,0.29816848,0.283118248,0.314468175,15.9031467,2.11899996,0,,,2,1
139699920,0.150000006,0,,,0,0.257875443,0.272751987,0.328328431,15.8940573,2.11899996,0,,,2,1
139701287,0.150000006,0,,,0,0.273992658,0.263118029,0.343466789,15.8804216,2.11600018,0,,,2,1
139702414,0.150000006,0,,,0,0.249816835,0.263118029,0.343466789,15.8804216,2.11600018,0,,,2,1
139703544,0.150000006,0,,,0,0,0.263118029,0.343466789,15.6622591,2.11399984,0,,,2,1
139704670,0.150000006,0,,,0,0,0.263118029,0.343466789,15.3668308,2.11399984,0,,,2,1
139705799,0.150000006,0,,,0,0,0.263118029,0.343466789,15.0759468,2.11199999,0,,,2,1
139706925,0.150000006,0,,,0,0,0.263118029,0.343466789,14.7623386,2.11199999,0,,,2,1
139708054,0.150000006,0,,,0,0,0.263118029,0.343466789,14.4714546,2.10899973,0,,,2,1
139709180,0.150000006,0,,,0,0,0.263118029,0.343466789,14.1942062,2.10899973,0,,,2,1
139710309,0.150000006,0,,,0,0,0.263118029,0.343466789,13.9033232,2.10699987,0,,,2,1
139711441,0.150000006,0,,,0,0,0.263118029,0.343466789,13.5851688,2.10699987,0,,,2,1
139712570,0.150000006,1,,,0.056410253,0,0.263118029,0.343466789,13.4124565,2.10500002,0,,,2,1
139713696,0.150000006,1,,,1.24908423,0,0.263118029,0.343466789,14.2169313,2.10500002,0,,,2,1
139714826,0.150000006,1,,,1.2329669,0,0.263118029,0.343466789,15.0668573,2.10299993,0,,,2,1
139715987,0.150000006,1,,,1.07179475,0,0.25414145,0.360068619,15.8349714,2.10299993,0,,,2,1
139717151,0.150000006,1,,,0.257875443,0,0.245757133,0.378356874,15.9440527,2.10000014,0,,,2,1
139718311,0.150000006,1,,,0.322344303,0,0.237908363,0.398602307,15.9485979,2.10000014,0,,,2,1
139719475,0.150000006,1,,,0.249816835,0,0.235825375,0.404589742,15.9440527,2.09800005,0,,,2,1
139720635,0.150000006,1,,,0.257875443,0,0.243535087,0.383747399,15.9485979,2.09800005,0,,,2,1
139722007,0.150000006,1,,,0.257875443,0,0.251765937,0.364947259,15.9349623,2.09600019,0,,,2,1
139723167,0.150000006,1,,,0.249816835,0,0.260572582,0.347903162,15.9304171,2.09600019,0,,,2,1
139724331,0.150000006,1,,,0.169230759,0,0.270017684,0.332380027,15.8986015,2.09299994,0,,,2,1
139725491,0.150000006,1,,,0.209523797,0,0.280173272,0.318183005,15.8986015,2.09299994,0,,,2,1
139726654,0.150000006,1,,,0.249816835,0,0.291122615,0.305149078,15.8849669,2.09100008,0,,,2,1
139727815,0.150000006,1,,,0.241758227,0,0.302962631,0.293140978,15.8895121,2.09100008,0,,,2,1
139728945,0.150000006,1,,,0.282051265,0,0.302962631,0.293140978,15.8895121,2.08899975,0,,,2,1
139730071,0.150000006,0,,,0,0,0.302962631,0.293140978,15.6668043,2.08899975,0,,,2,1
139731200,0.150000006,0,,,0,0,0.302962631,0.293140978,15.3804655,2.08599997,0,,,2,1
139732327,0.150000006,0,,,0,0,0.302962631,0.293140978,15.0941277,2.08599997,0,,,2,1
139733461,0.150000006,0,,,0,0,0.302962631,0.293140978,14.7941532,2.08399987,0,,,2,1
139734588,0.150000006,0,,,0,0,0.302962631,0.293140978,14.5169048,2.08399987,0,,,2,1
139735716,0.150000006,0,,,0,0,0.302962631,0.293140978,14.2487469,2.08200002,0,,,2,1
139736843,0.150000006,0,,,0,0,0.302962631,0.293140978,13.9714985,2.08200002,0,,,2,1
139737972,0.150000006,0,,,0,0,0.302962631,0.293140978,13.671525,2.08000016,0,,,2,1
139739098,0.150000006,0,,,0,0,0.302962631,0.293140978,13.3670063,2.08000016,0,,,2,1
139740227,0.150000006,0,,,0,0,0.302962631,0.293140978,13.0533972,2.07700014,0,,,2,1
139741353,0.150000006,0,,,0,0,0.302962631,0.293140978,12.7534237,2.07700014,0,,,2,1
139742483,0.150000006,0,,,0,0,0.302962631,0.293140978,12.4625406,2.07500029,0,,,2,1
139743814,0.150000006,0,,,0,1.12820506,0.302962631,0.293140978,12.9306812,2.07500029,0,,,2,1
139744948,0.150000006,0,,,0,1.19267392,0.302962631,0.293140978,13.7715158,2.07299995,0,,,2,1
139746075,0.150000006,0,,,0,1.16043949,0.302962631,0.293140978,14.6123514,2.07299995,0,,,2,1
139747239,0.150000006,0,,,0,1.10402918,0.315806508,0.282042146,15.412281,2.07000017,0,,,2,1
139748400,0.150000006,0,,,0,0.636629999,0.329787612,0.271753073,15.9576874,2.07000017,0,,,2,1
139749563,0.150000006,0,,,0,0.225641012,0.345064014,0.262188345,15.9395075,2.06799984,0,,,2,1
139750724,0.150000006,0,,,0,0.249816835,0.361824393,0.253273994,15.9395075,2.06799984,0,,,2,1
139751887,0.150000006,0,,,0,0.209523797,0.380296052,0.244945854,15.9395075,2.06599998,0,,,2,1
139753047,0.150000006,0,,,0,0.241758227,0.400755197,0.237147972,15.9349623,2.06599998,0,,,2,1
139754210,0.150000006,0,,,0,0.249816835,0.380296052,0.244945854,15.9395075,2.06299996,0,,,2,1
139755371,0.150000006,0,,,0,0.209523797,0.361824393,0.253273994,15.9349623,2.06299996,0,,,2,1
139756539,0.150000006,0,,,0,0.169230759,0.345064014,0.262188345,15.9031467,2.06100011,0,,,2,1
139757699,0.150000006,0,,,0,0.23369962,0.329787612,0.271753073,15.8986015,2.06100011,0,,,2,1
139758863,0.150000006,0,,,0,0.23369962,0.315806508,0.282042146,15.8986015,2.05900002,0,,,2,1
139760023,0.150000006,0,,,0,0.241758227,0.302962631,0.293140978,15.8895121,2.05900002,0,,,2,1
139761186,0.150000006,0,,,0,0.241758227,0.291122615,0.305149078,15.8940573,2.05600023,0,,,2,1
139762346,0.150000006,0,,,0,0.209523797,0.280173272,0.318183005,15.8940573,2.05600023,0,,,2,1
139763510,0.150000006,0,,,0,0.217582405,0.270017684,0.332380027,15.8895121,2.0539999,0,,,2,1
139764841,0.150000006,0,,,0,0.257875443,0.270017684,0.332380027,15.8804216,2.0539999,0,,,2,1
139765970,0.150000006,0,,,0,0,0.270017684,0.332380027,15.639534,2.05200005,0,,,2,1
139767096,0.150000006,0,,,0,0,0.270017684,0.332380027,15.3668308,2.05200005,0,,,2,1
139768231,0.150000006,0,,,0,0,0.270017684,0.332380027,15.0986719,2.04899979,0,,,2,1
139769357,0.150000006,0,,,0,0,0.270017684,0.332380027,14.8441496,2.04899979,0,,,2,1
139770487,0.150000006,0,,,0,0,0.270017684,0.332380027,14.5850811,2.04699993,0,,,2,1
139771613,0.150000006,0,,,0,0,0.270017684,0.332380027,14.3078327,2.04699993,0,,,2,1
139772742,0.150000006,0,,,0,0,0.270017684,0.332380027,14.0351295,2.04499984,0,,,2,1
139773868,0.150000006,0,,,0,0,0.270017684,0.332380027,13.7397013,2.04499984,0,,,2,1
139774997,0.150000006,0,,,0,0,0.270017684,0.332380027,13.4988127,2.04299998,0,,,2,1
139776124,0.150000006,1,,,1.10402918,0,0.270017684,0.332380027,14.2214766,2.04299998,0,,,2,1
139777254,0.150000006,1,,,1.11208785,0,0.270017684,0.332380027,15.0714016,2.03999996,0,,,2,1
139778382,0.150000006,1,,,1.01538455,0,0.270017684,0.332380027,15.8167906,2.03999996,0,,,2,1
139779550,0.150000006,1,,,0.185347974,0,0.260572582,0.347903162,15.9349623,2.03800011,0,,,2,1
139780711,0.150000006,1,,,0.23369962,0,0.251765937,0.364947259,15.9258718,2.03800011,0,,,2,1
139781874,0.150000006,1,,,0.201465189,0,0.243535087,0.383747399,15.9395075,2.03600025,0,,,2,1
139783034,0.150000006,1,,,0.193406582,0,0.238482401,0.397001207,15.9349623,2.03600025,0,,,2,1
139784198,0.150000006,1,,,0.225641012,0,0.24636972,0.376913995,15.9304171,2.03299999,0,,,2,1
139785562,0.150000006,0.944444418,,,0.273992658,0.0161172152,0.254796594,0.358761579,15.9349623,2.03299999,0,,,2,1
139786726,0.150000006,1,,,0.169230759,0,0.26382038,0.342277318,15.8986015,2.03100014,0,,,2,1
139787887,0.150000006,1,,,0.257875443,0,0.273506761,0.327241331,15.8986015,2.03100014,0,,,2,1
139789050,0.150000006,1,,,0.257875443,0,0.283931553,0.313470781,15.8986015,2.02799988,0,,,2,1
139790210,0.150000006,1,,,0.26593405,0,0.295182526,0.300812393,15.8986015,2.02799988,0,,,2,1
139791379,0.150000006,1,,,0.257875443,0,0.30736199,0.289136678,15.8986015,2.02600002,0,,,2,1
139792539,0.150000006,1,,,0.257875443,0,0.320589751,0.278333396,15.8986015,2.02600002,0,,,2,1
139793669,0.150000006,1,,,0.249816835,0,0.320589751,0.278333396,15.8940573,2.02399993,0,,,2,1
139794796,0.150000006,0,,,0,0,0.320589751,0.278333396,15.6486235,2.02399993,0,,,2,1
139795925,0.150000006,0,,,0,0,0.320589751,0.278333396,15.3759203,2.02200007,0,,,2,1
139797051,0.150000006,0,,,0,0,0.320589751,0.278333396,15.121398,2.02200007,0,,,2,1
139798180,0.150000006,0,,,0,0,0.320589751,0.278333396,14.8668747,2.01900005,0,,,2,1
139799306,0.150000006,0,,,0,0,0.320589751,0.278333396,14.5941715,2.01900005,0,,,2,1
139800435,0.150000006,0,,,0,0,0.320589751,0.278333396,14.3169231,2.0170002,0,,,2,1
139801567,0.150000006,0,,,0,0,0.320589751,0.278333396,14.0305843,2.0170002,0,,,2,1
139802696,0.150000006,0,,,0,0,0.320589751,0.278333396,13.753336,2.01499987,0,,,2,1
139803822,0.150000006,0,,,0,0,0.320589751,0.278333396,13.4942675,2.01499987,0,,,2,1
139804951,0.150000006,0,,,0,0,0.320589751,0.278333396,13.2351999,2.01300001,0,,,2,1
139806282,0.150000006,0,,,0,0,0.320589751,0.278333396,12.8761406,2.01300001,0,,,2,1
139807412,0.150000006,0,,,0,0.693040252,0.320589751,0.278333396,12.9488611,2.00999975,0,,,2,1
139808539,0.150000006,0,,,0,1.18461537,0.320589751,0.278333396,13.7806063,2.00999975,0,,,2,1
139809669,0.150000006,0,,,0,1.09597063,0.320589751,0.278333396,14.6168966,2.0079999,0,,,2,1
139810829,0.150000006,0,,,0,1.05567765,0.33500725,0.268308342,15.4213715,2.0079999,0,,,2,1
139811993,0.150000006,0,,,0,0.539926708,0.350782573,0.258980364,15.9485979,2.00600004,0,,,2,1
139813158,0.150000006,0,,,0,0.201465189,0.368117034,0.250279218,15.9304171,2.00600004,0,,,2,1
139814322,0.150000006,0,,,0,0.193406582,0.387253791,0.242143691,15.9349623,2.00300002,0,,,2,1
139815482,0.150000006,0,,,0,0.185347974,0.408489317,0.234520435,15.9349623,2.00300002,0,,,2,1
139816645,0.150000006,0,,,0,0.209523797,0.387253791,0.242143691,15.9349623,2.00100017,0,,,2,1
139817812,0.150000006,0,,,0,0.193406582,0.368117034,0.250279218,15.9349623,2.00100017,0,,,2,1
139818976,0.150000006,0,,,0,0.209523797,0.350782573,0.258980364,15.9349623,1.99899995,0,,,2,1
139820136,0.150000006,0,,,0,0.185347974,0.33500725,0.268308342,15.9031467,1.99899995,0,,,2,1
139821300,0.150000006,0,,,0,0.217582405,0.320589751,0.278333396,15.907692,1.99600017,0,,,2,1
139822460,0.150000006,0,,,0,0.209523797,0.30736199,0.289136678,15.9031467,1.99600017,0,,,2,1
139823623,0.150000006,0,,,0,0.241758227,0.295182526,0.300812393,15.9031467,1.99399996,0,,,2,1
139824789,0.150000006,0,,,0,0.209523797,0.283931553,0.313470781,15.9031467,1.99399996,0,,,2,1
139825952,0.150000006,0,,,0,0.225641012,0.273506761,0.327241331,15.9031467,1.9920001,0,,,2,1
139827283,0.150000006,0,,,0,0.201465189,0.273506761,0.327241331,15.8940573,1.9920001,0,,,2,1
139828413,0.150000006,0,,,0,0,0.273506761,0.327241331,15.6668043,1.98899996,0,,,2,1
139829540,0.150000006,0,,,0,0,0.273506761,0.327241331,15.4077358,1.98899996,0,,,2,1
139830669,0.150000006,0,,,0,0,0.273506761,0.327241331,15.1441231,1.98700011,0,,,2,1
139831795,0.150000006,0,,,0,0,0.273506761,0.327241331,14.8986902,1.98700011,0,,,2,1
139832924,0.150000006,0,,,0,0,0.273506761,0.327241331,14.6532564,1.9849999,0,,,2,1
139834051,0.150000006,0,,,0,0,0.273506761,0.327241331,14.3805532,1.9849999,0,,,2,1
139835179,0.150000006,0,,,0,0,0.273506761,0.327241331,14.1033049,1.98200011,0,,,2,1
139836311,0.150000006,0,,,0,0,0.273506761,0.327241331,13.8351469,1.98200011,0,,,2,1
139837440,0.150000006,0,,,0,0,0.273506761,0.327241331,13.5624437,1.9799999,0,,,2,1
139838567,0.150000006,1,,,0.0402930379,0,0.273506761,0.327241331,13.4124565,1.9799999,0,,,2,1
139839697,0.150000006,1,,,1.14432228,0,0.273506761,0.327241331,14.2032967,1.97800004,0,,,2,1
139840823,0.150000006,1,,,1.10402918,0,0.273506761,0.327241331,15.0532217,1.97800004,0,,,2,1
139841953,0.150000006,1,,,1.00732589,0,0.273506761,0.327241331,15.8122463,1.97599983,0,,,2,1
139843113,0.150000006,1,,,0.193406582,0,0.26382038,0.342277318,15.9395075,1.97599983,0,,,2,1
139844276,0.150000006,1,,,0.209523797,0,0.254796594,0.358761579,15.9395075,1.97300005,0,,,2,1
139845437,0.150000006,1,,,0.193406582,0,0.24636972,0.376913995,15.9440527,1.97300005,0,,,2,1
139846600,0.150000006,1,,,0.0886446834,0,0.238482401,0.397001207,15.9395075,1.97099984,0,,,2,1
139847970,0.150000006,1,,,0.177289367,0,0.24636972,0.376913995,15.9349623,1.97099984,0,,,2,1
139849134,0.150000006,1,,,0.193406582,0,0.254796594,0.358761579,15.9349623,1.96800005,0,,,2,1
139850294,0.150000006,1,,,0.112820506,0,0.26382038,0.342277318,15.8986015,1.96800005,0,,,2,1
139851458,0.150000006,1,,,0.209523797,0,0.273506761,0.327241331,15.907692,1.96599984,0,,,2,1
139852618,0.150000006,1,,,0.217582405,0,0.283931553,0.313470781,15.907692,1.96599984,0,,,2,1
139853782,0.150000006,1,,,0.217582405,0,0.295182526,0.300812393,15.907692,1.96399999,0,,,2,1
139854942,0.150000006,1,,,0.241758227,0,0.30736199,0.289136678,15.9122372,1.96399999,0,,,2,1
139856106,0.150000006,1,,,0.23369962,0,0.320589751,0.278333396,15.907692,1.96099985,0,,,2,1
139857233,0.150000006,1,,,0.23369962,0,0.320589751,0.278333396,15.907692,1.96099985,0,,,2,1
139858362,0.150000006,0,,,0,0,0.320589751,0.278333396,15.6940746,1.95899999,0,,,2,1
139859494,0.150000006,0,,,0,0,0.320589751,0.278333396,15.4259167,1.95899999,0,,,2,1
139860623,0.150000006,0,,,0,0,0.320589751,0.278333396,15.162303,1.95700014,0,,,2,1
139861750,0.150000006,0,,,0,0,0.320589751,0.278333396,14.9168701,1.95700014,0,,,2,1
139862879,0.150000006,0,,,0,0,0.320589751,0.278333396,14.6714373,1.95499992,0,,,2,1
139864005,0.150000006,0,,,0,0,0.320589751,0.278333396,14.4214592,1.95499992,0,,,2,1
139865135,0.150000006,0,,,0,0,0.320589751,0.278333396,14.1714811,1.95200014,0,,,2,1
139866261,0.150000006,0,,,0,0,0.320589751,0.278333396,13.9033232,1.95200014,0,,,2,1
139867390,0.150000006,0,,,0,0,0.320589751,0.278333396,13.6351643,1.94999993,0,,,2,1
139868516,0.150000006,0,,,0,0,0.320589751,0.278333396,13.3851862,1.94999993,0,,,2,1
139869854,0.150000006,0,,,0,0,0.320589751,0.278333396,13.0988483,1.94800007,0,,,2,1
139870980,0.150000006,0,,,0,0.26593405,0.320589751,0.278333396,13.0034018,1.94800007,0,,,2,1
139872110,0.150000006,0,,,0,1.08791208,0.320589751,0.278333396,13.7987862,1.94499993,0,,,2,1
139873271,0.150000006,0,,,0,1.10402918,0.33500725,0.268308342,14.6396217,1.94499993,0,,,2,1
139874434,0.150000006,0,,,0,1.07985342,0.350782573,0.258980364,15.4577312,1.94300008,0,,,2,1
139875594,0.150000006,0,,,0,0.56410253,0.368117034,0.250279218,15.9667778,1.94300008,0,,,2,1
139876757,0.150000006,0,,,0,0.241758227,0.387253791,0.242143691,15.9395075,1.94099987,0,,,2,1
139877918,0.150000006,0,,,0,0.23369962,0.408489317,0.234520435,15.9349623,1.94099987,0,,,2,1
139879081,0.150000006,0,,,0,0.241758227,0.387253791,0.242143691,15.9349623,1.93800008,0,,,2,1
139880241,0.150000006,0,,,0,0.249816835,0.368117034,0.250279218,15.9258718,1.93800008,0,,,2,1
139881410,0.150000006,0,,,0,0.217582405,0.350782573,0.258980364,15.9213276,1.93599987,0,,,2,1
139882570,0.150000006,0.0344827585,,,0.00805860758,0.225641012,0.33500725,0.268308342,15.9258718,1.93599987,0,,,2,1
139883733,0.150000006,0,,,0,0.128937721,0.320589751,0.278333396,15.8940573,1.93400002,0,,,2,1
139884894,0.150000006,0,,,0,0.177289367,0.30736199,0.289136678,15.9031467,1.93400002,0,,,2,1
139886057,0.150000006,0,,,0,0.201465189,0.295182526,0.300812393,15.9031467,1.93099988,0,,,2,1
139887218,0.150000006,0,,,0,0.201465189,0.283931553,0.313470781,15.9031467,1.93099988,0,,,2,1
139888381,0.150000006,0,,,0,0.209523797,0.273506761,0.327241331,15.9031467,1.92900002,0,,,2,1
139889508,0.150000006,0,,,0,0.249816835,0.273506761,0.327241331,15.9031467,1.92900002,0,,,2,1
139890841,0.150000006,0,,,0,0,0.273506761,0.327241331,15.6758938,1.92700016,0,,,2,1
139891968,0.150000006,0,,,0,0,0.273506761,0.327241331,15.4350061,1.92700016,0,,,2,1
139893102,0.150000006,0,,,0,0,0.273506761,0.327241331,15.1759386,1.92400002,0,,,2,1
139894228,0.150000006,0,,,0,0,0.273506761,0.327241331,14.9168701,1.92400002,0,,,2,1
139895357,0.150000006,0,,,0,0,0.273506761,0.327241331,14.6668921,1.92200017,0,,,2,1
139896483,0.150000006,0,,,0,0,0.273506761,0.327241331,14.4214592,1.92200017,0,,,2,1
139897612,0.150000006,0,,,0,0,0.273506761,0.327241331,14.1760263,1.91999996,0,,,2,1
139898738,0.150000006,0,,,0,0,0.273506761,0.327241331,13.9260483,1.91999996,0,,,2,1
139899867,0.150000006,0,,,0,0,0.273506761,0.327241331,13.6897049,1.9180001,0,,,2,1
139900994,0.150000006,0,,,0,0,0.273506761,0.327241331,13.4806328,1.9180001,0,,,2,1
139902124,0.150000006,1,,,1.10402918,0,0.273506761,0.327241331,14.2123861,1.91499996,0,,,2,1
139903250,0.150000006,1,,,1.15238094,0,0.273506761,0.327241331,15.0623121,1.91499996,0,,,2,1
139904385,0.150000006,1,,,1.04761899,0,0.273506761,0.327241331,15.825881,1.91300011,0,,,2,1
139905546,0.150000006,1,,,0.225641012,0,0.26382038,0.342277318,15.9395075,1.91300011,0,,,2,1
139906709,0.150000006,1,,,0.201465189,0,0.254796594,0.358761579,15.9395075,1.91099989,0,,,2,1
139907869,0.150000006,1,,,0.177289367,0,0.24636972,0.376913995,15.9349623,1.91099989,0,,,2,1
139909033,0.150000006,1,,,0.169230759,0,0.238482401,0.397001207,15.9349623,1.90900004,0,,,2,1
139910193,0.150000006,1,,,0.153113544,0,0.244146883,0.38223812,15.9395075,1.90900004,0,,,2,1
139911561,0.150000006,1,,,0.185347974,0,0.252419829,0.363581955,15.9304171,1.9059999,0,,,2,1
139912722,0.150000006,1,,,0.120879114,0,0.261273086,0.346662194,15.9031467,1.9059999,0,,,2,1
139913885,0.150000006,1,,,0.201465189,0,0.270769984,0.331247151,15.9122372,1.90400004,0,,,2,1
139915046,0.150000006,1,,,0.193406582,0,0.280983299,0.317144692,15.9122372,1.90400004,0,,,2,1
139916214,0.150000006,1,,,0.249816835,0,0.291997284,0.304193974,15.9122372,1.9009999,0,,,2,1
139917374,0.150000006,1,,,0.257875443,0,0.303910017,0.292259425,15.907692,1.9009999,0,,,2,1
139918538,0.150000006,1,,,0.249816835,0,0.316836059,0.281226009,15.9031467,1.89900005,0,,,2,1
139919699,0.150000006,1,,,0.225641012,0,0.330910534,0.270995378,15.8986015,1.89900005,0,,,2,1
139920829,0.150000006,1,,,0.185347974,0,0.330910534,0.270995378,15.8940573,1.89699984,0,,,2,1
139921955,0.150000006,0,,,0,0,0.330910534,0.270995378,15.7349796,1.89699984,0,,,2,1
139923084,0.150000006,0,,,0,0,0.330910534,0.270995378,15.5122719,1.89400005,0,,,2,1
139924210,0.150000006,0,,,0,0,0.330910534,0.270995378,15.2622938,1.89400005,0,,,2,1
139925339,0.150000006,0,,,0,0,0.330910534,0.270995378,15.0304966,1.89199984,0,,,2,1
139926466,0.150000006,0,,,0,0,0.330910534,0.270995378,14.7986984,1.89199984,0,,,2,1
139927600,0.150000006,0,,,0,0,0.330910534,0.270995378,14.5441751,1.88999999,0,,,2,1
139928726,0.150000006,0,,,0,0,0.330910534,0.270995378,14.2987423,1.88999999,0,,,2,1
139929856,0.150000006,0,,,0,0,0.330910534,0.270995378,14.0533094,1.88800013,0,,,2,1
139930982,0.150000006,0,,,0,0,0.330910534,0.270995378,13.8260565,1.88800013,0,,,2,1
139932315,0.150000006,0,,,0,0,0.330910534,0.270995378,13.5351734,1.88499999,0,,,2,1
139933442,0.150000006,0,,,0,0,0.330910534,0.270995378,13.3033752,1.88499999,0,,,2,1
139934572,0.150000006,0,,,0,0.99926734,0.330910534,0.270995378,13.8215122,1.88300014,0,,,2,1
139935699,0.150000006,0,,,0,1.07985342,0.330910534,0.270995378,14.6532564,1.88300014,0,,,2,1
139936829,0.150000006,0,,,0,1.05567765,0.330910534,0.270995378,15.453187,1.88099992,0,,,2,1
139937990,0.150000006,0,,,0,0.556043923,0.346293539,0.261482924,15.9576874,1.88099992,0,,,2,1
139939158,0.150000006,0,,,0,0.23369962,0.363176495,0.252615631,15.9304171,1.87800014,0,,,2,1
139940319,0.150000006,0,,,0,0.177289367,0.381790012,0.244330063,15.9304171,1.87800014,0,,,2,1
139941482,0.150000006,0,,,0,0.177289367,0.40241459,0.236570731,15.9349623,1.87599993,0,,,2,1
139942642,0.150000006,0,,,0,0.177289367,0.403844982,0.236079127,15.9395075,1.87599993,0,,,2,1
139943806,0.150000006,0.0370370373,,,0.00805860758,0.209523797,0.383077323,0.243805736,15.9440527,1.87400007,0,,,2,1
139944966,0.150000006,0,,,0,0.201465189,0.36434114,0.252055198,15.9440527,1.87400007,0,,,2,1
139946129,0.150000006,0,,,0,0.193406582,0.347352266,0.260882467,15.9122372,1.87099993,0,,,2,1
139947290,0.150000006,0,,,0,0.241758227,0.331877172,0.270350456,15.907692,1.87099993,0,,,2,1
139948454,0.150000006,0,,,0,0.209523797,0.317722112,0.280531615,15.8986015,1.86900008,0,,,2,1
139949619,0.150000006,0,,,0,0.201465189,0.30472514,0.291509569,15.8895121,1.86900008,0,,,2,1
139950782,0.150000006,0,,,0,0.201465189,0.292749703,0.303381681,15.8895121,1.86699986,0,,,2,1
139951943,0.150000006,0,,,0,0.193406582,0.281679958,0.316261858,15.8986015,1.86699986,0,,,2,1
139953277,0.150000006,0,,,0,0.177289367,0.281679958,0.316261858,15.8986015,1.86400008,0,,,2,1
139954403,0.150000006,0,,,0,0,0.281679958,0.316261858,15.7440701,1.86400008,0,,,2,1
139955532,0.150000006,0,,,0,0,0.281679958,0.316261858,15.494092,1.86199987,0,,,2,1
139956658,0.150000006,0,,,0,0,0.281679958,0.316261858,15.2577496,1.86199987,0,,,2,1
139957787,0.150000006,0,,,0,0,0.281679958,0.316261858,15.016861,1.86000001,0,,,2,1
139958914,0.150000006,0,,,0,0,0.281679958,0.316261858,14.7850637,1.86000001,0,,,2,1
139960044,0.150000006,0,,,0,0,0.281679958,0.316261858,14.5669012,1.85699987,0,,,2,1
139961174,0.150000006,0,,,0,0,0.281679958,0.316261858,14.3532829,1.85699987,0,,,2,1
139962304,0.150000006,0,,,0,0,0.281679958,0.316261858,14.1305752,1.85500002,0,,,2,1
139963430,0.150000006,0,,,0,0,0.281679958,0.316261858,13.8942327,1.85500002,0,,,2,1
139964560,0.150000006,0,,,0,0,0.281679958,0.316261858,13.6442547,1.85300016,0,,,2,1
139965686,0.150000006,0,,,0,0,0.281679958,0.316261858,13.4624529,1.85300016,0,,,2,1
139966816,0.150000006,1,,,1.0637362,0,0.281679958,0.316261858,14.1805716,1.85099995,0,,,2,1
139967943,0.150000006,1,,,1.0637362,0,0.281679958,0.316261858,15.039587,1.85099995,0,,,2,1
139969073,0.150000006,1,,,0.983150125,0,0.281679958,0.316261858,15.8167906,1.84800017,0,,,2,1
139970234,0.150000006,1,,,0.217582405,0,0.271416843,0.330284178,15.9485979,1.84800017,0,,,2,1
139971397,0.150000006,1,,,0.225641012,0,0.261875331,0.345607638,15.9440527,1.84599996,0,,,2,1
139972562,0.150000006,1,,,0.201465189,0,0.252981901,0.362422138,15.9349623,1.84599996,0,,,2,1
139973930,0.150000006,1,,,0.201465189,0,0.244672671,0.380956411,15.9395075,1.8440001,0,,,2,1
139975090,0.150000006,1,,,0.193406582,0,0.252568007,0.363274992,15.9349623,1.8440001,0,,,2,1
139976254,0.150000006,1,,,0.169230759,0,0.261431843,0.346383125,15.9349623,1.84099996,0,,,2,1
139977414,0.150000006,1,,,0.0805860758,0,0.270940483,0.330992341,15.907692,1.84099996,0,,,2,1
139978578,0.150000006,1,,,0.193406582,0,0.281166911,0.316911101,15.9167824,1.83900011,0,,,2,1
139979738,0.150000006,1,,,0.217582405,0,0.292195588,0.303979069,15.9122372,1.83900011,0,,,2,1
139980902,0.150000006,1,,,0.23369962,0,0.304124802,0.292061061,15.9122372,1.83699989,0,,,2,1
139982062,0.150000006,1,,,0.225641012,0,0.31706953,0.281042308,15.8986015,1.83699989,0,,,2,1
139983226,0.150000006,1,,,0.217582405,0,0.331165195,0.27082476,15.8986015,1.83400011,0,,,2,1
139984358,0.150000006,1,,,0.185347974,0,0.331165195,0.27082476,15.8986015,1.83400011,0,,,2,1
139985487,0.150000006,0,,,0,0,0.331165195,0.27082476,15.7440701,1.8319999,0,,,2,1
139986613,0.150000006,0,,,0,0,0.331165195,0.27082476,15.5168171,1.8319999,0,,,2,1
139987742,0.150000006,0,,,0,0,0.331165195,0.27082476,15.2895641,1.83000004,0,,,2,1
139988868,0.150000006,0,,,0,0,0.331165195,0.27082476,15.0486765,1.83000004,0,,,2,1
139989997,0.150000006,0,,,0,0,0.331165195,0.27082476,14.830514,1.82799983,0,,,2,1
139991123,0.150000006,0,,,0,0,0.331165195,0.27082476,14.6078062,1.82799983,0,,,2,1
139992252,0.150000006,0,,,0,0,0.331165195,0.27082476,14.3805532,1.82500005,0,,,2,1
139993378,0.150000006,0,,,0,0,0.331165195,0.27082476,14.1533012,1.82500005,0,,,2,1
139994507,0.150000006,0,,,0,0,0.331165195,0.27082476,13.9260483,1.82299984,0,,,2,1
139995843,0.150000006,0,,,0,0,0.331165195,0.27082476,13.6624346,1.82299984,0,,,2,1
139996972,0.150000006,0,,,0,0,0.331165195,0.27082476,13.4306374,1.82099998,0,,,2,1
139998099,0.150000006,0,,,0,0,0.331165195,0.27082476,13.2261095,1.82099998,0,,,2,1
139999228,0.150000006,0,,,0,1.00732589,0.331165195,0.27082476,13.7987862,1.81799984,0,,,2,1
140000355,0.150000006,0,,,0,1.0637362,0.331165195,0.27082476,14.6305313,1.81799984,0,,,2,1
140001519,0.150000006,0,,,0,1.03956032,0.346572459,0.261324108,15.4304609,1.81599998,0,,,2,1
140002679,0.150000006,0,,,0,0.539926708,0.36348328,0.252467424,15.9531422,1.81599998,0,,,2,1
140003843,0.150000006,0,,,0,0.128937721,0.382129073,0.244191393,15.9304171,1.81400013,0,,,2,1
140005004,0.150000006,0,,,0,0.161172152,0.402791291,0.236440718,15.9395075,1.81400013,0,,,2,1
140006167,0.150000006,0,,,0,0.185347974,0.420284301,0.230801716,15.9485979,1.81099999,0,,,2,1
140007332,0.150000006,0,,,0,0.217582405,0.397838444,0.238181308,15.9485979,1.81099999,0,,,2,1
140008495,0.150000006,0,,,0,0.23369962,0.37766853,0.246048421,15.9395075,1.80900013,0,,,2,1
140009656,0.150000006,0,,,0,0.201465189,0.359445095,0.254452974,15.9349623,1.80900013,0,,,2,1
140010820,0.150000006,0,,,0,0.145054936,0.342899382,0.263451993,15.8940573,1.80699992,0,,,2,1
140011980,0.150000006,0,,,0,0.153113544,0.32780987,0.273110867,15.907692,1.80699992,0,,,2,1
140013144,0.150000006,0,,,0,0.161172152,0.313992441,0.283504963,15.9122372,1.80400014,0,,,2,1
140014304,0.150000006,0,,,0,0.209523797,0.301292717,0.294721514,15.907692,1.80400014,0,,,2,1
140015467,0.150000006,0,,,0,0.209523797,0.289580375,0.306862146,15.8986015,1.80199993,0,,,2,1
140016798,0.150000006,0,,,0,0.225641012,0.289580375,0.306862146,15.8940573,1.80199993,0,,,2,1
140017931,0.150000006,0,,,0,0,0.289580375,0.306862146,15.7258902,1.80000007,0,,,2,1
140019057,0.150000006,0,,,0,0,0.289580375,0.306862146,15.5213623,1.80000007,0,,,2,1
140020186,0.150000006,0,,,0,0,0.289580375,0.306862146,15.3213797,1.79699993,0,,,2,1
140021312,0.150000006,0,,,0,0,0.289580375,0.306862146,15.0986719,1.79699993,0,,,2,1
140022442,0.150000006,0,,,0,0,0.289580375,0.306862146,14.8850546,1.79500008,0,,,2,1
140023568,0.150000006,0,,,0,0,0.289580375,0.306862146,14.6805277,1.79500008,0,,,2,1
140024698,0.150000006,0,,,0,0,0.289580375,0.306862146,14.4714546,1.79299986,0,,,2,1
140025824,0.150000006,0,,,0,0,0.289580375,0.306862146,14.2487469,1.79299986,0,,,2,1
140026953,0.150000006,0,,,0,0,0.289580375,0.306862146,14.0214939,1.79100001,0,,,2,1
140028079,0.150000006,0,,,0,0,0.289580375,0.306862146,13.8215122,1.79100001,0,,,2,1
140029213,0.150000006,0,,,0,0,0.289580375,0.306862146,13.6351643,1.78799987,0,,,2,1
140030339,0.150000006,1,,,0.991208732,0,0.289580375,0.306862146,14.1942062,1.78799987,0,,,2,1
140031469,0.150000006,1,,,1.09597063,0,0.289580375,0.306862146,15.0441313,1.78600001,0,,,2,1
140032630,0.150000006,1,,,0.99926734,0,0.278744549,0.320045948,15.7986107,1.78600001,0,,,2,1
140033793,0.150000006,1,,,0.169230759,0,0.268690437,0.334413469,15.9395075,1.78400016,0,,,2,1
140034953,0.150000006,1,,,0.169230759,0,0.259336352,0.350131601,15.9395075,1.78400016,0,,,2,1
140036117,0.150000006,1,,,0.128937721,0,0.250611633,0.367400169,15.9485979,1.78100002,0,,,2,1
140037482,0.150000006,1,,,0.257875443,0,0.242454886,0.386460513,15.9485979,1.78100002,0,,,2,1
140038646,0.150000006,1,,,0.225641012,0,0.250611633,0.367400169,15.9576874,1.77900016,0,,,2,1
140039806,0.150000006,1,,,0.273992658,0,0.259336352,0.350131601,15.9440527,1.77900016,0,,,2,1
140040974,0.150000006,1,,,0.128937721,0,0.268690437,0.334413469,15.8986015,1.77699995,0,,,2,1
140042135,0.150000006,1,,,0.128937721,0,0.278744549,0.320045948,15.9031467,1.77699995,0,,,2,1
140043298,0.150000006,1,,,0.161172152,0,0.289580375,0.306862146,15.9122372,1.77400017,0,,,2,1
140044459,0.150000006,1,,,0.225641012,0,0.301292717,0.294721514,15.9167824,1.77400017,0,,,2,1
140045622,0.150000006,1,,,0.241758227,0,0.313992441,0.283504963,15.907692,1.77199996,0,,,2,1
140046782,0.150000006,1,,,0.201465189,0,0.32780987,0.273110867,15.9031467,1.77199996,0,,,2,1
140047913,0.150000006,1,,,0.169230759,0,0.32780987,0.273110867,15.9031467,1.7700001,0,,,2,1
140049039,0.150000006,0,,,0,0,0.32780987,0.273110867,15.7486153,1.7700001,0,,,2,1
140050168,0.150000006,0,,,0,0,0.32780987,0.273110867,15.5259075,1.76699996,0,,,2,1
140051294,0.150000006,0,,,0,0,0.32780987,0.273110867,15.3031998,1.76699996,0,,,2,1
140052429,0.150000006,0,,,0,0,0.32780987,0.273110867,15.0941277,1.7650001,0,,,2,1
140053555,0.150000006,0,,,0,0,0.32780987,0.273110867,14.894145,1.7650001,0,,,2,1
140054684,0.150000006,1,,,0.00805860758,0,0.32780987,0.273110867,14.6941624,1.76299989,0,,,2,1
140055810,0.150000006,0,,,0,0,0.32780987,0.273110867,14.4714546,1.76299989,0,,,2,1
140056939,0.150000006,0,,,0,0,0.32780987,0.273110867,14.2623825,1.76100004,0,,,2,1
140058270,0.150000006,0,,,0,0,0.32780987,0.273110867,14.0169497,1.76100004,0,,,2,1
140059399,0.150000006,0,,,0,0,0.32780987,0.273110867,13.816967,1.7579999,0,,,2,1
140060525,0.150000006,0,,,0,0,0.32780987,0.273110867,13.5851688,1.7579999,0,,,2,1
140061654,0.150000006,0,,,0,0.886446834,0.32780987,0.273110867,13.8215122,1.75600004,0,,,2,1
140062781,0.150000006,0,,,0,1.0637362,0.32780987,0.273110867,14.6441669,1.75600004,0,,,2,1
140063915,0.150000006,0,,,0,0.967032909,0.32780987,0.273110867,15.453187,1.75399983,0,,,2,1
140065076,0.150000006,0,,,0,0.507692277,0.342899382,0.263451993,15.9667778,1.75399983,0,,,2,1
140066239,0.150000006,0,,,0,0.201465189,0.359445095,0.254452974,15.9395075,1.75100005,0,,,2,1
140067399,0.150000006,0,,,0,0.193406582,0.37766853,0.246048421,15.9349623,1.75100005,0,,,2,1
140068563,0.150000006,0,,,0,0.169230759,0.397838444,0.238181308,15.9395075,1.74899983,0,,,2,1
140069723,0.150000006,0,,,0,0.161172152,0.37766853,0.246048421,15.9395075,1.74899983,0,,,2,1
140070886,0.150000006,0,,,0,0.161172152,0.359445095,0.254452974,15.9531422,1.74699998,0,,,2,1
140072046,0.150000006,0,,,0,0.193406582,0.342899382,0.263451993,15.9440527,1.74699998,0,,,2,1
140073210,0.150000006,0,,,0,0.193406582,0.32780987,0.273110867,15.8940573,1.74399984,0,,,2,1
140074370,0.150000006,0,,,0,0.177289367,0.313992441,0.283504963,15.8986015,1.74399984,0,,,2,1
140075538,0.150000006,0,,,0,0.145054936,0.301292717,0.294721514,15.9122372,1.74199998,0,,,2,1
140076698,0.150000006,0,,,0,0.193406582,0.289580375,0.306862146,15.9122372,1.74199998,0,,,2,1
140077861,0.150000006,0,,,0,0.209523797,0.278744549,0.320045948,15.8986015,1.74000013,0,,,2,1
140079192,0.150000006,0,,,0,0.185347974,0.278744549,0.320045948,15.8986015,1.74000013,0,,,2,1
140080321,0.150000006,0,,,0,0,0.278744549,0.320045948,15.7531605,1.73699999,0,,,2,1
140081447,0.150000006,0,,,0,0,0.278744549,0.320045948,15.5486326,1.73699999,0,,,2,1
140082577,0.150000006,0,,,0,0,0.278744549,0.320045948,15.34865,1.73500013,0,,,2,1
140083703,0.150000006,0,,,0,0,0.278744549,0.320045948,15.1441231,1.73500013,0,,,2,1
140084832,0.150000006,0,,,0,0,0.278744549,0.320045948,14.9623203,1.73299992,0,,,2,1
140085959,0.150000006,0,,,0,0,0.278744549,0.320045948,14.7668829,1.73299992,0,,,2,1
140087092,0.150000006,0,,,0,0,0.278744549,0.320045948,14.5305405,1.73000014,0,,,2,1
140088218,0.150000006,0,,,0,0,0.278744549,0.320045948,14.3214684,1.73000014,0,,,2,1
140089347,0.150000006,0,,,0,0,0.278744549,0.320045948,14.1442108,1.72799993,0,,,2,1
140090474,0.150000006,0,,,0,0,0.278744549,0.320045948,13.9487734,1.72799993,0,,,2,1
140091603,0.150000006,0,,,0,0,0.278744549,0.320045948,13.7351561,1.72600007,0,,,2,1
140092729,0.150000006,0,,,0,0,0.278744549,0.320045948,13.5397186,1.72600007,0,,,2,1
140093859,0.150000006,1,,,0.991208732,0,0.278744549,0.320045948,14.1578455,1.72399986,0,,,2,1
140094986,0.150000006,1,,,1.0637362,0,0.278744549,0.320045948,15.0123158,1.72399986,0,,,2,1
140096149,0.150000006,1,,,0.99926734,0,0.268690437,0.334413469,15.784976,1.72100008,0,,,2,1
140097314,0.150000006,1,,,0.112820506,0,0.259336352,0.350131601,15.9485979,1.72100008,0,,,2,1
140098477,0.150000006,1,,,0.112820506,0,0.250611633,0.367400169,15.9485979,1.71899986,0,,,2,1
140099842,0.150000006,1,,,0.169230759,0,0.242454886,0.386460513,15.9485979,1.71899986,0,,,2,1
140101005,0.150000006,1,,,0.217582405,0,0.234812349,0.407606691,15.9485979,1.71700001,0,,,2,1
140102166,0.150000006,1,,,0.145054936,0,0.242454886,0.386460513,15.9440527,1.71700001,0,,,2,1
140103329,0.150000006,1,,,0.128937721,0,0.250611633,0.367400169,15.9440527,1.71399987,0,,,2,1
140104455,0.150000006,1,,,0.0644688606,0,0.250611633,0.367400169,15.907692,1.71399987,0,,,2,1
140105619,0.150000006,1,,,0.23369962,0,0.259336352,0.350131601,15.9167824,1.71200001,0,,,2,1
140106779,0.150000006,1,,,0.169230759,0,0.268690437,0.334413469,15.907692,1.71200001,0,,,2,1
140107942,0.150000006,1,,,0.136996329,0,0.278744549,0.320045948,15.907692,1.71000016,0,,,2,1
140109107,0.150000006,1,,,0.136996329,0,0.289580375,0.306862146,15.9167824,1.71000016,0,,,2,1
140110271,0.150000006,1,,,0.217582405,0,0.301292717,0.294721514,15.9167824,1.70700002,0,,,2,1
140111431,0.150000006,1,,,0.185347974,0,0.313992441,0.283504963,15.9031467,1.70700002,0,,,2,1
140112561,0.150000006,1,,,0.120879114,0,0.313992441,0.283504963,15.907692,1.70500016,0,,,2,1
140113687,0.150000006,0,,,0,0,0.313992441,0.283504963,15.7531605,1.70500016,0,,,2,1
140114817,0.150000006,0,,,0,0,0.313992441,0.283504963,15.5349979,1.70299995,0,,,2,1
140115943,0.150000006,0,,,0,0,0.313992441,0.283504963,15.34865,1.70299995,0,,,2,1
140117072,0.150000006,0,,,0,0,0.313992441,0.283504963,15.1713934,1.70000017,0,,,2,1
140118198,0.150000006,0,,,0,0,0.313992441,0.283504963,14.975956,1.70000017,0,,,2,1
140119328,0.150000006,0,,,0,0,0.313992441,0.283504963,14.7759733,1.69799995,0,,,2,1
140120459,0.150000006,0,,,0,0,0.313992441,0.283504963,14.5896263,1.69799995,0,,,2,1
140121792,0.150000006,0,,,0,0,0.313992441,0.283504963,14.3669186,1.6960001,0,,,2,1
140122918,0.150000006,0,,,0,0,0.313992441,0.283504963,14.1623907,1.6960001,0,,,2,1
140124047,0.150000006,0,,,0,0,0.313992441,0.283504963,13.939683,1.69299996,0,,,2,1
140125173,0.150000006,0,,,0,0.169230759,0.313992441,0.283504963,13.8805971,1.69299996,0,,,2,1
140126303,0.150000006,0,,,0,0.975091517,0.313992441,0.283504963,14.6532564,1.6910001,0,,,2,1
140127430,0.150000006,0,,,0,1.01538455,0.313992441,0.283504963,15.453187,1.6910001,0,,,2,1
140128593,0.150000006,0,,,0,0.515750885,0.32780987,0.273110867,15.9531422,1.68899989,0,,,2,1
140129753,0.150000006,0,,,0,0.145054936,0.342899382,0.263451993,15.9395075,1.68899989,0,,,2,1
140130916,0.150000006,0,,,0,0.161172152,0.359445095,0.254452974,15.9485979,1.68700004,0,,,2,1
140132081,0.150000006,0,,,0,0.209523797,0.37766853,0.246048421,15.9395075,1.68700004,0,,,2,1
140133245,0.150000006,0,,,0,0.169230759,0.367800146,0.250425875,15.9349623,1.6839999,0,,,2,1
140134405,0.150000006,0,,,0,0.177289367,0.350494802,0.259137422,15.9485979,1.6839999,0,,,2,1
140135569,0.150000006,0,,,0,0.177289367,0.334744751,0.268476933,15.9485979,1.68200004,0,,,2,1
140136729,0.150000006,0,,,0,0.128937721,0.320349365,0.278514832,15.8986015,1.68200004,0,,,2,1
140137892,0.150000006,0,,,0,0.153113544,0.307141006,0.28933242,15.9031467,1.67999983,0,,,2,1
140139052,0.150000006,0,,,0,0.136996329,0.294978768,0.301024318,15.9167824,1.67999983,0,,,2,1
140140216,0.150000006,0,,,0,0.193406582,0.283743024,0.313700944,15.907692,1.67700005,0,,,2,1
140141376,0.150000006,0,,,0,0.153113544,0.273331821,0.327492148,15.8940573,1.67700005,0,,,2,1
140142710,0.150000006,0,,,0,0.145054936,0.273331821,0.327492148,15.9031467,1.67499983,0,,,2,1
140143841,0.150000006,0,,,0,0,0.273331821,0.327492148,15.7440701,1.67499983,0,,,2,1
140144971,0.150000006,0,,,0,0,0.273331821,0.327492148,15.5440874,1.67299998,0,,,2,1
140146097,0.150000006,0,,,0,0,0.273331821,0.327492148,15.3668308,1.67299998,0,,,2,1
140147227,0.150000006,0,,,0,0,0.273331821,0.327492148,15.2032089,1.66999984,0,,,2,1
140148353,0.150000006,0,,,0,0,0.273331821,0.327492148,15.0032263,1.66999984,0,,,2,1
140149482,0.150000006,0,,,0,0,0.273331821,0.327492148,14.8168793,1.66799998,0,,,2,1
140150608,0.150000006,0,,,0,0,0.273331821,0.327492148,14.6441669,1.66799998,0,,,2,1
140151737,0.150000006,0,,,0,0,0.273331821,0.327492148,14.4487295,1.66600013,0,,,2,1
140152863,0.150000006,0,,,0,0,0.273331821,0.327492148,14.2351122,1.66600013,0,,,2,1
140153993,0.150000006,0,,,0,0,0.273331821,0.327492148,14.0623999,1.66399992,0,,,2,1
140155124,0.150000006,0,,,0,0,0.273331821,0.327492148,13.8805971,1.66399992,0,,,2,1
140156253,0.150000006,0,,,0,0,0.273331821,0.327492148,13.6897049,1.66100013,0,,,2,1
140157381,0.150000006,1,,,0.918681264,0,0.273331821,0.327492148,14.1669359,1.66100013,0,,,2,1
140158511,0.150000006,1,,,1.00732589,0,0.273331821,0.327492148,15.0214062,1.65899992,0,,,2,1
140159671,0.150000006,1,,,0.983150125,0,0.2636576,0.342551738,15.7986107,1.65899992,0,,,2,1
140160835,0.150000006,1,,,0.104761899,0,0.254644781,0.359063089,15.9395075,1.65700006,0,,,2,1
140161996,0.150000006,1,,,0.128937721,0,0.246227771,0.377246767,15.9395075,1.65700006,0,,,2,1
140163363,0.150000006,1,,,0.193406582,0,0.238349393,0.397370428,15.9485979,1.65399992,0,,,2,1
140164523,0.150000006,1,,,0.201465189,0,0.234755605,0.407777727,15.9576874,1.65399992,0,,,2,1
140165691,0.150000006,1,,,0.217582405,0,0.242394403,0.386614233,15.9440527,1.65200007,0,,,2,1
140166852,0.150000006,1,,,0.112820506,0,0.250547022,0.367539138,15.9395075,1.65200007,0,,,2,1
140168015,0.150000006,1,,,0.0967032909,0,0.259267151,0.350257814,15.9122372,1.64999986,0,,,2,1
140169176,0.150000006,1,,,0.201465189,0,0.26861614,0.334528595,15.9122372,1.64999986,0,,,2,1
140170340,0.150000006,1,,,0.104761899,0,0.278664619,0.320151389,15.9031467,1.64700007,0,,,2,1
140171500,0.150000006,1,,,0.169230759,0,0.289494097,0.306959063,15.9167824,1.64700007,0,,,2,1
140172664,0.150000006,1,,,0.209523797,0,0.301199347,0.294810921,15.907692,1.64499986,0,,,2,1
140173824,0.150000006,1,,,0.153113544,0,0.313891023,0.283587694,15.907692,1.64499986,0,,,2,1
140174954,0.150000006,1,,,0.128937721,0,0.313891023,0.283587694,15.9122372,1.64300001,0,,,2,1
140176080,0.150000006,0,,,0,0,0.313891023,0.283587694,15.7622499,1.64300001,0,,,2,1
140177214,0.150000006,0,,,0,0,0.313891023,0.283587694,15.5895386,1.63999987,0,,,2,1
140178340,0.150000006,0,,,0,0,0.313891023,0.283587694,15.4213715,1.63999987,0,,,2,1
140179469,0.150000006,0,,,0,0,0.313891023,0.283587694,15.225934,1.63800001,0,,,2,1
140180595,0.150000006,0,,,0,0,0.313891023,0.283587694,15.0532217,1.63800001,0,,,2,1
140181724,0.150000006,0,,,0,0,0.313891023,0.283587694,14.8759642,1.63600016,0,,,2,1
140182850,0.150000006,0,,,0,0,0.313891023,0.283587694,14.6668921,1.63600016,0,,,2,1
140184183,0.150000006,0,,,0,0,0.313891023,0.283587694,14.4487295,1.63300002,0,,,2,1
140185309,0.150000006,0,,,0,0,0.313891023,0.283587694,14.2805624,1.63300002,0,,,2,1
140186438,0.150000006,0,,,0,0,0.313891023,0.283587694,14.1169405,1.63100016,0,,,2,1
140187564,0.150000006,0,,,0,0,0.313891023,0.283587694,13.9260483,1.63100016,0,,,2,1
140188698,0.150000006,0,,,0,0.161172152,0.313891023,0.283587694,13.8760529,1.62899995,0,,,2,1
140189825,0.150000006,0,,,0,0.983150125,0.313891023,0.283587694,14.6487122,1.62899995,0,,,2,1
140190955,0.150000006,0,,,0,0.99926734,0.313891023,0.283587694,15.4395514,1.62700009,0,,,2,1
140192116,0.150000006,0,,,0,0.491575062,0.327699333,0.273187637,15.9576874,1.62700009,0,,,2,1
140193279,0.150000006,0,,,0,0.120879114,0.342778444,0.263523459,15.9485979,1.62399995,0,,,2,1
140194440,0.150000006,0,,,0,0.177289367,0.359312207,0.254519641,15.9395075,1.62399995,0,,,2,1
140195603,0.150000006,0,,,0,0.136996329,0.377521813,0.246110737,15.9395075,1.6220001,0,,,2,1
140196763,0.150000006,0,,,0,0.153113544,0.367800146,0.250425875,15.9485979,1.6220001,0,,,2,1
140197926,0.150000006,0,,,0,0.169230759,0.350494802,0.259137422,15.9485979,1.61999989,0,,,2,1
140199087,0.150000006,0,,,0,0.136996329,0.334744751,0.268476933,15.9395075,1.61999989,0,,,2,1
140200221,0.150000006,0,,,0,0.0644688606,0.334744751,0.268476933,15.9122372,1.6170001,0,,,2,1
140201381,0.150000006,0,,,0,0.185347974,0.320349365,0.278514832,15.907692,1.6170001,0,,,2,1
140202545,0.150000006,0,,,0,0.145054936,0.307141006,0.28933242,15.907692,1.61499989,0,,,2,1
140203705,0.150000006,0,,,0,0.153113544,0.294978768,0.301024318,15.9122372,1.61499989,0,,,2,1
140205072,0.150000006,0,,,0,0.169230759,0.283743024,0.313700944,15.9122372,1.61200011,0,,,2,1
140206232,0.150000006,0,,,0,0.136996329,0.273331821,0.327492148,15.9031467,1.61200011,0,,,2,1
140207363,0.150000006,0,,,0,0.112820506,0.273331821,0.327492148,15.9122372,1.6099999,0,,,2,1
140208489,0.150000006,0,,,0,0,0.273331821,0.327492148,15.7577057,1.6099999,0,,,2,1
140209618,0.150000006,0,,,0,0,0.273331821,0.327492148,15.5804482,1.60800004,0,,,2,1
140210744,0.150000006,0,,,0,0,0.273331821,0.327492148,15.4213715,1.60800004,0,,,2,1
140211878,0.150000006,0,,,0,0,0.273331821,0.327492148,15.2395687,1.60599983,0,,,2,1
140213004,0.150000006,0,,,0,0,0.273331821,0.327492148,15.0623121,1.60599983,0,,,2,1
140214133,0.150000006,0,,,0,0,0.273331821,0.327492148,14.8805094,1.60300004,0,,,2,1
140215259,0.150000006,0,,,0,0,0.273331821,0.327492148,14.6987076,1.60300004,0,,,2,1
140216388,0.150000006,0,,,0,0,0.273331821,0.327492148,14.5350857,1.60099983,0,,,2,1
140217514,0.150000006,0,,,0,0,0.273331821,0.327492148,14.376009,1.60099983,0,,,2,1
140218643,0.150000006,0,,,0,0,0.273331821,0.327492148,14.1942062,1.59899998,0,,,2,1
140219769,0.150000006,0,,,0,0,0.273331821,0.327492148,14.0305843,1.59899998,0,,,2,1
140220899,0.150000006,1,,,0.483516455,0,0.273331821,0.327492148,14.1805716,1.59700012,0,,,2,1
140222026,0.150000006,1,,,1.04761899,0,0.273331821,0.327492148,15.0123158,1.59700012,0,,,2,1
140223194,0.150000006,1,,,0.926739872,0,0.2636576,0.342551738,15.7940655,1.59399998,0,,,2,1
140224355,0.150000006,1,,,0.120879114,0,0.254644781,0.359063089,15.9531422,1.59399998,0,,,2,1
140225518,0.150000006,1,,,0.161172152,0,0.246227771,0.377246767,15.9485979,1.59200013,0,,,2,1
140226883,0.150000006,1,,,0.136996329,0,0.238349393,0.397370428,15.9349623,1.59200013,0,,,2,1
140228047,0.150000006,1,,,0.104761899,0,0.234755605,0.407777727,15.9485979,1.58899999,0,,,2,1
140229207,0.150000006,1,,,0.128937721,0,0.242394403,0.386614233,15.9440527,1.58899999,0,,,2,1
140230371,0.150000006,1,,,0.128937721,0,0.250547022,0.367539138,15.9395075,1.58700013,0,,,2,1
140231497,0.150000006,1,,,0.0241758227,0,0.250547022,0.367539138,15.907692,1.58700013,0,,,2,1
140232661,0.150000006,1,,,0.201465189,0,0.259267151,0.350257814,15.9167824,1.58499992,0,,,2,1
140233821,0.150000006,1,,,0.145054936,0,0.26861614,0.334528595,15.907692,1.58499992,0,,,2,1
140234989,0.150000006,1,,,0.153113544,0,0.278664619,0.320151389,15.9167824,1.58300006,0,,,2,1
140236150,0.150000006,1,,,0.169230759,0,0.289494097,0.306959063,15.9122372,1.58300006,0,,,2,1
140237314,0.150000006,1,,,0.120879114,0,0.301199347,0.294810921,15.907692,1.57999992,0,,,2,1
140238474,0.150000006,1,,,0.145054936,0,0.313891023,0.283587694,15.9213276,1.57999992,0,,,2,1
140239604,0.150000006,1,,,0.185347974,0,0.313891023,0.283587694,15.9122372,1.57800007,0,,,2,1
140240730,0.150000006,0,,,0,0,0.313891023,0.283587694,15.7622499,1.57800007,0,,,2,1
140241860,0.150000006,0,,,0,0,0.313891023,0.283587694,15.598628,1.57599986,0,,,2,1
140242986,0.150000006,0,,,0,0,0.313891023,0.283587694,15.4350061,1.57599986,0,,,2,1
140244115,0.150000006,0,,,0,0,0.313891023,0.283587694,15.2941093,1.57300007,0,,,2,1
140245246,0.150000006,0,,,0,0,0.313891023,0.283587694,15.0986719,1.57300007,0,,,2,1
140246375,0.150000006,0,,,0,0,0.313891023,0.283587694,14.93505,1.57099986,0,,,2,1
140247705,0.150000006,0,,,0,0,0.313891023,0.283587694,14.748703,1.57099986,0,,,2,1
140248834,0.150000006,0,,,0,0,0.313891023,0.283587694,14.5669012,1.56900001,0,,,2,1
140249961,0.150000006,0,,,0,0,0.313891023,0.283587694,14.4214592,1.56900001,0,,,2,1
140251090,0.150000006,0,,,0,0,0.313891023,0.283587694,14.2578373,1.56599987,0,,,2,1
140252216,0.150000006,0,,,0,0,0.313891023,0.283587694,14.0896702,1.56599987,0,,,2,1
140253346,0.150000006,0,,,0,0.910622656,0.313891023,0.283587694,14.6441669,1.56400001,0,,,2,1
140254472,0.150000006,0,,,0,0.958974302,0.313891023,0.283587694,15.4486418,1.56400001,0,,,2,1
140255602,0.150000006,0,,,0,0.523809493,0.313891023,0.283587694,15.9576874,1.56200016,0,,,2,1
140256767,0.150000006,0,,,0,0.0886446834,0.327699333,0.273187637,15.9440527,1.56200016,0,,,2,1
140257930,0.150000006,0,,,0,0.177289367,0.342778444,0.263523459,15.9440527,1.55999994,0,,,2,1
140259090,0.150000006,0,,,0,0.0805860758,0.359312207,0.254519641,15.9395075,1.55999994,0,,,2,1
140260254,0.150000006,0,,,0,0.145054936,0.377521813,0.246110737,15.9485979,1.55700016,0,,,2,1
140261414,0.150000006,0,,,0,0.177289367,0.367800146,0.250425875,15.9485979,1.55700016,0,,,2,1
140262578,0.150000006,0,,,0,0.0967032909,0.350494802,0.259137422,15.9395075,1.55499995,0,,,2,1
140263738,0.150000006,0,,,0,0.0805860758,0.334744751,0.268476933,15.9122372,1.55499995,0,,,2,1
140264902,0.150000006,0,,,0,0.161172152,0.320349365,0.278514832,15.907692,1.55300009,0,,,2,1
140266062,0.150000006,0,,,0,0.112820506,0.307141006,0.28933242,15.9167824,1.55300009,0,,,2,1
140267225,0.150000006,0,,,0,0.177289367,0.294978768,0.301024318,15.9122372,1.54999995,0,,,2,1
140268595,0.150000006,0,,,0,0.145054936,0.283743024,0.313700944,15.907692,1.54999995,0,,,2,1
140269758,0.150000006,0,,,0,0.0967032909,0.273331821,0.327492148,15.9122372,1.5480001,0,,,2,1
140270885,0.150000006,0,,,0,0.145054936,0.273331821,0.327492148,15.907692,1.5480001,0,,,2,1
140272014,0.150000006,0,,,0,0,0.273331821,0.327492148,15.7667952,1.54499996,0,,,2,1
140273141,0.150000006,0,,,0,0,0.273331821,0.327492148,15.6168089,1.54499996,0,,,2,1
140274270,0.150000006,0,,,0,0,0.273331821,0.327492148,15.453187,1.5430001,0,,,2,1
140275397,0.150000006,0,,,0,0,0.273331821,0.327492148,15.3213797,1.5430001,0,,,2,1
140276526,0.150000006,0,,,0,0,0.273331821,0.327492148,15.1441231,1.54099989,0,,,2,1
140277652,0.150000006,0,,,0,0,0.273331821,0.327492148,14.9850454,1.54099989,0,,,2,1
140278781,0.150000006,0,,,0,0,0.273331821,0.327492148,14.8259687,1.53900003,0,,,2,1
140279912,0.150000006,0,,,0,0,0.273331821,0.327492148,14.6487122,1.53900003,0,,,2,1
140281041,0.150000006,0,,,0,0,0.273331821,0.327492148,14.5032701,1.53599989,0,,,2,1
140282168,0.150000006,0,,,0,0,0.273331821,0.327492148,14.335103,1.53599989,0,,,2,1
140283297,0.150000006,0,,,0,0,0.273331821,0.327492148,14.189661,1.53400004,0,,,2,1
140284423,0.150000006,0,,,0,0,0.273331821,0.327492148,14.0396748,1.53400004,0,,,2,1
140285554,0.150000006,1,,,0.459340632,0,0.273331821,0.327492148,14.1760263,1.53199983,0,,,2,1
140286681,0.150000006,1,,,0.975091517,0,0.273331821,0.327492148,15.016861,1.53199983,0,,,2,1
140287844,0.150000006,1,,,0.942857087,0,0.2636576,0.342551738,15.8031559,1.52999997,0,,,2,1
140289209,0.150000006,1,,,0.120879114,0,0.254644781,0.359063089,15.9440527,1.52999997,0,,,2,1
140290373,0.150000006,1,,,0.104761899,0,0.246227771,0.377246767,15.9440527,1.52699983,0,,,2,1
140291538,0.150000006,1,,,0.153113544,0,0.238349393,0.397370428,15.9485979,1.52699983,0,,,2,1
140292702,0.150000006,1,,,0.128937721,0,0.234755605,0.407777727,15.9485979,1.52499998,0,,,2,1
140293862,0.150000006,1,,,0.104761899,0,0.242394403,0.386614233,15.9485979,1.52499998,0,,,2,1
140295026,0.150000006,1,,,0.209523797,0,0.250547022,0.367539138,15.9531422,1.52300012,0,,,2,1
140296152,0.150000006,1,,,0.0161172152,0,0.250547022,0.367539138,15.9031467,1.52300012,0,,,2,1
140297316,0.150000006,1,,,0.153113544,0,0.259267151,0.350257814,15.9213276,1.51999998,0,,,2,1
140298476,0.150000006,1,,,0.153113544,0,0.26861614,0.334528595,15.9122372,1.51999998,0,,,2,1
140299640,0.150000006,1,,,0.112820506,0,0.278664619,0.320151389,15.9167824,1.51800013,0,,,2,1
140300801,0.150000006,1,,,0.169230759,0,0.289494097,0.306959063,15.9167824,1.51800013,0,,,2,1
140301964,0.150000006,1,,,0.112820506,0,0.301199347,0.294810921,15.9122372,1.51599991,0,,,2,1
140303130,0.150000006,1,,,0.136996329,0,0.313891023,0.283587694,15.9213276,1.51599991,0,,,2,1
140304260,0.150000006,1,,,0.145054936,0,0.313891023,0.283587694,15.9122372,1.51300013,0,,,2,1
140305386,0.150000006,0,,,0,0,0.313891023,0.283587694,15.7622499,1.51300013,0,,,2,1
140306515,0.150000006,0,,,0,0,0.313891023,0.283587694,15.6349888,1.51099992,0,,,2,1
140307641,0.150000006,0,,,0,0,0.313891023,0.283587694,15.494092,1.51099992,0,,,2,1
140308771,0.150000006,0,,,0,0,0.313891023,0.283587694,15.3259249,1.50900006,0,,,2,1
140310101,0.150000006,0,,,0,0,0.313891023,0.283587694,15.1532125,1.50900006,0,,,2,1
140311230,0.150000006,0,,,0,0,0.313891023,0.283587694,15.0077715,1.50599992,0,,,2,1
140312356,0.150000006,0,,,0,0,0.313891023,0.283587694,14.8259687,1.50599992,0,,,2,1
140313490,0.150000006,0,,,0,0,0.313891023,0.283587694,14.6805277,1.50400007,0,,,2,1
140314616,0.150000006,0,,,0,0,0.313891023,0.283587694,14.5123606,1.50400007,0,,,2,1
140315746,0.150000006,0,,,0,0,0.313891023,0.283587694,14.3714638,1.50199986,0,,,2,1
140316872,0.150000006,0,,,0,0,0.313891023,0.283587694,14.230567,1.50199986,0,,,2,1
140318008,0.150000006,0,,,0,0.886446834,0.313891023,0.283587694,14.6532564,1.49900007,0,,,2,1
140319135,0.150000006,0,,,0,0.902564049,0.313891023,0.283587694,15.453187,1.49900007,0,,,2,1
140320265,0.150000006,0,,,0,0.491575062,0.313891023,0.283587694,15.9667778,1.49699986,0,,,2,1
140321425,0.150000006,0,,,0,0.0886446834,0.327699333,0.273187637,15.9395075,1.49699986,0,,,2,1
140322589,0.150000006,0,,,0,0.128937721,0.342778444,0.263523459,15.9485979,1.495,0,,,2,1
140323749,0.150000006,0,,,0,0.153113544,0.359312207,0.254519641,15.9440527,1.495,0,,,2,1
140324918,0.150000006,0,,,0,0.0967032909,0.377521813,0.246110737,15.9485979,1.49300015,0,,,2,1
140326078,0.150000006,0,,,0,0.185347974,0.367800146,0.250425875,15.9485979,1.49300015,0,,,2,1
140327241,0.150000006,0,,,0,0.112820506,0.350494802,0.259137422,15.9440527,1.49000001,0,,,2,1
140328367,0.150000006,0,,,0,0.0725274682,0.350494802,0.259137422,15.907692,1.49000001,0,,,2,1
140329530,0.150000006,0,,,0,0.128937721,0.334744751,0.268476933,15.9122372,1.48800015,0,,,2,1
140330895,0.150000006,0,,,0,0.0805860758,0.320349365,0.278514832,15.9167824,1.48800015,0,,,2,1
140332058,0.150000006,0,,,0,0.177289367,0.307141006,0.28933242,15.9122372,1.48500001,0,,,2,1
140333219,0.150000006,0,,,0,0.0967032909,0.294978768,0.301024318,15.907692,1.48500001,0,,,2,1
140334382,0.150000006,0,,,0,0.145054936,0.283743024,0.313700944,15.9167824,1.48300016,0,,,2,1
140335543,0.150000006,0,,,0,0.136996329,0.273331821,0.327492148,15.9031467,1.48300016,0,,,2,1
140336678,0.150000006,0,,,0,0.0886446834,0.273331821,0.327492148,15.9167824,1.48099995,0,,,2,1
140337804,0.150000006,0,,,0,0,0.273331821,0.327492148,15.7713404,1.48099995,0,,,2,1
140338933,0.150000006,0,,,0,0,0.273331821,0.327492148,15.6349888,1.47900009,0,,,2,1
140340059,0.150000006,0,,,0,0,0.273331821,0.327492148,15.4759121,1.47900009,0,,,2,1
140341188,0.150000006,0,,,0,0,0.273331821,0.327492148,15.3531952,1.47599995,0,,,2,1
140342314,0.150000006,0,,,0,0,0.273331821,0.327492148,15.1986637,1.47599995,0,,,2,1
140343443,0.150000006,0,,,0,0,0.273331821,0.327492148,15.0532217,1.4740001,0,,,2,1
140344569,0.150000006,0,,,0,0,0.273331821,0.327492148,14.9123249,1.4740001,0,,,2,1
140345698,0.150000006,0,,,0,0,0.273331821,0.327492148,14.748703,1.47199988,0,,,2,1
140346824,0.150000006,0,,,0,0,0.273331821,0.327492148,14.603261,1.47199988,0,,,2,1
140347959,0.150000006,0,,,0,0,0.273331821,0.327492148,14.4350939,1.47000003,0,,,2,1
140349085,0.150000006,0,,,0,0,0.273331821,0.327492148,14.2896528,1.47000003,0,,,2,1
140350214,0.150000006,1,,,0.056410253,0,0.273331821,0.327492148,14.2351122,1.46699989,0,,,2,1
140351341,0.150000006,1,,,0.950915694,0,0.273331821,0.327492148,15.016861,1.46699989,0,,,2,1
140352675,0.150000006,0.990476191,,,0.838095188,0.00805860758,0.273331821,0.327492148,15.8986015,1.46500003,0,,,2,1
140353836,0.150000006,0.909090936,,,0.0805860758,0.00805860758,0.2636576,0.342551738,15.9395075,1.46500003,0,,,2,1
140354965,0.150000006,1,,,0.0644688606,0,0.2636576,0.342551738,15.9440527,1.46300018,0,,,2,1
140356091,0.150000006,1,,,0.0644688606,0,0.2636576,0.342551738,15.9485979,1.46300018,0,,,2,1
140357255,0.150000006,1,,,0.0886446834,0,0.254644781,0.359063089,15.9395075,1.46000004,0,,,2,1
140358415,0.150000006,1,,,0.0967032909,0,0.246227771,0.377246767,15.9485979,1.46000004,0,,,2,1
140359583,0.150000006,1,,,0.136996329,0,0.238349393,0.397370428,15.9440527,1.45799983,0,,,2,1
140360710,0.150000006,1,,,0.0322344303,0,0.238349393,0.397370428,15.9122372,1.45799983,0,,,2,1
140361873,0.150000006,1,,,0.153113544,0,0.230959535,0.419761986,15.9122372,1.45599997,0,,,2,1
140363034,0.150000006,1,,,0.112820506,0,0.238349393,0.397370428,15.9167824,1.45599997,0,,,2,1
140364197,0.150000006,1,,,0.161172152,0,0.246227771,0.377246767,15.9167824,1.45299983,0,,,2,1
140365323,0.150000006,1,,,0.0725274682,0,0.246227771,0.377246767,15.907692,1.45299983,0,,,2,1
140366486,0.150000006,1,,,0.128937721,0,0.254644781,0.359063089,15.9122372,1.45099998,0,,,2,1
140367647,0.150000006,1,,,0.0886446834,0,0.2636576,0.342551738,15.907692,1.45099998,0,,,2,1
140368810,0.150000006,1,,,0.120879114,0,0.273331821,0.327492148,15.9167824,1.44900012,0,,,2,1
140369971,0.150000006,1,,,0.104761899,0,0.283743024,0.313700944,15.9122372,1.44900012,0,,,2,1
140371139,0.150000006,1,,,0.136996329,0,0.294978768,0.301024318,15.9167824,1.44599998,0,,,2,1
140372299,0.150000006,1,,,0.120879114,0,0.307141036,0.28933242,15.9167824,1.44599998,0,,,2,1
140373634,0.150000006,1,,,0.0886446834,0,0.307141036,0.28933242,15.9167824,1.44400012,0,,,2,1
140374760,0.150000006,0,,,0,0,0.307141036,0.28933242,15.7622499,1.44400012,0,,,2,1
140375890,0.150000006,0,,,0,0,0.307141036,0.28933242,15.639534,1.44199991,0,,,2,1
140377016,0.150000006,0,,,0,0,0.307141036,0.28933242,15.4895468,1.44199991,0,,,2,1
140378145,0.150000006,0,,,0,0,0.307141036,0.28933242,15.3622856,1.43900013,0,,,2,1
140379271,0.150000006,0,,,0,0,0.307141036,0.28933242,15.2122984,1.43900013,0,,,2,1
140380401,0.150000006,0,,,0,0,0.307141036,0.28933242,15.0941277,1.43699992,0,,,2,1
140381527,0.150000006,0,,,0,0,0.307141036,0.28933242,14.9486856,1.43699992,0,,,2,1
140382661,0.150000006,0,,,0,0,0.307141036,0.28933242,14.8077888,1.43500006,0,,,2,1
140383787,0.150000006,0,,,0,0,0.307141036,0.28933242,14.6941624,1.43500006,0,,,2,1
140384918,0.150000006,0,,,0,0.918681264,0.307141036,0.28933242,15.3031998,1.43299985,0,,,2,1
140386045,0.150000006,0,,,0,0.660805821,0.307141036,0.28933242,15.9440527,1.43299985,0,,,2,1
140387208,0.150000006,0,,,0,0.0805860758,0.320349365,0.278514802,15.9395075,1.43000007,0,,,2,1
140388368,0.150000006,0,,,0,0.0886446834,0.334744781,0.268476903,15.9531422,1.43000007,0,,,2,1
140389532,0.150000006,0,,,0,0.161172152,0.350494832,0.259137422,15.9485979,1.42799985,0,,,2,1
140390692,0.150000006,0,,,0,0.112820506,0.367800176,0.250425875,15.9485979,1.42799985,0,,,2,1
140391856,0.150000006,0,,,0,0.120879114,0.386903107,0.24228099,15.9485979,1.426,0,,,2,1
140392987,0.150000006,0,,,0,0.0644688606,0.386903107,0.24228099,15.9440527,1.426,0,,,2,1
140394321,0.150000006,0,,,0,0.0402930379,0.386903107,0.24228099,15.907692,1.42299986,0,,,2,1
140395481,0.150000006,0,,,0,0.104761899,0.367800176,0.250425875,15.907692,1.42299986,0,,,2,1
140396644,0.150000006,0,,,0,0.112820506,0.350494832,0.259137422,15.9167824,1.421,0,,,2,1
140397805,0.150000006,0,,,0,0.112820506,0.334744781,0.268476903,15.907692,1.421,0,,,2,1
140398968,0.150000006,0,,,0,0.0967032909,0.320349365,0.278514802,15.9167824,1.41900015,0,,,2,1
140400129,0.150000006,0,,,0,0.136996329,0.307141036,0.28933242,15.9122372,1.41900015,0,,,2,1
140401292,0.150000006,0,,,0,0.0805860758,0.294978768,0.301024318,15.9167824,1.41600001,0,,,2,1
140402452,0.150000006,0,,,0,0.153113544,0.283743024,0.313700944,15.907692,1.41600001,0,,,2,1
140403581,0.150000006,0,,,0,0.0725274682,0.283743024,0.313700944,15.9167824,1.41400015,0,,,2,1
140404747,0.150000006,0,,,0,0.161172152,0.273331821,0.327492148,15.907692,1.41400015,0,,,2,1
140405876,0.150000006,0,,,0,0.0644688606,0.273331821,0.327492148,15.9122372,1.41199994,0,,,2,1
140407003,0.150000006,0,,,0,0.112820506,0.273331821,0.327492148,15.9122372,1.41199994,0,,,2,1
140408132,0.150000006,0,,,0,0,0.273331821,0.327492148,15.7622499,1.40900016,0,,,2,1
140409258,0.150000006,0,,,0,0,0.273331821,0.327492148,15.639534,1.40900016,0,,,2,1
140410388,0.150000006,0,,,0,0,0.273331821,0.327492148,15.5077276,1.40699995,0,,,2,1
140411514,0.150000006,0,,,0,0,0.273331821,0.327492148,15.3850107,1.40699995,0,,,2,1
140412643,0.150000006,0,,,0,0,0.273331821,0.327492148,15.2486591,1.40500009,0,,,2,1
140413770,0.150000006,0,,,0,0,0.273331821,0.327492148,15.1032171,1.40500009,0,,,2,1
140415104,0.150000006,0,,,0,0,0.273331821,0.327492148,14.9577751,1.40199995,0,,,2,1
140416235,0.150000006,0,,,0,0,0.273331821,0.327492148,14.830514,1.40199995,0,,,2,1
140417365,0.150000006,1,,,0.757509112,0,0.273331821,0.327492148,15.1941185,1.4000001,0,,,2,1
140418491,0.150000006,1,,,0.813919365,0,0.273331821,0.327492148,15.9122372,1.4000001,0,,,2,1
140419621,0.150000006,1,,,0.0644688606,0,0.273331821,0.327492148,15.9395075,1.39799988,0,,,2,1
140420747,0.150000006,1,,,0.112820506,0,0.273331821,0.327492148,15.9485979,1.39799988,0,,,2,1
140421911,0.150000006,1,,,0.120879114,0,0.2636576,0.342551738,15.9485979,1.39600003,0,,,2,1
140423071,0.150000006,1,,,0.128937721,0,0.254644781,0.359063089,15.9485979,1.39600003,0,,,2,1
140424235,0.150000006,1,,,0.120879114,0,0.246227771,0.377246767,15.9395075,1.39299989,0,,,2,1
140425395,0.150000006,1,,,0.0886446834,0,0.238349393,0.397370428,15.9485979,1.39299989,0,,,2,1
140426525,0.150000006,1,,,0.0322344303,0,0.238349393,0.397370428,15.9031467,1.39100003,0,,,2,1
140427690,0.150000006,1,,,0.0805860758,0,0.246227771,0.377246767,15.9167824,1.39100003,0,,,2,1
140428854,0.150000006,1,,,0.120879114,0,0.254644781,0.359063089,15.9122372,1.38900018,0,,,2,1
140429980,0.150000006,1,,,0.0725274682,0,0.254644781,0.359063089,15.9122372,1.38900018,0,,,2,1
140431144,0.150000006,1,,,0.128937721,0,0.2636576,0.342551738,15.9167824,1.38600004,0,,,2,1
140432305,0.150000006,1,,,0.0805860758,0,0.273331821,0.327492148,15.9167824,1.38600004,0,,,2,1
140433468,0.150000006,1,,,0.128937721,0,0.283743024,0.313700944,15.9122372,1.38399982,0,,,2,1
140434594,0.150000006,1,,,0.0725274682,0,0.283743024,0.313700944,15.9122372,1.38399982,0,,,2,1
140435962,0.150000006,1,,,0.136996329,0,0.294978768,0.301024318,15.9167824,1.38199997,0,,,2,1
140437089,0.150000006,1,,,0.0725274682,0,0.294978768,0.301024318,15.907692,1.38199997,0,,,2,1
140438252,0.150000006,1,,,0.153113544,0,0.307141036,0.28933242,15.9122372,1.37899983,0,,,2,1
140439417,0.150000006,1,,,0.0805860758,0,0.320349365,0.278514802,15.9122372,1.37899983,0,,,2,1
140440548,0.150000006,1,,,0.128937721,0,0.320349365,0.278514802,15.9167824,1.37699997,0,,,2,1
140441674,0.150000006,0,,,0,0,0.320349365,0.278514802,15.7667952,1.37699997,0,,,2,1
140442803,0.150000006,0,,,0,0,0.320349365,0.278514802,15.6349888,1.37500012,0,,,2,1
140443929,0.150000006,0,,,0,0,0.320349365,0.278514802,15.5077276,1.37500012,0,,,2,1
140445059,0.150000006,0,,,0,0,0.320349365,0.278514802,15.3759203,1.37199998,0,,,2,1
140446185,0.150000006,0,,,0,0,0.320349365,0.278514802,15.2441139,1.37199998,0,,,2,1
140447314,0.150000006,0,,,0,0,0.320349365,0.278514802,15.121398,1.37000012,0,,,2,1
140448441,0.150000006,0,,,0,0,0.320349365,0.278514802,14.9986811,1.37000012,0,,,2,1
140449571,0.150000006,0,,,0,0,0.320349365,0.278514802,14.8895998,1.36799991,0,,,2,1
140450702,0.150000006,0,,,0,0,0.320349365,0.278514802,14.789609,1.36799991,0,,,2,1
140451832,0.150000006,0,,,0,0,0.320349365,0.278514802,14.6668921,1.36600006,0,,,2,1
140452959,0.150000006,0,,,0,0.862271011,0.320349365,0.278514802,15.2850199,1.36600006,0,,,2,1
140454088,0.150000006,0,,,0,0.668864429,0.320349365,0.278514802,15.9304171,1.36299992,0,,,2,1
140455215,0.150000006,0,,,0,0.0241758227,0.320349365,0.278514802,15.9440527,1.36299992,0,,,2,1
140456378,0.150000006,0,,,0,0.0967032909,0.334744781,0.268476903,15.9485979,1.36100006,0,,,2,1
140457742,0.150000006,0,,,0,0.0805860758,0.350494832,0.259137422,15.9485979,1.36100006,0,,,2,1
140458906,0.150000006,0,,,0,0.0805860758,0.367800176,0.250425875,15.9440527,1.35899985,0,,,2,1
140460032,0.150000006,0,,,0,0.0644688606,0.367800176,0.250425875,15.9485979,1.35899985,0,,,2,1
140461200,0.150000006,0,,,0,0.201465189,0.386903107,0.24228099,15.9485979,1.35600007,0,,,2,1
140462326,0.150000006,0,,,0,0.00805860758,0.386903107,0.24228099,15.907692,1.35600007,0,,,2,1
140463490,0.150000006,0,,,0,0.120879114,0.408099145,0.234649211,15.9213276,1.35399985,0,,,2,1
140464650,0.150000006,0,,,0,0.0805860758,0.386903107,0.24228099,15.9167824,1.35399985,0,,,2,1
140465813,0.150000006,0,,,0,0.0967032909,0.367800176,0.250425875,15.9122372,1.352,0,,,2,1
140466974,0.150000006,0,,,0,0.0886446834,0.350494832,0.259137422,15.9167824,1.352,0,,,2,1
140468137,0.150000006,0,,,0,0.128937721,0.334744781,0.268476903,15.9122372,1.34899986,0,,,2,1
140469298,0.150000006,0,,,0,0.0805860758,0.320349365,0.278514802,15.9167824,1.34899986,0,,,2,1
140470461,0.150000006,0,,,0,0.104761899,0.307141036,0.28933242,15.9122372,1.347,0,,,2,1
140471588,0.150000006,0,,,0,0.0644688606,0.307141036,0.28933242,15.9167824,1.347,0,,,2,1
140472756,0.150000006,0,,,0,0.104761899,0.294978768,0.301024318,15.9122372,1.34500015,0,,,2,1
140473916,0.150000006,0,,,0,0.0886446834,0.283743024,0.313700944,15.9167824,1.34500015,0,,,2,1
140475046,0.150000006,0,,,0,0.112820506,0.283743024,0.313700944,15.907692,1.34200001,0,,,2,1
140476172,0.150000006,0,,,0,0,0.283743024,0.313700944,15.7622499,1.34200001,0,,,2,1
140477301,0.150000006,0,,,0,0,0.283743024,0.313700944,15.6304436,1.34000015,0,,,2,1
140478631,0.150000006,0,,,0,0,0.283743024,0.313700944,15.4804573,1.34000015,0,,,2,1
140479760,0.150000006,0,,,0,0,0.283743024,0.313700944,15.3531952,1.33799994,0,,,2,1
140480886,0.150000006,0,,,0,0,0.283743024,0.313700944,15.2304792,1.33799994,0,,,2,1
140482015,0.150000006,0,,,0,0,0.283743024,0.313700944,15.1032171,1.33500016,0,,,2,1
140483142,0.150000006,0,,,0,0,0.283743024,0.313700944,14.9986811,1.33500016,0,,,2,1
140484276,0.150000006,0,,,0,0,0.283743024,0.313700944,14.894145,1.33299994,0,,,2,1
140485402,0.150000006,0,,,0,0,0.283743024,0.313700944,14.7668829,1.33299994,0,,,2,1
140486532,0.150000006,1,,,0.76556772,0,0.283743024,0.313700944,15.2032089,1.33100009,0,,,2,1
140487659,0.150000006,1,,,0.805860758,0,0.283743024,0.313700944,15.9031467,1.33100009,0,,,2,1
140488789,0.150000006,1,,,0.0241758227,0,0.283743024,0.313700944,15.9440527,1.32899988,0,,,2,1
140489915,0.150000006,1,,,0.120879114,0,0.283743024,0.313700944,15.9485979,1.32899988,0,,,2,1
140491045,0.150000006,1,,,0.0644688606,0,0.283743024,0.313700944,15.9485979,1.32600009,0,,,2,1
140492205,0.150000006,1,,,0.0967032909,0,0.273331821,0.327492148,15.9440527,1.32600009,0,,,2,1
140493368,0.150000006,1,,,0.112820506,0,0.2636576,0.342551738,15.9485979,1.32399988,0,,,2,1
140494529,0.150000006,1,,,0.104761899,0,0.254644781,0.359063089,15.9485979,1.32399988,0,,,2,1
140495663,0.150000006,1,,,0.0241758227,0,0.254644781,0.359063089,15.9122372,1.32200003,0,,,2,1
140496823,0.150000006,1,,,0.0967032909,0,0.246227771,0.377246767,15.9167824,1.32200003,0,,,2,1
140497986,0.150000006,1,,,0.112820506,0,0.252435446,0.36354959,15.9167824,1.32000017,0,,,2,1
140499317,0.150000006,1,,,0.0725274682,0,0.252435446,0.36354959,15.9122372,1.32000017,0,,,2,1
140500480,0.150000006,1,,,0.0967032909,0,0.261289835,0.346632779,15.9167824,1.31700003,0,,,2,1
140501606,0.150000006,1,,,0.056410253,0,0.261289835,0.346632779,15.9122372,1.31700003,0,,,2,1
140502770,0.150000006,1,,,0.112820506,0,0.270787954,0.331220299,15.9167824,1.31500018,0,,,2,1
140503930,0.150000006,1,,,0.0805860758,0,0.281002641,0.317120045,15.9122372,1.31500018,0,,,2,1
140505093,0.150000006,1,,,0.120879114,0,0.292018205,0.304171324,15.9167824,1.31200004,0,,,2,1
140506220,0.150000006,1,,,0.0644688606,0,0.292018205,0.304171324,15.9167824,1.31200004,0,,,2,1
140507388,0.150000006,1,,,0.104761899,0,0.303932637,0.292238474,15.9122372,1.30999982,0,,,2,1
140508548,0.150000006,1,,,0.0805860758,0,0.316860646,0.281206638,15.9167824,1.30999982,0,,,2,1
140509711,0.150000006,1,,,0.120879114,0,0.330937326,0.270977378,15.9122372,1.30799997,0,,,2,1
140510838,0.150000006,1,,,0.104761899,0,0.330937326,0.270977378,15.9167824,1.30799997,0,,,2,1
140511967,0.150000006,0,,,0,0,0.330937326,0.270977378,15.7713404,1.30600011,0,,,2,1
140513093,0.150000006,0,,,0,0,0.330937326,0.270977378,15.639534,1.30600011,0,,,2,1
140514222,0.150000006,0,,,0,0,0.330937326,0.270977378,15.5122719,1.30299997,0,,,2,1
140515349,0.150000006,1,,,0.00805860758,0,0.330937326,0.270977378,15.3759203,1.30299997,0,,,2,1
140516478,0.150000006,0,,,0,0,0.330937326,0.270977378,15.2441139,1.30100012,0,,,2,1
140517604,0.150000006,0,,,0,0,0.330937326,0.270977378,15.0941277,1.30100012,0,,,2,1
140518738,0.150000006,0,,,0,0,0.330937326,0.270977378,14.9668655,1.29899991,0,,,2,1
140520069,0.150000006,0,,,0,0,0.330937326,0.270977378,14.8168793,1.29899991,0,,,2,1
140521197,0.150000006,0,,,0,0,0.330937326,0.270977378,14.7123423,1.29600012,0,,,2,1
140522324,0.150000006,0,,,0,0.0161172152,0.330937326,0.270977378,14.7714281,1.29600012,0,,,2,1
140523454,0.150000006,0,,,0,0.886446834,0.330937326,0.270977378,15.4168262,1.29399991,0,,,2,1
140524580,0.150000006,0,,,0,0.491575062,0.330937326,0.270977378,15.9667778,1.29399991,0,,,2,1
140525744,0.150000006,0,,,0,0.0967032909,0.346322894,0.261466146,15.9440527,1.29200006,0,,,2,1
140526870,0.150000006,0,,,0,0.0725274682,0.346322894,0.261466146,15.9440527,1.29200006,0,,,2,1
140528033,0.150000006,0,,,0,0.112820506,0.363208771,0.252599984,15.9485979,1.28999984,0,,,2,1
140529159,0.150000006,0,,,0,0.0402930379,0.363208771,0.252599984,15.9485979,1.28999984,0,,,2,1
140530327,0.150000006,0,,,0,0.104761899,0.381825715,0.244315431,15.9485979,1.28700006,0,,,2,1
140531487,0.150000006,0,,,0,0.0805860758,0.402454227,0.236557022,15.9485979,1.28700006,0,,,2,1
140532617,0.150000006,0,,,0,0.00805860758,0.402454227,0.236557022,15.907692,1.28499985,0,,,2,1
140533777,0.150000006,0,,,0,0.112820506,0.413133055,0.2330167,15.9213276,1.28499985,0,,,2,1
140534940,0.150000006,0,,,0,0.0805860758,0.391424805,0.240540951,15.9122372,1.28299999,0,,,2,1
140536101,0.150000006,0,,,0,0.104761899,0.371884018,0.248567343,15.9167824,1.28299999,0,,,2,1
140537230,0.150000006,0,,,0,0.0644688606,0.371884018,0.248567343,15.9167824,1.27999985,0,,,2,1
140538390,0.150000006,0,,,0,0.112820506,0.354201496,0.257147849,15.9167824,1.27999985,0,,,2,1
140539554,0.150000006,0,,,0,0.0805860758,0.338124186,0.266341925,15.9167824,1.278,0,,,2,1
140540923,0.150000006,0,,,0,0.104761899,0.323443025,0.276217848,15.9167824,1.278,0,,,2,1
140542087,0.150000006,0,,,0,0.0886446834,0.30998373,0.286854386,15.9213276,1.27499986,0,,,2,1
140543247,0.150000006,0,,,0,0.104761899,0.297599792,0.298342884,15.9122372,1.27499986,0,,,2,1
140544411,0.150000006,0,,,0,0.0886446834,0.286167383,0.310790002,15.9167824,1.273,0,,,2,1
140545537,0.150000006,0,,,0,0.0725274682,0.286167383,0.310790002,15.9122372,1.273,0,,,2,1
140546667,0.150000006,0,,,0,0.0967032909,0.286167383,0.310790002,15.9167824,1.27100015,0,,,2,1
140547793,0.150000006,0,,,0,0,0.286167383,0.310790002,15.7713404,1.27100015,0,,,2,1
140548922,0.150000006,0,,,0,0,0.286167383,0.310790002,15.639534,1.26899993,0,,,2,1
140550049,0.150000006,0,,,0,0,0.286167383,0.310790002,15.5031824,1.26899993,0,,,2,1
140551179,0.150000006,0,,,0,0,0.286167383,0.310790002,15.34865,1.26600015,0,,,2,1
140552310,0.150000006,0,,,0,0,0.286167383,0.310790002,15.225934,1.26600015,0,,,2,1
140553440,0.150000006,0,,,0,0,0.286167383,0.310790002,15.0941277,1.26399994,0,,,2,1
140554566,0.150000006,0,,,0,0,0.286167383,0.310790002,14.9805012,1.26399994,0,,,2,1
140555695,0.150000006,1,,,0.0322344303,0,0.286167383,0.310790002,15.1395779,1.26200008,0,,,2,1
140556822,0.150000006,1,,,0.830036581,0,0.286167383,0.310790002,15.8213358,1.26200008,0,,,2,1
140557951,0.150000006,1,,,0.0725274682,0,0.286167383,0.310790002,15.9485979,1.25999987,0,,,2,1
140559077,0.150000006,1,,,0.0644688606,0,0.286167383,0.310790002,15.9485979,1.25999987,0,,,2,1
140560207,0.150000006,1,,,0.0967032909,0,0.286167383,0.310790002,15.9485979,1.25700009,0,,,2,1
140561334,0.150000006,1,,,0.056410253,0,0.286167383,0.310790002,15.9485979,1.25700009,0,,,2,1
140562667,0.150000006,1,,,0.104761899,0,0.286167383,0.310790002,15.9440527,1.25499988,0,,,2,1
140563833,0.150000006,1,,,0.0805860758,0,0.275580823,0.324320912,15.9485979,1.25499988,0,,,2,1
140564962,0.150000006,1,,,0.00805860758,0,0.275580823,0.324320912,15.907692,1.25300002,0,,,2,1
140566123,0.150000006,1,,,0.112820506,0,0.265749604,0.339083701,15.9213276,1.25300002,0,,,2,1
140567252,0.150000006,1,,,0.0644688606,0,0.265749604,0.339083701,15.9122372,1.24999988,0,,,2,1
140568412,0.150000006,1,,,0.104761899,0,0.256595671,0.355254531,15.9167824,1.24999988,0,,,2,1
140569542,0.150000006,1,,,0.0644688606,0,0.256595671,0.355254531,15.9213276,1.24800003,0,,,2,1
140570703,0.150000006,1,,,0.0805860758,0,0.24805136,0.373044938,15.9122372,1.24800003,0,,,2,1
140571867,0.150000006,1,,,0.0886446834,0,0.252435476,0.36354956,15.9213276,1.24600017,0,,,2,1
140572993,0.150000006,1,,,0.0644688606,0,0.252435476,0.36354956,15.9167824,1.24600017,0,,,2,1
140574157,0.150000006,1,,,0.0967032909,0,0.261289865,0.346632719,15.9122372,1.24300003,0,,,2,1
140575322,0.150000006,1,,,0.0886446834,0,0.270787984,0.331220239,15.9167824,1.24300003,0,,,2,1
140576486,0.150000006,1,,,0.0805860758,0,0.2810027,0.317120016,15.9167824,1.24100018,0,,,2,1
140577646,0.150000006,1,,,0.104761899,0,0.292018235,0.304171264,15.9167824,1.24100018,0,,,2,1
140578775,0.150000006,1,,,0.0725274682,0,0.292018235,0.304171264,15.9122372,1.23899996,0,,,2,1
140579936,0.150000006,1,,,0.0886446834,0,0.303932667,0.292238474,15.9167824,1.23899996,0,,,2,1
140581065,0.150000006,1,,,0.0483516455,0,0.303932667,0.292238474,15.9167824,1.23599982,0,,,2,1
140582192,0.150000006,1,,,0.0725274682,0,0.303932667,0.292238474,15.9122372,1.23599982,0,,,2,1
140583559,0.150000006,1,,,0.0805860758,0,0.316860676,0.281206608,15.9167824,1.23399997,0,,,2,1
140584720,0.150000006,1,,,0.0805860758,0,0.330937386,0.270977318,15.9122372,1.23399997,0,,,2,1
140585850,0.150000006,1,,,0.112820506,0,0.330937386,0.270977318,15.9167824,1.23200011,0,,,2,1
140586981,0.150000006,0,,,0,0,0.330937386,0.270977318,15.7667952,1.23200011,0,,,2,1
140588111,0.150000006,0,,,0,0,0.330937386,0.270977318,15.6349888,1.22899997,0,,,2,1
140589237,0.150000006,0,,,0,0,0.330937386,0.270977318,15.4759121,1.22899997,0,,,2,1
140590366,0.150000006,0,,,0,0,0.330937386,0.270977318,15.34865,1.22700012,0,,,2,1
140591493,0.150000006,0,,,0,0,0.330937386,0.270977318,15.2122984,1.22700012,0,,,2,1
140592622,0.150000006,0,,,0,0,0.330937386,0.270977318,15.0941277,1.2249999,0,,,2,1
140593749,0.150000006,0,,,0,0,0.330937386,0.270977318,14.9986811,1.2249999,0,,,2,1
140594878,0.150000006,0,,,0,0.443223417,0.330937386,0.270977318,15.3031998,1.22300005,0,,,2,1
140596005,0.150000006,0,,,0,0.652747214,0.330937386,0.270977318,15.9349623,1.22300005,0,,,2,1
140597135,0.150000006,0,,,0,0.056410253,0.330937386,0.270977318,15.9440527,1.21999991,0,,,2,1
140598266,0.150000006,0,,,0,0.0725274682,0.330937386,0.270977318,15.9485979,1.21999991,0,,,2,1
140599430,0.150000006,0,,,0,0.0805860758,0.346322954,0.261466146,15.9485979,1.21800005,0,,,2,1
140600590,0.150000006,0,,,0,0.0886446834,0.36320883,0.252599984,15.9485979,1.21800005,0,,,2,1
140601754,0.150000006,0,,,0,0.0967032909,0.381825775,0.244315401,15.9485979,1.21599984,0,,,2,1
140602914,0.150000006,0,,,0,0.104761899,0.402454287,0.236556977,15.9485979,1.21599984,0,,,2,1
140604248,0.150000006,0,,,0,0,0.402454287,0.236556977,15.9167824,1.21300006,0,,,2,1
140605408,0.150000006,0,,,0,0.112820506,0.413133085,0.2330167,15.9213276,1.21300006,0,,,2,1
140606572,0.150000006,0,,,0,0.0805860758,0.391424835,0.240540937,15.9167824,1.21099985,0,,,2,1
140607698,0.150000006,0,,,0,0.0725274682,0.391424835,0.240540937,15.9122372,1.21099985,0,,,2,1
140608866,0.150000006,0,,,0,0.104761899,0.371884048,0.248567313,15.9167824,1.20899999,0,,,2,1
140609992,0.150000006,0,,,0,0.0644688606,0.371884048,0.248567313,15.9167824,1.20899999,0,,,2,1
140611156,0.150000006,0,,,0,0.0886446834,0.354201525,0.257147849,15.9122372,1.20599985,0,,,2,1
140612316,0.150000006,0,,,0,0.0967032909,0.338124216,0.266341925,15.9167824,1.20599985,0,,,2,1
140613445,0.150000006,0,,,0,0.0483516455,0.338124216,0.266341925,15.9167824,1.204,0,,,2,1
140614605,0.150000006,0,,,0,0.0805860758,0.323443055,0.276217818,15.9167824,1.204,0,,,2,1
140615735,0.150000006,0,,,0,0.0644688606,0.323443055,0.276217818,15.9213276,1.20200014,0,,,2,1
140616862,0.150000006,0,,,0,0.0644688606,0.323443055,0.276217818,15.9122372,1.20200014,0,,,2,1
140618025,0.150000006,0,,,0,0.0805860758,0.30998373,0.286854357,15.9167824,1.19999993,0,,,2,1
140619151,0.150000006,0,,,0,0.056410253,0.30998373,0.286854357,15.9213276,1.19999993,0,,,2,1
140620320,0.150000006,0,,,0,0.0805860758,0.297599852,0.298342854,15.9167824,1.19700015,0,,,2,1
140621446,0.150000006,0,,,0,0.0725274682,0.297599852,0.298342854,15.9167824,1.19700015,0,,,2,1
140622575,0.150000006,0,,,0,0.0483516455,0.297599852,0.298342854,15.9167824,1.19499993,0,,,2,1
140623736,0.150000006,0,,,0,0.0805860758,0.286167413,0.310789943,15.9122372,1.19499993,0,,,2,1
140625069,0.150000006,0,,,0,0.0644688606,0.286167413,0.310789943,15.9167824,1.19200015,0,,,2,1
140626196,0.150000006,0,,,0,0.0725274682,0.286167413,0.310789943,15.9122372,1.19200015,0,,,2,1
140627326,0.150000006,0,,,0,0.0886446834,0.286167413,0.310789943,15.9167824,1.18999994,0,,,2,1
140628452,0.150000006,0,,,0,0,0.286167413,0.310789943,15.784976,1.18999994,0,,,2,1
140629581,0.150000006,0,,,0,0,0.286167413,0.310789943,15.7031641,1.18800008,0,,,2,1
140630708,0.150000006,1,,,0.46739924,0,0.286167413,0.310789943,15.8986015,1.18800008,0,,,2,1
140631842,0.150000006,1,,,0.0402930379,0,0.286167413,0.310789943,15.9485979,1.18599987,0,,,2,1
140632969,0.150000006,1,,,0.128937721,0,0.286167413,0.310789943,15.9485979,1.18599987,0,,,2,1
140634099,0.150000006,1,,,0.0886446834,0,0.286167413,0.310789943,15.9531422,1.18300009,0,,,2,1
140635260,0.150000006,1,,,0.112820506,0,0.275580853,0.324320883,15.9485979,1.18300009,0,,,2,1
140636424,0.150000006,1,,,0.0886446834,0,0.265749633,0.339083642,15.9485979,1.18099988,0,,,2,1
140637550,0.150000006,1,,,0.0725274682,0,0.265749633,0.339083642,15.9485979,1.18099988,0,,,2,1
140638679,0.150000006,1,,,0.00805860758,0,0.265749633,0.339083642,15.9122372,1.17900002,0,,,2,1
140639840,0.150000006,1,,,0.104761899,0,0.256595701,0.355254471,15.9213276,1.17900002,0,,,2,1
140640969,0.150000006,1,,,0.0725274682,0,0.256595701,0.355254471,15.9213276,1.17700016,0,,,2,1
140642096,0.150000006,1,,,0.0725274682,0,0.256595701,0.355254471,15.9122372,1.17700016,0,,,2,1
140643264,0.150000006,1,,,0.0967032909,0,0.24805139,0.373044908,15.9213276,1.17400002,0,,,2,1
140644390,0.150000006,1,,,0.0644688606,0,0.24805139,0.373044908,15.9167824,1.17400002,0,,,2,1
140645553,0.150000006,1,,,0.0805860758,0,0.252435476,0.36354956,15.9122372,1.17200017,0,,,2,1
140646918,0.150000006,1,,,0.0886446834,0,0.261289865,0.346632719,15.9167824,1.17200017,0,,,2,1
140648047,0.150000006,1,,,0.056410253,0,0.261289865,0.346632719,15.9167824,1.16900003,0,,,2,1
140649207,0.150000006,1,,,0.0967032909,0,0.270787984,0.331220239,15.9167824,1.16900003,0,,,2,1
140650370,0.150000006,1,,,0.0805860758,0,0.2810027,0.317120016,15.9167824,1.16700017,0,,,2,1
140651497,0.150000006,1,,,0.0483516455,0,0.2810027,0.317120016,15.9122372,1.16700017,0,,,2,1
140652661,0.150000006,1,,,0.0805860758,0,0.292018235,0.304171264,15.9167824,1.16499996,0,,,2,1
140653787,0.150000006,1,,,0.0644688606,0,0.292018235,0.304171264,15.9167824,1.16499996,0,,,2,1
140654921,0.150000006,1,,,0.0644688606,0,0.292018235,0.304171264,15.9167824,1.16300011,0,,,2,1
140656082,0.150000006,1,,,0.0886446834,0,0.303932667,0.292238474,15.9167824,1.16300011,0,,,2,1
140657211,0.150000006,1,,,0.0644688606,0,0.303932667,0.292238474,15.9213276,1.15999997,0,,,2,1
140658338,0.150000006,1,,,0.0644688606,0,0.303932667,0.292238474,15.9122372,1.15999997,0,,,2,1
140659468,0.150000006,1,,,0.0725274682,0,0.303932667,0.292238474,15.9122372,1.15800011,0,,,2,1
140660594,0.150000006,1,,,0.0725274682,0,0.303932667,0.292238474,15.9213276,1.15800011,0,,,2,1
140661723,0.150000006,1,,,0.0483516455,0,0.303932667,0.292238474,15.9167824,1.1559999,0,,,2,1
140662883,0.150000006,1,,,0.0886446834,0,0.316860676,0.281206608,15.9167824,1.1559999,0,,,2,1
140664013,0.150000006,1,,,0.0725274682,0,0.316860676,0.281206608,15.9122372,1.15300012,0,,,2,1
140665139,0.150000006,1,,,0.056410253,0,0.316860676,0.281206608,15.9167824,1.15300012,0,,,2,1
140666307,0.150000006,1,,,0.0805860758,0,0.330937386,0.270977318,15.9122372,1.1509999,0,,,2,1
140667672,0.150000006,0.0714285746,,,0.00805860758,0.104761899,0.346322954,0.261466146,15.9440527,1.1509999,0,,,2,1
140668801,0.150000006,0,,,0,0.0644688606,0.346322954,0.261466146,15.9485979,1.14900005,0,,,2,1
140669961,0.150000006,0,,,0,0.0886446834,0.36320883,0.252599984,15.9485979,1.14900005,0,,,2,1
140671125,0.150000006,0,,,0,0.0805860758,0.381825775,0.244315401,15.9485979,1.14599991,0,,,2,1
140672251,0.150000006,0,,,0,0.0644688606,0.381825775,0.244315401,15.9485979,1.14599991,0,,,2,1
140673380,0.150000006,0,,,0,0.0402930379,0.381825775,0.244315401,15.9485979,1.14400005,0,,,2,1
140674506,0.150000006,0,,,0,0.0725274682,0.381825775,0.244315401,15.9485979,1.14400005,0,,,2,1
140675635,0.150000006,0,,,0,0,0.381825775,0.244315401,15.9122372,1.14199984,0,,,2,1
140676796,0.150000006,0.0909090936,,,0.00805860758,0.0805860758,0.402454287,0.236556977,15.9167824,1.14199984,0,,,2,1
140677930,0.150000006,0.200000003,,,0.00805860758,0.0322344303,0.402454287,0.236556977,15.9167824,1.13999999,0,,,2,1
140679056,0.150000006,0.333333343,,,0.0161172152,0.0322344303,0.402454287,0.236556977,15.9167824,1.13999999,0,,,2,1
140680185,0.150000006,0.428571433,,,0.0241758227,0.0322344303,0.402454287,0.236556977,15.9213276,1.13699985,0,,,2,1
140681312,0.150000006,0.333333343,,,0.0161172152,0.0322344303,0.402454287,0.236556977,15.9213276,1.13699985,0,,,2,1
140682441,0.150000006,0.333333343,,,0.0161172152,0.0322344303,0.402454287,0.236556977,15.9167824,1.13499999,0,,,2,1
140683567,0.150000006,0.5,,,0.0322344303,0.0322344303,0.402454287,0.236556977,15.9167824,1.13499999,0,,,2,1
140684696,0.150000006,0.5,,,0.0241758227,0.0241758227,0.402454287,0.236556977,15.9213276,1.13300014,0,,,2,1
140685823,0.150000006,0.428571433,,,0.0241758227,0.0322344303,0.402454287,0.236556977,15.9167824,1.13300014,0,,,2,1
140686952,0.150000006,0.571428597,,,0.0322344303,0.0241758227,0.402454287,0.236556977,15.9213276,1.13099992,0,,,2,1
140688287,0.150000006,0.571428597,,,0.0322344303,0.0241758227,0.402454287,0.236556977,15.9213276,1.13099992,0,,,2,1
140689416,0.150000006,0.428571433,,,0.0241758227,0.0322344303,0.402454287,0.236556977,15.9167824,1.12800014,0,,,2,1
140690543,0.150000006,0.428571433,,,0.0241758227,0.0322344303,0.402454287,0.236556977,15.9167824,1.12800014,0,,,2,1
140691672,0.150000006,0.5,,,0.0241758227,0.0241758227,0.402454287,0.236556977,15.9167824,1.12599993,0,,,2,1
140692798,0.150000006,0.400000006,,,0.0161172152,0.0241758227,0.402454287,0.236556977,15.9167824,1.12599993,0,,,2,1
140693928,0.150000006,0.5,,,0.0241758227,0.0241758227,0.402454287,0.236556977,15.9167824,1.12400007,0,,,2,1
140695054,0.150000006,0.5,,,0.0241758227,0.0241758227,0.402454287,0.236556977,15.9213276,1.12400007,0,,,2,1
140696183,0.150000006,0.400000006,,,0.0161172152,0.0241758227,0.402454287,0.236556977,15.9167824,1.12099993,0,,,2,1
140697309,0.150000006,0.5,,,0.0241758227,0.0241758227,0.402454287,0.236556977,15.9213276,1.12099993,0,,,2,1
140698438,0.150000006,0.400000006,,,0.0161172152,0.0241758227,0.402454287,0.236556977,15.9167824,1.11900008,0,,,2,1
140699570,0.150000006,0.25,,,0.00805860758,0.0241758227,0.402454287,0.236556977,15.9213276,1.11900008,0,,,2,1
140700700,0.150000006,0.400000006,,,0.0161172152,0.0241758227,0.402454287,0.236556977,15.9213276,1.11699986,0,,,2,1
140701826,0.150000006,0.600000024,,,0.0241758227,0.0161172152,0.402454287,0.236556977,15.9213276,1.11699986,0,,,2,1
140702955,0.150000006,0.5,,,0.0241758227,0.0241758227,0.402454287,0.236556977,15.9213276,1.11500001,0,,,2,1
140704082,0.150000006,0.200000003,,,0.00805860758,0.0322344303,0.402454287,0.236556977,15.9167824,1.11500001,0,,,2,1
140705212,0.150000006,0.400000006,,,0.0161172152,0.0241758227,0.402454287,0.236556977,15.9213276,1.11199987,0,,,2,1
140706338,0.150000006,0.400000006,,,0.0161172152,0.0241758227,0.402454287,0.236556977,15.9213276,1.11199987,0,,,2,1
140707467,0.150000006,0.333333343,,,0.00805860758,0.0161172152,0.402454287,0.236556977,15.9167824,1.11000001,0,,,2,1
140708797,0.150000006,0.5,,,0.0241758227,0.0241758227,0.402454287,0.236556977,15.9167824,1.11000001,0,,,2,1
140709926,0.150000006,0.5,,,0.0241758227,0.0241758227,0.402454287,0.236556977,15.9167824,1.10800016,0,,,2,1
140711057,0.150000006,0.400000006,,,0.0161172152,0.0241758227,0.402454287,0.236556977,15.9167824,1.10800016,0,,,2,1
140712186,0.150000006,0.428571433,,,0.0241758227,0.0322344303,0.402454287,0.236556977,15.9167824,1.10500002,0,,,2,1
140713313,0.150000006,0.571428597,,,0.0322344303,0.0241758227,0.402454287,0.236556977,15.9167824,1.10500002,0,,,2,1
140714442,0.150000006,0.5,,,0.0161172152,0.0161172152,0.402454287,0.236556977,15.9213276,1.10300016,0,,,2,1
140715568,0.150000006,0.200000003,,,0.00805860758,0.0322344303,0.402454287,0.236556977,15.9167824,1.10300016,0,,,2,1
140716698,0.150000006,0.333333343,,,0.0161172152,0.0322344303,0.402454287,0.236556977,15.9167824,1.10099995,0,,,2,1
140717824,0.150000006,0.428571433,,,0.0241758227,0.0322344303,0.402454287,0.236556977,15.9213276,1.10099995,0,,,2,1
140718953,0.150000006,0.5,,,0.0161172152,0.0161172152,0.402454287,0.236556977,15.9167824,1.0990001,0,,,2,1
140720080,0.150000006,0.400000006,,,0.0161172152,0.0241758227,0.402454287,0.236556977,15.9167824,1.0990001,0,,,2,1
140721209,0.150000006,0.333333343,,,0.0161172152,0.0322344303,0.402454287,0.236556977,15.9213276,1.09599996,0,,,2,1
140722340,0.150000006,0.333333343,,,0.00805860758,0.0161172152,0.402454287,0.236556977,15.9167824,1.09599996,0,,,2,1
140723469,0.150000006,0.400000006,,,0.0161172152,0.0241758227,0.402454287,0.236556977,15.9167824,1.0940001,0,,,2,1
140724595,0.150000006,0.400000006,,,0.0161172152,0.0241758227,0.402454287,0.236556977,15.9167824,1.0940001,0,,,2,1
140725725,0.150000006,0.400000006,,,0.0161172152,0.0241758227,0.402454287,0.236556977,15.9213276,1.09199989,0,,,2,1
140726851,0.150000006,0.400000006,,,0.0161172152,0.0241758227,0.402454287,0.236556977,15.9167824,1.09199989,0,,,2,1
140727980,0.150000006,0.428571433,,,0.0241758227,0.0322344303,0.402454287,0.236556977,15.9167824,1.09000003,0,,,2,1
140729106,0.150000006,0.400000006,,,0.0161172152,0.0241758227,0.402454287,0.236556977,15.9213276,1.09000003,0,,,2,1
140730440,0.150000006,0.5,,,0.0161172152,0.0161172152,0.402454287,0.236556977,15.9167824,1.08699989,0,,,2,1
140731566,0.150000006,0.5,,,0.0241758227,0.0241758227,0.402454287,0.236556977,15.9167824,1.08699989,0,,,2,1
140732695,0.150000006,0.333333343,,,0.0161172152,0.0322344303,0.402454287,0.236556977,15.9213276,1.08500004,0,,,2,1
140733827,0.150000006,0.400000006,,,0.0161172152,0.0241758227,0.402454287,0.236556977,15.9213276,1.08500004,0,,,2,1
140734956,0.150000006,0.400000006,,,0.0161172152,0.0241758227,0.402454287,0.236556977,15.9167824,1.08299983,0,,,2,1
140736082,0.150000006,0.428571433,,,0.0241758227,0.0322344303,0.402454287,0.236556977,15.9213276,1.08299983,0,,,2,1
140737211,0.150000006,0.333333343,,,0.0161172152,0.0322344303,0.402454287,0.236556977,15.9258718,1.08000004,0,,,2,1
140738338,0.150000006,0.25,,,0.00805860758,0.0241758227,0.402454287,0.236556977,15.9167824,1.08000004,0,,,2,1
140739467,0.150000006,0.400000006,,,0.0161172152,0.0241758227,0.402454287,0.236556977,15.9167824,1.07799983,0,,,2,1
140740593,0.150000006,0.400000006,,,0.0161172152,0.0241758227,0.402454287,0.236556977,15.9167824,1.07799983,0,,,2,1
140741722,0.150000006,0.25,,,0.00805860758,0.0241758227,0.402454287,0.236556977,15.9213276,1.07599998,0,,,2,1
140742849,0.150000006,0.5,,,0.0161172152,0.0161172152,0.402454287,0.236556977,15.9167824,1.07599998,0,,,2,1
140743978,0.150000006,0.400000006,,,0.0161172152,0.0241758227,0.402454287,0.236556977,15.9167824,1.07400012,0,,,2,1
140745109,0.150000006,0.5,,,0.0241758227,0.0241758227,0.402454287,0.236556977,15.9213276,1.07400012,0,,,2,1
140746239,0.150000006,0.25,,,0.00805860758,0.0241758227,0.402454287,0.236556977,15.9258718,1.07099998,0,,,2,1
140747365,0.150000006,0.200000003,,,0.00805860758,0.0322344303,0.402454287,0.236556977,15.9213276,1.07099998,0,,,2,1
140748494,0.150000006,0.400000006,,,0.0161172152,0.0241758227,0.402454287,0.236556977,15.9167824,1.06900012,0,,,2,1
140749620,0.150000006,0.333333343,,,0.00805860758,0.0161172152,0.402454287,0.236556977,15.9167824,1.06900012,0,,,2,1
140750954,0.150000006,0.166666672,,,0.00805860758,0.0402930379,0.402454287,0.236556977,15.9167824,1.06699991,0,,,2,1
140752080,0.150000006,0.333333343,,,0.0161172152,0.0322344303,0.402454287,0.236556977,15.9167824,1.06699991,0,,,2,1
140753209,0.150000006,0.400000006,,,0.0161172152,0.0241758227,0.402454287,0.236556977,15.9213276,1.06400013,0,,,2,1
140754335,0.150000006,0.25,,,0.00805860758,0.0241758227,0.402454287,0.236556977,15.9167824,1.06400013,0,,,2,1
140755470,0.150000006,0.333333343,,,0.0161172152,0.0322344303,0.402454287,0.236556977,15.9167824,1.06199992,0,,,2,1
140756596,0.150000006,0.5,,,0.0241758227,0.0241758227,0.402454287,0.236556977,15.9213276,1.06199992,0,,,2,1
140757726,0.150000006,0.5,,,0.0241758227,0.0241758227,0.402454287,0.236556977,15.9213276,1.06000006,0,,,2,1
140758852,0.150000006,0.333333343,,,0.0161172152,0.0322344303,0.402454287,0.236556977,15.9213276,1.06000006,0,,,2,1
140759981,0.150000006,0.400000006,,,0.0161172152,0.0241758227,0.402454287,0.236556977,15.9167824,1.05799985,0,,,2,1
140761108,0.150000006,0.428571433,,,0.0241758227,0.0322344303,0.402454287,0.236556977,15.9213276,1.05799985,0,,,2,1
140762238,0.150000006,0.200000003,,,0.00805860758,0.0322344303,0.402454287,0.236556977,15.9258718,1.05500007,0,,,2,1
140763364,0.150000006,0.333333343,,,0.0161172152,0.0322344303,0.402454287,0.236556977,15.9167824,1.05500007,0,,,2,1
140764493,0.150000006,0.400000006,,,0.0161172152,0.0241758227,0.402454287,0.236556977,15.9167824,1.05299985,0,,,2,1
140765620,0.150000006,0.5,,,0.0161172152,0.0161172152,0.402454287,0.236556977,15.9213276,1.05299985,0,,,2,1
140766754,0.150000006,0.25,,,0.00805860758,0.0241758227,0.402454287,0.236556977,15.9213276,1.051,0,,,2,1
140767880,0.150000006,0.25,,,0.00805860758,0.0241758227,0.402454287,0.236556977,15.9213276,1.051,0,,,2,1
140769009,0.150000006,0.25,,,0.00805860758,0.0241758227,0.402454287,0.236556977,15.9167824,1.04799986,0,,,2,1
140770135,0.150000006,0.400000006,,,0.0161172152,0.0241758227,0.402454287,0.236556977,15.9213276,1.04799986,0,,,2,1
140771265,0.150000006,0.25,,,0.00805860758,0.0241758227,0.402454287,0.236556977,15.9258718,1.046,0,,,2,1
140772595,0.150000006,0.25,,,0.00805860758,0.0241758227,0.402454287,0.236556977,15.9213276,1.046,0,,,2,1
140773724,0.150000006,0.25,,,0.00805860758,0.0241758227,0.402454287,0.236556977,15.9167824,1.04400015,0,,,2,1
140774850,0.150000006,0.25,,,0.00805860758,0.0241758227,0.402454287,0.236556977,15.9167824,1.04400015,0,,,2,1
140775979,0.150000006,0.333333343,,,0.00805860758,0.0161172152,0.402454287,0.236556977,15.9213276,1.04199994,0,,,2,1
140777106,0.150000006,0.25,,,0.00805860758,0.0241758227,0.402454287,0.236556977,15.9213276,1.04199994,0,,,2,1
140778239,0.150000006,0.5,,,0.0241758227,0.0241758227,0.402454287,0.236556977,15.9213276,1.03900015,0,,,2,1
140779365,0.150000006,0.333333343,,,0.0161172152,0.0322344303,0.402454287,0.236556977,15.9167824,1.03900015,0,,,2,1
140780495,0.150000006,0.375,,,0.0241758227,0.0402930379,0.402454287,0.236556977,15.9213276,1.03699994,0,,,2,1
140781621,0.150000006,0.333333343,,,0.0161172152,0.0322344303,0.402454287,0.236556977,15.9167824,1.03699994,0,,,2,1
140782750,0.150000006,0.333333343,,,0.0161172152,0.0322344303,0.402454287,0.236556977,15.9167824,1.03500009,0,,,2,1
140783876,0.150000006,0.333333343,,,0.0161172152,0.0322344303,0.402454287,0.236556977,15.9213276,1.03500009,0,,,2,1
140785006,0.150000006,0.400000006,,,0.0161172152,0.0241758227,0.402454287,0.236556977,15.9213276,1.03199995,0,,,2,1
140786132,0.150000006,0.5,,,0.0161172152,0.0161172152,0.402454287,0.236556977,15.9167824,1.03199995,0,,,2,1
140787261,0.150000006,0.400000006,,,0.0161172152,0.0241758227,0.402454287,0.236556977,15.9167824,1.03000009,0,,,2,1
140788387,0.150000006,0.25,,,0.00805860758,0.0241758227,0.402454287,0.236556977,15.9167824,1.03000009,0,,,2,1
140789521,0.150000006,0.25,,,0.00805860758,0.0241758227,0.402454287,0.236556977,15.9167824,1.02799988,0,,,2,1
140790648,0.150000006,0.400000006,,,0.0161172152,0.0241758227,0.402454287,0.236556977,15.9167824,1.02799988,0,,,2,1
140791777,0.150000006,0.200000003,,,0.00805860758,0.0322344303,0.402454287,0.236556977,15.9167824,1.02600002,0,,,2,1
140793107,0.150000006,0.333333343,,,0.0161172152,0.0322344303,0.402454287,0.236556977,15.9213276,1.02600002,0,,,2,1
140794236,0.150000006,0.25,,,0.00805860758,0.0241758227,0.402454287,0.236556977,15.9122372,1.02299988,0,,,2,1
140795363,0.150000006,0.400000006,,,0.0161172152,0.0241758227,0.402454287,0.236556977,15.9213276,1.02299988,0,,,2,1
140796492,0.150000006,0.400000006,,,0.0161172152,0.0241758227,0.402454287,0.236556977,15.9213276,1.02100003,0,,,2,1
140797619,0.150000006,0.25,,,0.00805860758,0.0241758227,0.402454287,0.236556977,15.9167824,1.02100003,0,,,2,1
140798748,0.150000006,0.333333343,,,0.00805860758,0.0161172152,0.402454287,0.236556977,15.9213276,1.01900017,0,,,2,1
140799875,0.150000006,0,,,0,0.0161172152,0.402454287,0.236556977,15.9167824,1.01900017,0,,,2,1
140801008,0.150000006,0.25,,,0.00805860758,0.0241758227,0.402454287,0.236556977,15.9213276,1.01600003,0,,,2,1
140802135,0.150000006,0.400000006,,,0.0161172152,0.0241758227,0.402454287,0.236556977,15.9167824,1.01600003,0,,,2,1
140803264,0.150000006,0.333333343,,,0.00805860758,0.0161172152,0.402454287,0.236556977,15.9213276,1.01400018,0,,,2,1
140804391,0.150000006,0.25,,,0.00805860758,0.0241758227,0.402454287,0.236556977,15.9167824,1.01400018,0,,,2,1
140805520,0.150000006,0.25,,,0.00805860758,0.0241758227,0.402454287,0.236556977,15.9213276,1.01199996,0,,,2,1
140806646,0.150000006,0.400000006,,,0.0161172152,0.0241758227,0.402454287,0.236556977,15.9213276,1.01199996,0,,,2,1
140807776,0.150000006,0.333333343,,,0.00805860758,0.0161172152,0.402454287,0.236556977,15.9213276,1.01000011,0,,,2,1
140808902,0.150000006,0.25,,,0.00805860758,0.0241758227,0.402454287,0.236556977,15.9213276,1.01000011,0,,,2,1
140810032,0.150000006,0,,,0,0.0322344303,0.402454287,0.236556977,15.9167824,1.00699997,0,,,2,1
140811158,0.150000006,0.400000006,,,0.0161172152,0.0241758227,0.402454287,0.236556977,15.9213276,1.00699997,0,,,2,1
140812292,0.150000006,0.400000006,,,0.0161172152,0.0241758227,0.402454287,0.236556977,15.9167824,1.00500011,0,,,2,1
140813419,0.150000006,0.200000003,,,0.00805860758,0.0322344303,0.402454287,0.236556977,15.9167824,1.00500011,0,,,2,1
140814752,0.150000006,0.400000006,,,0.0161172152,0.0241758227,0.402454287,0.236556977,15.9167824,1.0029999,0,,,2,1
140815879,0.150000006,0.333333343,,,0.0161172152,0.0322344303,0.402454287,0.236556977,15.9167824,1.0029999,0,,,2,1
140817015,0.150000006,0.200000003,,,0.00805860758,0.0322344303,0.402454287,0.236556977,15.9213276,1.00000012,0,,,2,1
140818141,0.150000006,0.333333343,,,0.0161172152,0.0322344303,0.402454287,0.236556977,15.9167824,1.00000012,0,,,2,1
140819270,0.150000006,0.200000003,,,0.00805860758,0.0322344303,0.402454287,0.236556977,15.9213276,0.997999907,0,,,2,1
140820397,0.150000006,0.400000006,,,0.0161172152,0.0241758227,0.402454287,0.236556977,15.9167824,0.997999907,0,,,2,1
140821526,0.150000006,0.25,,,0.00805860758,0.0241758227,0.402454287,0.236556977,15.9213276,0.996000051,0,,,2,1
140822652,0.150000006,0.25,,,0.00805860758,0.0241758227,0.402454287,0.236556977,15.9167824,0.996000051,0,,,2,1
140823786,0.150000006,0.333333343,,,0.00805860758,0.0161172152,0.402454287,0.236556977,15.9167824,0.993999839,0,,,2,1
140824913,0.150000006,0,,,0,0.0241758227,0.402454287,0.236556977,15.9167824,0.993999839,0,,,2,1
140826042,0.150000006,0.25,,,0.00805860758,0.0241758227,0.402454287,0.236556977,15.9167824,0.991000056,0,,,2,1
140827168,0.150000006,0.333333343,,,0.00805860758,0.0161172152,0.402454287,0.236556977,15.9213276,0.991000056,0,,,2,1
140828297,0.150000006,0.333333343,,,0.00805860758,0.0161172152,0.402454287,0.236556977,15.9167824,0.988999844,0,,,2,1
140829424,0.150000006,0.5,,,0.0161172152,0.0161172152,0.402454287,0.236556977,15.9213276,0.988999844,0,,,2,1
140830553,0.150000006,0,,,0,0.0241758227,0.402454287,0.236556977,15.9213276,0.986999989,0,,,2,1
140831679,0.150000006,0,,,0,0.0241758227,0.402454287,0.236556977,15.9213276,0.986999989,0,,,2,1
140832808,0.150000006,0.200000003,,,0.00805860758,0.0322344303,0.402454287,0.236556977,15.9213276,0.985000134,0,,,2,1
140833939,0.150000006,0,,,0,0.0241758227,0.402454287,0.236556977,15.9167824,0.985000134,0,,,2,1
140835272,0.150000006,0,,,0,0.0241758227,0.402454287,0.236556977,15.9167824,0.981999993,0,,,2,1
140836399,0.150000006,0,,,0,0.0241758227,0.402454287,0.236556977,15.9213276,0.981999993,0,,,2,1
140837528,0.150000006,0.200000003,,,0.00805860758,0.0322344303,0.402454287,0.236556977,15.9213276,0.980000138,0,,,2,1
140838654,0.150000006,0.400000006,,,0.0161172152,0.0241758227,0.402454287,0.236556977,15.9167824,0.980000138,0,,,2,1
140839783,0.150000006,0.333333343,,,0.00805860758,0.0161172152,0.402454287,0.236556977,15.9167824,0.977999926,0,,,2,1
140840909,0.150000006,0.400000006,,,0.0161172152,0.0241758227,0.402454287,0.236556977,15.9167824,0.977999926,0,,,2,1
140842038,0.150000006,0.25,,,0.00805860758,0.0241758227,0.402454287,0.236556977,15.9122372,0.975000143,0,,,2,1
140843164,0.150000006,0.400000006,,,0.0161172152,0.0241758227,0.402454287,0.236556977,15.9213276,0.975000143,0,,,2,1
140844294,0.150000006,0.25,,,0.00805860758,0.0241758227,0.402454287,0.236556977,15.9213276,0.97299993,0,,,2,1
140845425,0.150000006,0.333333343,,,0.00805860758,0.0161172152,0.402454287,0.236556977,15.9167824,0.97299993,0,,,2,1
140846554,0.150000006,0.5,,,0.0161172152,0.0161172152,0.402454287,0.236556977,15.9213276,0.971000075,0,,,2,1
140847681,0.150000006,0.5,,,0.0161172152,0.0161172152,0.402454287,0.236556977,15.9213276,0.971000075,0,,,2,1
140848810,0.150000006,0.333333343,,,0.00805860758,0.0161172152,0.402454287,0.236556977,15.9167824,0.968999863,0,,,2,1
140849936,0.150000006,0.333333343,,,0.00805860758,0.0161172152,0.402454287,0.236556977,15.9213276,0.968999863,0,,,2,1
140851066,0.150000006,0.25,,,0.00805860758,0.0241758227,0.402454287,0.236556977,15.9258718,0.96600008,0,,,2,1
140852192,0.150000006,0.25,,,0.00805860758,0.0241758227,0.402454287,0.236556977,15.9167824,0.96600008,0,,,2,1
140853321,0.150000006,0.25,,,0.00805860758,0.0241758227,0.402454287,0.236556977,15.9213276,0.963999867,0,,,2,1
140854448,0.150000006,0,,,0,0.0241758227,0.402454287,0.236556977,15.9213276,0.963999867,0,,,2,1
140855781,0.150000006,0,,,0,0.0241758227,0.402454287,0.236556977,15.9213276,0.962000012,0,,,2,1
140856912,0.150000006,0.25,,,0.00805860758,0.0241758227,0.402454287,0.236556977,15.9213276,0.962000012,0,,,2,1
140858041,0.150000006,0.200000003,,,0.00805860758,0.0322344303,0.402454287,0.236556977,15.9213276,0.958999872,0,,,2,1
140859167,0.150000006,0,,,0,0.0241758227,0.402454287,0.236556977,15.9167824,0.958999872,0,,,2,1
140860296,0.150000006,0.25,,,0.00805860758,0.0241758227,0.402454287,0.236556977,15.9213276,0.957000017,0,,,2,1
140861423,0.150000006,0.25,,,0.00805860758,0.0241758227,0.402454287,0.236556977,15.9167824,0.957000017,0,,,2,1
140862552,0.150000006,0.200000003,,,0.00805860758,0.0322344303,0.402454287,0.236556977,15.9213276,0.955000162,0,,,2,1
140863678,0.150000006,0.25,,,0.00805860758,0.0241758227,0.402454287,0.236556977,15.9213276,0.955000162,0,,,2,1
140864808,0.150000006,0.333333343,,,0.00805860758,0.0161172152,0.402454287,0.236556977,15.9167824,0.952999949,0,,,2,1
140865934,0.150000006,0,,,0,0.0322344303,0.402454287,0.236556977,15.9258718,0.952999949,0,,,2,1
140867063,0.150000006,0,,,0,0.0322344303,0.402454287,0.236556977,15.9167824,0.950000167,0,,,2,1
140868195,0.150000006,0.25,,,0.00805860758,0.0241758227,0.402454287,0.236556977,15.9167824,0.950000167,0,,,2,1
140869324,0.150000006,0,,,0,0.0241758227,0.402454287,0.236556977,15.9213276,0.947999954,0,,,2,1
140870450,0.150000006,0.200000003,,,0.00805860758,0.0322344303,0.402454287,0.236556977,15.9167824,0.947999954,0,,,2,1
140871579,0.150000006,0.25,,,0.00805860758,0.0241758227,0.402454287,0.236556977,15.9213276,0.946000099,0,,,2,1
140872705,0.150000006,0,,,0,0.0322344303,0.402454287,0.236556977,15.9213276,0.946000099,0,,,2,1
140873834,0.150000006,0.200000003,,,0.00805860758,0.0322344303,0.402454287,0.236556977,15.9167824,0.943999887,0,,,2,1
140874961,0.150000006,0.25,,,0.00805860758,0.0241758227,0.402454287,0.236556977,15.9213276,0.943999887,0,,,2,1
140876090,0.150000006,0.200000003,,,0.00805860758,0.0322344303,0.402454287,0.236556977,15.9213276,0.941000104,0,,,2,1
140877421,0.150000006,0,,,0,0.0322344303,0.402454287,0.236556977,15.9213276,0.941000104,0,,,2,1
140878550,0.150000006,0,,,0,0.0241758227,0.402454287,0.236556977,15.9213276,0.938999891,0,,,2,1
140879681,0.150000006,0,,,0,0.0241758227,0.402454287,0.236556977,15.9167824,0.938999891,0,,,2,1
140880811,0.150000006,0.25,,,0.00805860758,0.0241758227,0.402454287,0.236556977,15.9213276,0.937000036,0,,,2,1
140881937,0.150000006,0.200000003,,,0.00805860758,0.0322344303,0.402454287,0.236556977,15.9167824,0.937000036,0,,,2,1
140883067,0.150000006,0.25,,,0.00805860758,0.0241758227,0.402454287,0.236556977,15.9213276,0.933999896,0,,,2,1
140884194,0.150000006,0,,,0,0.0241758227,0.402454287,0.236556977,15.9213276,0.933999896,0,,,2,1
140885323,0.150000006,0,,,0,0.0241758227,0.402454287,0.236556977,15.9213276,0.932000041,0,,,2,1
140886449,0.150000006,0,,,0,0.0402930379,0.402454287,0.236556977,15.9213276,0.932000041,0,,,2,1
140887579,0.150000006,0.25,,,0.00805860758,0.0241758227,0.402454287,0.236556977,15.9213276,0.929999828,0,,,2,1
140888705,0.150000006,0.200000003,,,0.00805860758,0.0322344303,0.402454287,0.236556977,15.9213276,0.929999828,0,,,2,1
140889834,0.150000006,0,,,0,0.0161172152,0.402454287,0.236556977,15.9167824,0.927999973,0,,,2,1
140890965,0.150000006,0.333333343,,,0.00805860758,0.0161172152,0.402454287,0.236556977,15.9167824,0.927999973,0,,,2,1
140892094,0.150000006,0.333333343,,,0.00805860758,0.0161172152,0.402454287,0.236556977,15.9213276,0.924999833,0,,,2,1
140893221,0.150000006,0,,,0,0.0322344303,0.402454287,0.236556977,15.9258718,0.924999833,0,,,2,1
140894350,0.150000006,0,,,0,0.0241758227,0.402454287,0.236556977,15.9213276,0.922999978,0,,,2,1
140895476,0.150000006,0,,,0,0.0161172152,0.402454287,0.236556977,15.9213276,0.922999978,0,,,2,1
140896606,0.150000006,0,,,0,0.0241758227,0.402454287,0.236556977,15.9213276,0.921000123,0,,,2,1
140897936,0.150000006,0.333333343,,,0.00805860758,0.0161172152,0.402454287,0.236556977,15.9167824,0.921000123,0,,,2,1
140899065,0.150000006,0,,,0,0.0241758227,0.402454287,0.236556977,15.9213276,0.917999983,0,,,2,1
140900192,0.150000006,0.25,,,0.00805860758,0.0241758227,0.402454287,0.236556977,15.9167824,0.917999983,0,,,2,1
140901325,0.150000006,0,,,0,0.0161172152,0.402454287,0.236556977,15.9167824,0.916000128,0,,,2,1
140902451,0.150000006,0.25,,,0.00805860758,0.0241758227,0.402454287,0.236556977,15.9213276,0.916000128,0,,,2,1
140903581,0.150000006,0,,,0,0.0241758227,0.402454287,0.236556977,15.9213276,0.913999915,0,,,2,1
140904707,0.150000006,0.25,,,0.00805860758,0.0241758227,0.402454287,0.236556977,15.9167824,0.913999915,0,,,2,1
140905837,0.150000006,0.200000003,,,0.00805860758,0.0322344303,0.402454287,0.236556977,15.9167824,0.91200006,0,,,2,1
140906963,0.150000006,0.25,,,0.00805860758,0.0241758227,0.402454287,0.236556977,15.9167824,0.91200006,0,,,2,1
140908092,0.150000006,0.200000003,,,0.00805860758,0.0322344303,0.402454287,0.236556977,15.9213276,0.90899992,0,,,2,1
140909219,0.150000006,0.333333343,,,0.00805860758,0.0161172152,0.402454287,0.236556977,15.9167824,0.90899992,0,,,2,1
140910348,0.150000006,0,,,0,0.0161172152,0.402454287,0.236556977,15.9167824,0.907000065,0,,,2,1
140911474,0.150000006,0.25,,,0.00805860758,0.0241758227,0.402454287,0.236556977,15.9167824,0.907000065,0,,,2,1
140912608,0.150000006,0.25,,,0.00805860758,0.0241758227,0.402454287,0.236556977,15.9213276,0.904999852,0,,,2,1
140913735,0.150000006,0.25,,,0.00805860758,0.0241758227,0.402454287,0.236556977,15.9213276,0.904999852,0,,,2,1
140914864,0.150000006,0,,,0,0.0322344303,0.402454287,0.236556977,15.9167824,0.902999997,0,,,2,1
140915991,0.150000006,0,,,0,0.0322344303,0.402454287,0.236556977,15.9213276,0.902999997,0,,,2,1
140917121,0.150000006,0,,,0,0.0241758227,0.402454287,0.236556977,15.9213276,0.899999857,0,,,2,1
140918247,0.150000006,0.25,,,0.00805860758,0.0241758227,0.402454287,0.236556977,15.9213276,0.899999857,0,,,2,1
140919580,0.150000006,0,,,0,0.0241758227,0.402454287,0.236556977,15.9213276,0.898000002,0,,,2,1
140920707,0.150000006,0,,,0,0.0241758227,0.402454287,0.236556977,15.9213276,0.898000002,0,,,2,1
140921836,0.150000006,0.200000003,,,0.00805860758,0.0322344303,0.402454287,0.236556977,15.9167824,0.896000147,0,,,2,1
140922962,0.150000006,0.25,,,0.00805860758,0.0241758227,0.402454287,0.236556977,15.9167824,0.896000147,0,,,2,1
140924096,0.150000006,0,,,0,0.0322344303,0.402454287,0.236556977,15.9167824,0.893000007,0,,,2,1
140925222,0.150000006,0,,,0,0.0241758227,0.402454287,0.236556977,15.9213276,0.893000007,0,,,2,1
140926351,0.150000006,0,,,0,0.0322344303,0.402454287,0.236556977,15.9167824,0.891000152,0,,,2,1
140927478,0.150000006,0,,,0,0.0241758227,0.402454287,0.236556977,15.9167824,0.891000152,0,,,2,1
140928607,0.150000006,0,,,0,0.0241758227,0.402454287,0.236556977,15.9213276,0.888999939,0,,,2,1
140929733,0.150000006,0,,,0,0.0241758227,0.402454287,0.236556977,15.9213276,0.888999939,0,,,2,1
140930862,0.150000006,0,,,0,0.0241758227,0.402454287,0.236556977,15.9167824,0.887000084,0,,,2,1
140931988,0.150000006,0,,,0,0.0161172152,0.402454287,0.236556977,15.9167824,0.887000084,0,,,2,1
140933118,0.150000006,0,,,0,0.0241758227,0.402454287,0.236556977,15.9167824,0.883999944,0,,,2,1
140934244,0.150000006,0,,,0,0.0241758227,0.402454287,0.236556977,15.9213276,0.883999944,0,,,2,1
140935379,0.150000006,0,,,0,0.0161172152,0.402454287,0.236556977,15.9213276,0.882000089,0,,,2,1
140936505,0.150000006,0,,,0,0.0322344303,0.402454287,0.236556977,15.9167824,0.882000089,0,,,2,1
140937635,0.150000006,0,,,0,0.0161172152,0.402454287,0.236556977,15.9213276,0.879999876,0,,,2,1
140938761,0.150000006,0,,,0,0.0161172152,0.402454287,0.236556977,15.9213276,0.879999876,0,,,2,1
140940095,0.150000006,0,,,0,0.0161172152,0.402454287,0.236556977,15.9213276,0.877000093,0,,,2,1
140941221,0.150000006,0.25,,,0.00805860758,0.0241758227,0.402454287,0.236556977,15.9258718,0.877000093,0,,,2,1
140942351,0.150000006,0.25,,,0.00805860758,0.0241758227,0.402454287,0.236556977,15.9167824,0.874999881,0,,,2,1
140943477,0.150000006,0,,,0,0.0241758227,0.402454287,0.236556977,15.9167824,0.874999881,0,,,2,1
140944606,0.150000006,0,,,0,0.0161172152,0.402454287,0.236556977,15.9167824,0.873000026,0,,,2,1
140945732,0.150000006,0.25,,,0.00805860758,0.0241758227,0.402454287,0.236556977,15.9167824,0.873000026,0,,,2,1
140946865,0.150000006,0,,,0,0.0241758227,0.402454287,0.236556977,15.9213276,0.871000171,0,,,2,1
140947992,0.150000006,0,,,0,0.0241758227,0.402454287,0.236556977,15.9213276,0.871000171,0,,,2,1
140949120,0.150000006,0,,,0,0.0241758227,0.402454287,0.236556977,15.9213276,0.868000031,0,,,2,1
140950247,0.150000006,0,,,0,0.0161172152,0.402454287,0.236556977,15.9167824,0.868000031,0,,,2,1
140951376,0.150000006,0,,,0,0.0241758227,0.402454287,0.236556977,15.9213276,0.866000175,0,,,2,1
140952502,0.150000006,0.25,,,0.00805860758,0.0241758227,0.402454287,0.236556977,15.9213276,0.866000175,0,,,2,1
140953632,0.150000006,0,,,0,0.0161172152,0.402454287,0.236556977,15.9213276,0.863999963,0,,,2,1
140954758,0.150000006,0,,,0,0.0241758227,0.402454287,0.236556977,15.9213276,0.863999963,0,,,2,1
140955888,0.150000006,0,,,0,0.0241758227,0.402454287,0.236556977,15.9213276,0.862000108,0,,,2,1
140957014,0.150000006,0,,,0,0.0241758227,0.402454287,0.236556977,15.9167824,0.862000108,0,,,2,1
140958148,0.150000006,0,,,0,0.0241758227,0.402454287,0.236556977,15.9167824,0.858999968,0,,,2,1
140959274,0.150000006,0,,,0,0.0322344303,0.402454287,0.236556977,15.9167824,0.858999968,0,,,2,1
140960404,0.150000006,0,,,0,0.0161172152,0.402454287,0.236556977,15.9167824,0.857000113,0,,,2,1
140961734,0.150000006,0,,,0,0.0322344303,0.402454287,0.236556977,15.9167824,0.857000113,0,,,2,1
140962863,0.150000006,0.25,,,0.00805860758,0.0241758227,0.402454287,0.236556977,15.9167824,0.8549999,0,,,2,1
140963989,0.150000006,0,,,0,0.0241758227,0.402454287,0.236556977,15.9167824,0.8549999,0,,,2,1
140965118,0.150000006,0,,,0,0.0161172152,0.402454287,0.236556977,15.9213276,0.852000117,0,,,2,1
140966244,0.150000006,0,,,0,0.0241758227,0.402454287,0.236556977,15.9213276,0.852000117,0,,,2,1
140967373,0.150000006,0,,,0,0.0241758227,0.402454287,0.236556977,15.9213276,0.849999905,0,,,2,1
140968499,0.150000006,0,,,0,0.0161172152,0.402454287,0.236556977,15.9213276,0.849999905,0,,,2,1
140969633,0.150000006,0,,,0,0.0161172152,0.402454287,0.236556977,15.9167824,0.84800005,0,,,2,1
140970760,0.150000006,0,,,0,0.0241758227,0.402454287,0.236556977,15.9213276,0.84800005,0,,,2,1
140971889,0.150000006,0,,,0,0.0241758227,0.402454287,0.236556977,15.9213276,0.845999837,0,,,2,1
140973016,0.150000006,0.25,,,0.00805860758,0.0241758227,0.402454287,0.236556977,15.9213276,0.845999837,0,,,2,1
140974145,0.150000006,0,,,0,0.0241758227,0.402454287,0.236556977,15.9167824,0.843000054,0,,,2,1
140975271,0.150000006,0,,,0,0.0241758227,0.402454287,0.236556977,15.9167824,0.843000054,0,,,2,1
140976401,0.150000006,0,,,0,0.0241758227,0.402454287,0.236556977,15.9167824,0.840999842,0,,,2,1
140977527,0.150000006,0,,,0,0.0322344303,0.402454287,0.236556977,15.9213276,0.840999842,0,,,2,1
140978656,0.150000006,0,,,0,0.0322344303,0.402454287,0.236556977,15.9167824,0.838999987,0,,,2,1
140979787,0.150000006,0,,,0,0.0322344303,0.402454287,0.236556977,15.9213276,0.838999987,0,,,2,1
140980916,0.150000006,0,,,0,0.0322344303,0.402454287,0.236556977,15.9167824,0.837000132,0,,,2,1
140982246,0.150000006,0,,,0,0.0241758227,0.402454287,0.236556977,15.9213276,0.837000132,0,,,2,1
140983376,0.150000006,0,,,0,0.0241758227,0.402454287,0.236556977,15.9213276,0.833999991,0,,,2,1
140984502,0.150000006,0,,,0,0.0241758227,0.402454287,0.236556977,15.9167824,0.833999991,0,,,2,1
140985631,0.150000006,0,,,0,0.0241758227,0.402454287,0.236556977,15.9167824,0.832000136,0,,,2,1
140986758,0.150000006,0,,,0,0.0241758227,0.402454287,0.236556977,15.9167824,0.832000136,0,,,2,1
140987887,0.150000006,0.25,,,0.00805860758,0.0241758227,0.402454287,0.236556977,15.9213276,0.829999924,0,,,2,1
140989013,0.150000006,0,,,0,0.0241758227,0.402454287,0.236556977,15.9213276,0.829999924,0,,,2,1
140990142,0.150000006,0,,,0,0.0241758227,0.402454287,0.236556977,15.9213276,0.827000141,0,,,2,1
140991273,0.150000006,0.25,,,0.00805860758,0.0241758227,0.402454287,0.236556977,15.9167824,0.827000141,0,,,2,1
140992402,0.150000006,0.333333343,,,0.00805860758,0.0161172152,0.402454287,0.236556977,15.9167824,0.824999928,0,,,2,1
140993528,0.150000006,0,,,0,0.0161172152,0.402454287,0.236556977,15.9213276,0.824999928,0,,,2,1
140994657,0.150000006,0,,,0,0.0241758227,0.402454287,0.236556977,15.9167824,0.823000073,0,,,2,1
140995784,0.150000006,0,,,0,0.0241758227,0.402454287,0.236556977,15.9167824,0.823000073,0,,,2,1
140996913,0.150000006,0,,,0,0.0161172152,0.402454287,0.236556977,15.9213276,0.820999861,0,,,2,1
140998040,0.150000006,0,,,0,0.0241758227,0.402454287,0.236556977,15.9213276,0.820999861,0,,,2,1
140999169,0.150000006,0,,,0,0.0241758227,0.402454287,0.236556977,15.9167824,0.818000078,0,,,2,1
141000295,0.150000006,0,,,0,0.0241758227,0.402454287,0.236556977,15.9213276,0.818000078,0,,,2,1
141001425,0.150000006,0,,,0,0.0241758227,0.402454287,0.236556977,15.9167824,0.815999866,0,,,2,1
141002556,0.150000006,0,,,0,0.0161172152,0.402454287,0.236556977,15.9167824,0.815999866,0,,,2,1
141003890,0.150000006,0,,,0,0.0161172152,0.402454287,0.236556977,15.9213276,0.81400001,0,,,2,1
141005016,0.150000006,0.333333343,,,0.00805860758,0.0161172152,0.402454287,0.236556977,15.9213276,0.81400001,0,,,2,1
141006145,0.150000006,0,,,0,0.0241758227,0.402454287,0.236556977,15.9213276,0.81099987,0,,,2,1
141007271,0.150000006,0.25,,,0.00805860758,0.0241758227,0.402454287,0.236556977,15.9213276,0.81099987,0,,,2,1
141008400,0.150000006,0,,,0,0.0322344303,0.402454287,0.236556977,15.9213276,0.809000015,0,,,2,1
141009526,0.150000006,0,,,0,0.0161172152,0.402454287,0.236556977,15.9213276,0.809000015,0,,,2,1
141010655,0.150000006,0.333333343,,,0.00805860758,0.0161172152,0.402454287,0.236556977,15.9167824,0.80700016,0,,,2,1
141011781,0.150000006,0.333333343,,,0.00805860758,0.0161172152,0.402454287,0.236556977,15.9213276,0.80700016,0,,,2,1
141012910,0.150000006,0,,,0,0.0161172152,0.402454287,0.236556977,15.9213276,0.804999948,0,,,2,1
141014041,0.150000006,0.333333343,,,0.00805860758,0.0161172152,0.402454287,0.236556977,15.9213276,0.804999948,0,,,2,1
141015170,0.150000006,0.25,,,0.00805860758,0.0241758227,0.402454287,0.236556977,15.9167824,0.802000165,0,,,2,1
141016296,0.150000006,0,,,0,0.0241758227,0.402454287,0.236556977,15.9213276,0.802000165,0,,,2,1
141017425,0.150000006,0,,,0,0.0241758227,0.402454287,0.236556977,15.9167824,0.799999952,0,,,2,1
141018551,0.150000006,0.333333343,,,0.00805860758,0.0161172152,0.402454287,0.236556977,15.9213276,0.799999952,0,,,2,1
141019681,0.150000006,0.5,,,0.00805860758,0.00805860758,0.402454287,0.236556977,15.9213276,0.798000097,0,,,2,1
141020807,0.150000006,0.5,,,0.00805860758,0.00805860758,0.402454287,0.236556977,15.9213276,0.798000097,0,,,2,1
141021936,0.150000006,0.25,,,0.00805860758,0.0241758227,0.402454287,0.236556977,15.9258718,0.795999885,0,,,2,1
141023062,0.150000006,0.333333343,,,0.00805860758,0.0161172152,0.402454287,0.236556977,15.9213276,0.795999885,0,,,2,1
141024396,0.150000006,0,,,0,0.0241758227,0.402454287,0.236556977,15.9167824,0.793000102,0,,,2,1
141025527,0.150000006,0,,,0,0.0161172152,0.402454287,0.236556977,15.9167824,0.793000102,0,,,2,1
141026656,0.150000006,0,,,0,0.0161172152,0.402454287,0.236556977,15.9167824,0.790999889,0,,,2,1
141027783,0.150000006,0,,,0,0.0161172152,0.402454287,0.236556977,15.9213276,0.790999889,0,,,2,1
141028912,0.150000006,0,,,0,0.0241758227,0.402454287,0.236556977,15.9213276,0.789000034,0,,,2,1
141030038,0.150000006,0,,,0,0.0161172152,0.402454287,0.236556977,15.9213276,0.789000034,0,,,2,1
141031167,0.150000006,0,,,0,0.0241758227,0.402454287,0.236556977,15.9213276,0.785999894,0,,,2,1
141032294,0.150000006,0,,,0,0.0161172152,0.402454287,0.236556977,15.9258718,0.785999894,0,,,2,1
141033423,0.150000006,0.333333343,,,0.00805860758,0.0161172152,0.402454287,0.236556977,15.9167824,0.784000039,0,,,2,1
141034549,0.150000006,0,,,0,0.0161172152,0.402454287,0.236556977,15.9258718,0.784000039,0,,,2,1
141035679,0.150000006,0.333333343,,,0.00805860758,0.0161172152,0.402454287,0.236556977,15.9213276,0.781999826,0,,,2,1
141036810,0.150000006,0.333333343,,,0.00805860758,0.0161172152,0.402454287,0.236556977,15.9167824,0.781999826,0,,,2,1
141037939,0.150000006,0,,,0,0.00805860758,0.402454287,0.236556977,15.9167824,0.779999971,0,,,2,1
141039066,0.150000006,0.5,,,0.00805860758,0.00805860758,0.402454287,0.236556977,15.9213276,0.779999971,0,,,2,1
141040196,0.150000006,0,,,0,0.00805860758,0.402454287,0.236556977,15.9213276,0.776999831,0,,,2,1
141041322,0.150000006,0.333333343,,,0.00805860758,0.0161172152,0.402454287,0.236556977,15.9167824,0.776999831,0,,,2,1
141042451,0.150000006,0,,,0,0.00805860758,0.402454287,0.236556977,15.9213276,0.774999976,0,,,2,1
141043577,0.150000006,0,,,0,0.00805860758,0.402454287,0.236556977,15.9167824,0.774999976,0,,,2,1
141044911,0.150000006,0,,,0,0.00805860758,0.402454287,0.236556977,15.9167824,0.773000121,0,,,2,1
141046037,0.150000006,0,,,0,0.00805860758,0.402454287,0.236556977,15.9213276,0.773000121,0,,,2,1
141047171,0.150000006,0,,,0,0.00805860758,0.402454287,0.236556977,15.9167824,0.769999981,0,,,2,1
141048297,0.150000006,0,,,0,0.00805860758,0.402454287,0.236556977,15.9213276,0.769999981,0,,,2,1
141049426,0.150000006,0,,,0,0.0161172152,0.402454287,0.236556977,15.9167824,0.768000126,0,,,2,1
141050552,0.150000006,0,,,0,0.00805860758,0.402454287,0.236556977,15.9213276,0.768000126,0,,,2,1
141051681,0.150000006,0,,,0,0.0241758227,0.402454287,0.236556977,15.9213276,0.765999913,0,,,2,1
141052807,0.150000006,0,,,0,0.00805860758,0.402454287,0.236556977,15.9213276,0.765999913,0,,,2,1
141053937,0.150000006,0,,,0,0.00805860758,0.402454287,0.236556977,15.9167824,0.764000058,0,,,2,1
141055063,0.150000006,0,,,0,0.00805860758,0.402454287,0.236556977,15.9167824,0.764000058,0,,,2,1
141056192,0.150000006,0,,,0,0.00805860758,0.402454287,0.236556977,15.9213276,0.760999918,0,,,2,1
141057318,0.150000006,0,,,0,0.00805860758,0.402454287,0.236556977,15.9213276,0.760999918,0,,,2,1
141058452,0.150000006,0,,,0,0.0161172152,0.402454287,0.236556977,15.9167824,0.759000063,0,,,2,1
141059578,0.150000006,0.333333343,,,0.00805860758,0.0161172152,0.402454287,0.236556977,15.9213276,0.759000063,0,,,2,1
141060707,0.150000006,0,,,0,0.0161172152,0.402454287,0.236556977,15.9167824,0.75699985,0,,,2,1
141061834,0.150000006,0,,,0,0.0241758227,0.402454287,0.236556977,15.9167824,0.75699985,0,,,2,1
141062963,0.150000006,0,,,0,0.0161172152,0.402454287,0.236556977,15.9167824,0.754999995,0,,,2,1
141064090,0.150000006,0,,,0,0.0161172152,0.402454287,0.236556977,15.9213276,0.754999995,0,,,2,1
141065219,0.150000006,0.333333343,,,0.00805860758,0.0161172152,0.402454287,0.236556977,15.9213276,0.751999855,0,,,2,1
141066549,0.150000006,0,,,0,0.0161172152,0.402454287,0.236556977,15.9167824,0.751999855,0,,,2,1
141067678,0.150000006,0,,,0,0.0161172152,0.402454287,0.236556977,15.9213276,0.75,0,,,2,1
141068804,0.150000006,0,,,0,0.0161172152,0.402454287,0.236556977,15.9167824,0.75,0,,,2,1
141069939,0.150000006,0,,,0,0.0241758227,0.402454287,0.236556977,15.9167824,0.748000145,0,,,2,1
141071065,0.150000006,0.333333343,,,0.00805860758,0.0161172152,0.402454287,0.236556977,15.9167824,0.748000145,0,,,2,1
141072194,0.150000006,0.25,,,0.00805860758,0.0241758227,0.402454287,0.236556977,15.9213276,0.745000005,0,,,2,1
141073320,0.150000006,0,,,0,0.0161172152,0.402454287,0.236556977,15.9213276,0.745000005,0,,,2,1
141074449,0.150000006,0,,,0,0.0161172152,0.402454287,0.236556977,15.9213276,0.74300015,0,,,2,1
141075575,0.150000006,0,,,0,0.0161172152,0.402454287,0.236556977,15.9167824,0.74300015,0,,,2,1
141076704,0.150000006,0,,,0,0.0161172152,0.402454287,0.236556977,15.9167824,0.740999937,0,,,2,1
141077831,0.150000006,0,,,0,0.0161172152,0.402454287,0.236556977,15.9167824,0.740999937,0,,,2,1
141078960,0.150000006,0,,,0,0.0161172152,0.402454287,0.236556977,15.9258718,0.739000082,0,,,2,1
141080086,0.150000006,0,,,0,0,0.402454287,0.236556977,15.9167824,0.739000082,0,,,2,1
141081220,0.150000006,0,,,0,0.00805860758,0.402454287,0.236556977,15.9167824,0.735999942,0,,,2,1
141082346,0.150000006,0.333333343,,,0.00805860758,0.0161172152,0.402454287,0.236556977,15.9167824,0.735999942,0,,,2,1
141083476,0.150000006,1,,,0.00805860758,0,0.402454287,0.236556977,15.9167824,0.734000087,0,,,2,1
141084602,0.150000006,0.5,,,0.00805860758,0.00805860758,0.402454287,0.236556977,15.9167824,0.734000087,0,,,2,1
141085731,0.150000006,1,,,0.00805860758,0,0.402454287,0.236556977,15.9213276,0.731999874,0,,,2,1
141087061,0.150000006,0.5,,,0.00805860758,0.00805860758,0.402454287,0.236556977,15.9167824,0.731999874,0,,,2,1
141088191,0.150000006,0.5,,,0.00805860758,0.00805860758,0.402454287,0.236556977,15.9167824,0.729000092,0,,,2,1
141089317,0.150000006,0,,,0,0.0161172152,0.402454287,0.236556977,15.9213276,0.729000092,0,,,2,1
141090446,0.150000006,0.333333343,,,0.00805860758,0.0161172152,0.402454287,0.236556977,15.9213276,0.726999879,0,,,2,1
141091572,0.150000006,0,,,0,0.0161172152,0.402454287,0.236556977,15.9213276,0.726999879,0,,,2,1
141092706,0.150000006,0,,,0,0.00805860758,0.402454287,0.236556977,15.9213276,0.725000024,0,,,2,1
141093832,0.150000006,0,,,0,0.00805860758,0.402454287,0.236556977,15.9167824,0.725000024,0,,,2,1
141094961,0.150000006,0,,,0,0.00805860758,0.402454287,0.236556977,15.9213276,0.723000169,0,,,2,1
141096087,0.150000006,0,,,0,0.0161172152,0.402454287,0.236556977,15.9213276,0.723000169,0,,,2,1
141097216,0.150000006,0,,,0,0.00805860758,0.402454287,0.236556977,15.9213276,0.720000029,0,,,2,1
141098342,0.150000006,0.5,,,0.00805860758,0.00805860758,0.402454287,0.236556977,15.9213276,0.720000029,0,,,2,1
141099471,0.150000006,0,,,0,0.00805860758,0.402454287,0.236556977,15.9213276,0.718000174,0,,,2,1
141100598,0.150000006,0.200000003,,,0.00805860758,0.0322344303,0.402454287,0.236556977,15.9167824,0.718000174,0,,,2,1
141101726,0.150000006,0.333333343,,,0.00805860758,0.0161172152,0.402454287,0.236556977,15.9213276,0.715999961,0,,,2,1
141102853,0.150000006,0,,,0,0.00805860758,0.402454287,0.236556977,15.9213276,0.715999961,0,,,2,1
141103987,0.150000006,1,,,0.00805860758,0,0.402454287,0.236556977,15.9167824,0.714000106,0,,,2,1
141105113,0.150000006,0.5,,,0.00805860758,0.00805860758,0.402454287,0.236556977,15.9213276,0.714000106,0,,,2,1
141106242,0.150000006,0,,,0,0.00805860758,0.402454287,0.236556977,15.9258718,0.710999966,0,,,2,1
141107369,0.150000006,0.333333343,,,0.00805860758,0.0161172152,0.402454287,0.236556977,15.9213276,0.710999966,0,,,2,1
141108702,0.150000006,0.5,,,0.00805860758,0.00805860758,0.402454287,0.236556977,15.9167824,0.709000111,0,,,2,1
141109828,0.150000006,0,,,0,0.00805860758,0.402454287,0.236556977,15.9213276,0.709000111,0,,,2,1
141110958,0.150000006,0,,,0,0.00805860758,0.402454287,0.236556977,15.9213276,0.706999898,0,,,2,1
141112084,0.150000006,0.333333343,,,0.00805860758,0.0161172152,0.402454287,0.236556977,15.9167824,0.706999898,0,,,2,1
141113213,0.150000006,0,,,0,0.00805860758,0.402454287,0.236556977,15.9167824,0.704000115,0,,,2,1
141114339,0.150000006,0,,,0,0.00805860758,0.402454287,0.236556977,15.9167824,0.704000115,0,,,2,1
141115474,0.150000006,0,,,0,0.00805860758,0.402454287,0.236556977,15.9213276,0.701999903,0,,,2,1
141116600,0.150000006,0,,,0,0.00805860758,0.402454287,0.236556977,15.9213276,0.701999903,0,,,2,1
141117729,0.150000006,0,,,0,0.00805860758,0.402454287,0.236556977,15.9167824,0.700000048,0,,,2,1
141118855,0.150000006,0,,,0,0.0161172152,0.402454287,0.236556977,15.9167824,0.700000048,0,,,2,1
141119984,0.150000006,0.5,,,0.00805860758,0.00805860758,0.402454287,0.236556977,15.9167824,0.697999835,0,,,2,1
141121111,0.150000006,0,,,0,0.00805860758,0.402454287,0.236556977,15.9167824,0.697999835,0,,,2,1
141122240,0.150000006,0,,,0,0.00805860758,0.402454287,0.236556977,15.9258718,0.695000052,0,,,2,1
141123366,0.150000006,0,,,0,0.0161172152,0.402454287,0.236556977,15.9213276,0.695000052,0,,,2,1
141124496,0.150000006,0,,,0,0.00805860758,0.402454287,0.236556977,15.9167824,0.69299984,0,,,2,1
141125627,0.150000006,0,,,0,0.0161172152,0.402454287,0.236556977,15.9167824,0.69299984,0,,,2,1
141126756,0.150000006,0,,,0,0.00805860758,0.402454287,0.236556977,15.9167824,0.690999985,0,,,2,1
141127883,0.150000006,0,,,0,0.00805860758,0.402454287,0.236556977,15.9167824,0.690999985,0,,,2,1
141129216,0.150000006,0,,,0,0.0161172152,0.402454287,0.236556977,15.9213276,0.687999845,0,,,2,1
141130342,0.150000006,0,,,0,0.0161172152,0.402454287,0.236556977,15.9167824,0.687999845,0,,,2,1
141131471,0.150000006,0,,,0,0.00805860758,0.402454287,0.236556977,15.9213276,0.68599999,0,,,2,1
141132598,0.150000006,0,,,0,0.0161172152,0.402454287,0.236556977,15.9213276,0.68599999,0,,,2,1
141133727,0.150000006,0.5,,,0.00805860758,0.00805860758,0.402454287,0.236556977,15.9167824,0.684000134,0,,,2,1
141134853,0.150000006,0.5,,,0.00805860758,0.00805860758,0.402454287,0.236556977,15.9213276,0.684000134,0,,,2,1
141135983,0.150000006,0,,,0,0.00805860758,0.402454287,0.236556977,15.9213276,0.681999922,0,,,2,1
141137114,0.150000006,0,,,0,0.0241758227,0.402454287,0.236556977,15.9167824,0.681999922,0,,,2,1
141138244,0.150000006,0,,,0,0.0161172152,0.402454287,0.236556977,15.9122372,0.679000139,0,,,2,1
141139370,0.150000006,0,,,0,0.00805860758,0.402454287,0.236556977,15.9213276,0.679000139,0,,,2,1
141140499,0.150000006,0,,,0,0.0161172152,0.402454287,0.236556977,15.9167824,0.676999927,0,,,2,1
141141625,0.150000006,0,,,0,0.0161172152,0.402454287,0.236556977,15.9167824,0.676999927,0,,,2,1
141142754,0.150000006,0,,,0,0.00805860758,0.402454287,0.236556977,15.9167824,0.675000072,0,,,2,1
141143881,0.150000006,0,,,0,0.0161172152,0.402454287,0.236556977,15.9213276,0.675000072,0,,,2,1
141145011,0.150000006,0,,,0,0.0161172152,0.402454287,0.236556977,15.9213276,0.671999931,0,,,2,1
141146137,0.150000006,0,,,0,0.0161172152,0.402454287,0.236556977,15.9213276,0.671999931,0,,,2,1
141147266,0.150000006,0,,,0,0.00805860758,0.402454287,0.236556977,15.9167824,0.670000076,0,,,2,1
141148397,0.150000006,0,,,0,0.0241758227,0.402454287,0.236556977,15.9213276,0.670000076,0,,,2,1
141149526,0.150000006,0,,,0,0.00805860758,0.402454287,0.236556977,15.9213276,0.667999864,0,,,2,1
141150857,0.150000006,0,,,0,0.0161172152,0.402454287,0.236556977,15.9213276,0.667999864,0,,,2,1
141151987,0.150000006,0,,,0,0.00805860758,0.402454287,0.236556977,15.9213276,0.666000009,0,,,2,1
141153113,0.150000006,0,,,0,0.0241758227,0.402454287,0.236556977,15.9213276,0.666000009,0,,,2,1
141154242,0.150000006,0,,,0,0.0161172152,0.402454287,0.236556977,15.9122372,0.662999868,0,,,2,1
141155369,0.150000006,0,,,0,0.0241758227,0.402454287,0.236556977,15.9213276,0.662999868,0,,,2,1
141156498,0.150000006,0,,,0,0.00805860758,0.402454287,0.236556977,15.9167824,0.661000013,0,,,2,1
141157624,0.150000006,0,,,0,0.0161172152,0.402454287,0.236556977,15.9213276,0.661000013,0,,,2,1
141158753,0.150000006,0,,,0,0.0161172152,0.402454287,0.236556977,15.9167824,0.659000158,0,,,2,1
141159884,0.150000006,0,,,0,0.0241758227,0.402454287,0.236556977,15.9213276,0.659000158,0,,,2,1
141161013,0.150000006,0,,,0,0.0241758227,0.402454287,0.236556977,15.9167824,0.656000018,0,,,2,1
141162140,0.150000006,0,,,0,0.0161172152,0.402454287,0.236556977,15.9213276,0.656000018,0,,,2,1
141163269,0.150000006,0,,,0,0.0161172152,0.402454287,0.236556977,15.9213276,0.654000163,0,,,2,1
141164396,0.150000006,0,,,0,0.0161172152,0.402454287,0.236556977,15.9167824,0.654000163,0,,,2,1
141165525,0.150000006,0,,,0,0.00805860758,0.402454287,0.236556977,15.9167824,0.65199995,0,,,2,1
141166652,0.150000006,0.333333343,,,0.00805860758,0.0161172152,0.402454287,0.236556977,15.9213276,0.65199995,0,,,2,1
141167781,0.150000006,0,,,0,0.0161172152,0.402454287,0.236556977,15.9213276,0.650000095,0,,,2,1
141168907,0.150000006,0,,,0,0.0161172152,0.402454287,0.236556977,15.9213276,0.650000095,0,,,2,1
141170037,0.150000006,0,,,0,0.00805860758,0.402454287,0.236556977,15.9213276,0.646999955,0,,,2,1
141171372,0.150000006,0,,,0,0.00805860758,0.402454287,0.236556977,15.9167824,0.646999955,0,,,2,1
141172502,0.150000006,0,,,0,0.0241758227,0.402454287,0.236556977,15.9213276,0.6450001,0,,,2,1
141173628,0.150000006,0,,,0,0.0161172152,0.402454287,0.236556977,15.9167824,0.6450001,0,,,2,1
141174757,0.150000006,0,,,0,0.00805860758,0.402454287,0.236556977,15.9167824,0.642999887,0,,,2,1
141175883,0.150000006,0,,,0,0.0161172152,0.402454287,0.236556977,15.9213276,0.642999887,0,,,2,1
141177012,0.150000006,0,,,0,0.00805860758,0.402454287,0.236556977,15.9213276,0.640000105,0,,,2,1
141178138,0.150000006,0.5,,,0.00805860758,0.00805860758,0.402454287,0.236556977,15.9213276,0.640000105,0,,,2,1
141179267,0.150000006,0.5,,,0.00805860758,0.00805860758,0.402454287,0.236556977,15.9213276,0.637999892,0,,,2,1
141180394,0.150000006,0,,,0,0.00805860758,0.402454287,0.236556977,15.9213276,0.637999892,0,,,2,1
141181523,0.150000006,0,,,0,0.0161172152,0.402454287,0.236556977,15.9213276,0.636000037,0,,,2,1
141182654,0.150000006,0,,,0,0.00805860758,0.402454287,0.236556977,15.9167824,0.636000037,0,,,2,1
141183783,0.150000006,0,,,0,0.00805860758,0.402454287,0.236556977,15.9213276,0.633999825,0,,,2,1
141184909,0.150000006,0,,,0,0.0241758227,0.402454287,0.236556977,15.9167824,0.633999825,0,,,2,1
141186039,0.150000006,0,,,0,0.0161172152,0.402454287,0.236556977,15.9213276,0.631000042,0,,,2,1
141187165,0.150000006,0,,,0,0.0161172152,0.402454287,0.236556977,15.9213276,0.631000042,0,,,2,1
141188294,0.150000006,0,,,0,0.0241758227,0.402454287,0.236556977,15.9167824,0.628999829,0,,,2,1
141189420,0.150000006,0,,,0,0.0161172152,0.402454287,0.236556977,15.9213276,0.628999829,0,,,2,1
141190549,0.150000006,0,,,0,0.0161172152,0.402454287,0.236556977,15.9213276,0.626999974,0,,,2,1
141191879,0.150000006,0,,,0,0.0241758227,0.402454287,0.236556977,15.9213276,0.626999974,0,,,2,1
141193013,0.150000006,0,,,0,0.0241758227,0.402454287,0.236556977,15.9213276,0.623999834,0,,,2,1
141194140,0.150000006,0,,,0,0.0241758227,0.402454287,0.236556977,15.9167824,0.623999834,0,,,2,1
141195269,0.150000006,0,,,0,0.0241758227,0.402454287,0.236556977,15.9213276,0.621999979,0,,,2,1
141196395,0.150000006,0,,,0,0.0161172152,0.402454287,0.236556977,15.9167824,0.621999979,0,,,2,1
141197524,0.150000006,0,,,0,0.0241758227,0.402454287,0.236556977,15.9213276,0.620000124,0,,,2,1
141198650,0.150000006,0,,,0,0.0161172152,0.402454287,0.236556977,15.9213276,0.620000124,0,,,2,1
141199779,0.150000006,0,,,0,0.0161172152,0.402454287,0.236556977,15.9167824,0.617999911,0,,,2,1
141200905,0.150000006,0,,,0,0.0161172152,0.402454287,0.236556977,15.9213276,0.617999911,0,,,2,1
141202034,0.150000006,0,,,0,0.0161172152,0.402454287,0.236556977,15.9213276,0.615000129,0,,,2,1
141203161,0.150000006,0,,,0,0.00805860758,0.402454287,0.236556977,15.9213276,0.615000129,0,,,2,1
141204295,0.150000006,0,,,0,0.0161172152,0.402454287,0.236556977,15.9213276,0.612999916,0,,,2,1
141205421,0.150000006,0,,,0,0.00805860758,0.402454287,0.236556977,15.9167824,0.612999916,0,,,2,1
141206551,0.150000006,0,,,0,0.0241758227,0.402454287,0.236556977,15.9213276,0.611000061,0,,,2,1
141207678,0.150000006,0,,,0,0.0161172152,0.402454287,0.236556977,15.9213276,0.611000061,0,,,2,1
141208807,0.150000006,0,,,0,0.0322344303,0.402454287,0.236556977,15.9167824,0.608999848,0,,,2,1
141209933,0.150000006,0,,,0,0.0161172152,0.402454287,0.236556977,15.9167824,0.608999848,0,,,2,1
141211063,0.150000006,0,,,0,0.0161172152,0.402454287,0.236556977,15.9213276,0.606000066,0,,,2,1
141212189,0.150000006,0,,,0,0.0241758227,0.402454287,0.236556977,15.9213276,0.606000066,0,,,2,1
141213522,0.150000006,0,,,0,0.0241758227,0.402454287,0.236556977,15.9167824,0.603999853,0,,,2,1
141214649,0.150000006,0,,,0,0.0161172152,0.402454287,0.236556977,15.9213276,0.603999853,0,,,2,1
141215783,0.150000006,0,,,0,0.0161172152,0.402454287,0.236556977,15.9167824,0.601999998,0,,,2,1
141216909,0.150000006,0.5,,,0.00805860758,0.00805860758,0.402454287,0.236556977,15.9213276,0.601999998,0,,,2,1
141218039,0.150000006,0.5,,,0.00805860758,0.00805860758,0.402454287,0.236556977,15.9213276,0.598999858,0,,,2,1
141219165,0.150000006,0,,,0,0.00805860758,0.402454287,0.236556977,15.9167824,0.598999858,0,,,2,1
141220294,0.150000006,0,,,0,0.0161172152,0.402454287,0.236556977,15.9167824,0.597000003,0,,,2,1
141221420,0.150000006,0,,,0,0.0161172152,0.402454287,0.236556977,15.9213276,0.597000003,0,,,2,1
141222550,0.150000006,0,,,0,0.00805860758,0.402454287,0.236556977,15.9167824,0.595000148,0,,,2,1
141223676,0.150000006,0.5,,,0.00805860758,0.00805860758,0.402454287,0.236556977,15.9167824,0.595000148,0,,,2,1
141224806,0.150000006,0,,,0,0.00805860758,0.402454287,0.236556977,15.9167824,0.592999935,0,,,2,1
141225932,0.150000006,0,,,0,0,0.402454287,0.236556977,15.9213276,0.592999935,0,,,2,1
141227066,0.150000006,0,,,0,0.00805860758,0.402454287,0.236556977,15.9213276,0.590000153,0,,,2,1
141228192,0.150000006,0,,,0,0.00805860758,0.402454287,0.236556977,15.9213276,0.590000153,0,,,2,1
141229321,0.150000006,0,,,0,0.00805860758,0.402454287,0.236556977,15.9167824,0.58799994,0,,,2,1
141230448,0.150000006,0,,,0,0.0161172152,0.402454287,0.236556977,15.9213276,0.58799994,0,,,2,1
141231577,0.150000006,0,,,0,0.0161172152,0.402454287,0.236556977,15.9213276,0.586000085,0,,,2,1
141232704,0.150000006,0.333333343,,,0.00805860758,0.0161172152,0.402454287,0.236556977,15.9213276,0.586000085,0,,,2,1
141234037,0.150000006,0,,,0,0.0161172152,0.402454287,0.236556977,15.9213276,0.582999945,0,,,2,1
141235164,0.150000006,0,,,0,0.00805860758,0.402454287,0.236556977,15.9167824,0.582999945,0,,,2,1
141236293,0.150000006,0,,,0,0.00805860758,0.402454287,0.236556977,15.9167824,0.58100009,0,,,2,1
141237419,0.150000006,0,,,0,0.00805860758,0.402454287,0.236556977,15.9167824,0.58100009,0,,,2,1
141238553,0.150000006,0,,,0,0.00805860758,0.402454287,0.236556977,15.9213276,0.578999877,0,,,2,1
141239679,0.150000006,0,,,0,0.0161172152,0.402454287,0.236556977,15.9213276,0.578999877,0,,,2,1
141240808,0.150000006,0,,,0,0.0161172152,0.402454287,0.236556977,15.9213276,0.577000022,0,,,2,1
141241935,0.150000006,0,,,0,0.0161172152,0.402454287,0.236556977,15.9213276,0.577000022,0,,,2,1
141243064,0.150000006,0,,,0,0.00805860758,0.402454287,0.236556977,15.9213276,0.573999882,0,,,2,1
141244190,0.150000006,0,,,0,0.0161172152,0.402454287,0.236556977,15.9213276,0.573999882,0,,,2,1
141245319,0.150000006,0,,,0,0.00805860758,0.402454287,0.236556977,15.9167824,0.572000027,0,,,2,1
141246445,0.150000006,0,,,0,0.00805860758,0.402454287,0.236556977,15.9213276,0.572000027,0,,,2,1
141247574,0.150000006,0,,,0,0.00805860758,0.402454287,0.236556977,15.9213276,0.570000172,0,,,2,1
141248700,0.150000006,0,,,0,0.00805860758,0.402454287,0.236556977,15.9213276,0.570000172,0,,,2,1
141249834,0.150000006,0,,,0,0.00805860758,0.402454287,0.236556977,15.9167824,0.567999959,0,,,2,1
141250961,0.150000006,0,,,0,0.00805860758,0.402454287,0.236556977,15.9213276,0.567999959,0,,,2,1
141252090,0.150000006,0,,,0,0.0161172152,0.402454287,0.236556977,15.9213276,0.565000176,0,,,2,1
141253216,0.150000006,0,,,0,0.0161172152,0.402454287,0.236556977,15.9167824,0.565000176,0,,,2,1
141254345,0.150000006,0,,,0,0.0161172152,0.402454287,0.236556977,15.9167824,0.562999964,0,,,2,1
141255675,0.150000006,0,,,0,0.0241758227,0.402454287,0.236556977,15.9213276,0.562999964,0,,,2,1
141256804,0.150000006,0,,,0,0.00805860758,0.402454287,0.236556977,15.9167824,0.561000109,0,,,2,1
141257930,0.150000006,0,,,0,0.00805860758,0.402454287,0.236556977,15.9167824,0.561000109,0,,,2,1
141259060,0.150000006,0,,,0,0.0161172152,0.402454287,0.236556977,15.9213276,0.557999969,0,,,2,1
141260186,0.150000006,0,,,0,0.0161172152,0.402454287,0.236556977,15.9167824,0.557999969,0,,,2,1
141261320,0.150000006,0,,,0,0.00805860758,0.402454287,0.236556977,15.9167824,0.556000113,0,,,2,1
141262447,0.150000006,0.666666687,,,0.0161172152,0.00805860758,0.402454287,0.236556977,15.9213276,0.556000113,0,,,2,1
141263576,0.150000006,0,,,0,0.00805860758,0.402454287,0.236556977,15.9167824,0.553999901,0,,,2,1
141264702,0.150000006,0,,,0,0.00805860758,0.402454287,0.236556977,15.9167824,0.553999901,0,,,2,1
141265832,0.150000006,0,,,0,0.0161172152,0.402454287,0.236556977,15.9167824,0.552000046,0,,,2,1
141266958,0.150000006,0,,,0,0.0322344303,0.402454287,0.236556977,15.9167824,0.552000046,0,,,2,1
141268087,0.150000006,0,,,0,0.00805860758,0.402454287,0.236556977,15.9213276,0.548999906,0,,,2,1
141269213,0.150000006,0,,,0,0.0161172152,0.402454287,0.236556977,15.9122372,0.548999906,0,,,2,1
141270342,0.150000006,0,,,0,0.0161172152,0.402454287,0.236556977,15.9167824,0.547000051,0,,,2,1
141271473,0.150000006,0,,,0,0.00805860758,0.402454287,0.236556977,15.9167824,0.547000051,0,,,2,1
141272603,0.150000006,0.5,,,0.00805860758,0.00805860758,0.402454287,0.236556977,15.9167824,0.544999838,0,,,2,1
141273729,0.150000006,0,,,0,0.00805860758,0.402454287,0.236556977,15.9213276,0.544999838,0,,,2,1
141274858,0.150000006,0,,,0,0.00805860758,0.402454287,0.236556977,15.9213276,0.542999983,0,,,2,1
141276189,0.150000006,0,,,0,0.00805860758,0.402454287,0.236556977,15.9213276,0.542999983,0,,,2,1
141277318,0.150000006,0,,,0,0.00805860758,0.402454287,0.236556977,15.9167824,0.539999843,0,,,2,1
141278444,0.150000006,0.333333343,,,0.00805860758,0.0161172152,0.402454287,0.236556977,15.9167824,0.539999843,0,,,2,1
141279574,0.150000006,0,,,0,0.00805860758,0.402454287,0.236556977,15.9213276,0.537999988,0,,,2,1
141280700,0.150000006,0,,,0,0.0161172152,0.402454287,0.236556977,15.9167824,0.537999988,0,,,2,1
141281829,0.150000006,0,,,0,0.00805860758,0.402454287,0.236556977,15.9213276,0.536000133,0,,,2,1
141282960,0.150000006,0.333333343,,,0.00805860758,0.0161172152,0.402454287,0.236556977,15.9167824,0.536000133,0,,,2,1
141284089,0.150000006,0,,,0,0.0161172152,0.402454287,0.236556977,15.9213276,0.532999992,0,,,2,1
141285215,0.150000006,0,,,0,0.0161172152,0.402454287,0.236556977,15.9213276,0.532999992,0,,,2,1
141286344,0.150000006,0.333333343,,,0.00805860758,0.0161172152,0.402454287,0.236556977,15.9213276,0.531000137,0,,,2,1
141287471,0.150000006,0,,,0,0.0161172152,0.402454287,0.236556977,15.9213276,0.531000137,0,,,2,1
141288600,0.150000006,0,,,0,0.00805860758,0.402454287,0.236556977,15.9167824,0.528999925,0,,,2,1
141289727,0.150000006,0.5,,,0.00805860758,0.00805860758,0.402454287,0.236556977,15.9258718,0.528999925,0,,,2,1
141290856,0.150000006,0.5,,,0.00805860758,0.00805860758,0.402454287,0.236556977,15.9167824,0.52700007,0,,,2,1
141291982,0.150000006,0,,,0,0.0161172152,0.402454287,0.236556977,15.9213276,0.52700007,0,,,2,1
141293111,0.150000006,0,,,0,0.0241758227,0.402454287,0.236556977,15.9167824,0.523999929,0,,,2,1
141294243,0.150000006,0,,,0,0.0161172152,0.402454287,0.236556977,15.9167824,0.523999929,0,,,2,1
141295372,0.150000006,0,,,0,0.0161172152,0.402454287,0.236556977,15.9213276,0.522000074,0,,,2,1
141296499,0.150000006,0,,,0,0.0161172152,0.402454287,0.236556977,15.9167824,0.522000074,0,,,2,1
141297832,0.150000006,0,,,0,0.0161172152,0.402454287,0.236556977,15.9167824,0.519999862,0,,,2,1
141298958,0.150000006,0,,,0,0.0161172152,0.402454287,0.236556977,15.9167824,0.519999862,0,,,2,1
141300087,0.150000006,0,,,0,0.0161172152,0.402454287,0.236556977,15.9213276,0.517000079,0,,,2,1
141301213,0.150000006,0.5,,,0.00805860758,0.00805860758,0.402454287,0.236556977,15.9213276,0.517000079,0,,,2,1
141302342,0.150000006,0,,,0,0.0161172152,0.402454287,0.236556977,15.9213276,0.514999866,0,,,2,1
141303468,0.150000006,0.333333343,,,0.00805860758,0.0161172152,0.402454287,0.236556977,15.9213276,0.514999866,0,,,2,1
141304598,0.150000006,0,,,0,0.0161172152,0.402454287,0.236556977,15.9167824,0.513000011,0,,,2,1
141305729,0.150000006,0,,,0,0.00805860758,0.402454287,0.236556977,15.9167824,0.513000011,0,,,2,1
141306858,0.150000006,0,,,0,0.0241758227,0.402454287,0.236556977,15.9167824,0.511000156,0,,,2,1
141307984,0.150000006,0,,,0,0.0161172152,0.402454287,0.236556977,15.9167824,0.511000156,0,,,2,1
141309114,0.150000006,0,,,0,0.0241758227,0.402454287,0.236556977,15.9213276,0.508000016,0,,,2,1
141310240,0.150000006,0,,,0,0.0241758227,0.402454287,0.236556977,15.9122372,0.508000016,0,,,2,1
141311369,0.150000006,0,,,0,0.0161172152,0.402454287,0.236556977,15.9167824,0.506000161,0,,,2,1
141312495,0.150000006,0,,,0,0.0161172152,0.402454287,0.236556977,15.9213276,0.506000161,0,,,2,1
141313625,0.150000006,0,,,0,0.0161172152,0.402454287,0.236556977,15.9213276,0.503999949,0,,,2,1
141314751,0.150000006,0,,,0,0.0161172152,0.402454287,0.236556977,15.9167824,0.503999949,0,,,2,1
141315880,0.150000006,0,,,0,0.0241758227,0.402454287,0.236556977,15.9213276,0.502000093,0,,,2,1
141317018,0.150000006,0,,,0,0.0241758227,0.402454287,0.236556977,15.9213276,0.502000093,0,,,2,1
141318351,0.150000006,0,,,0,0.0161172152,0.402454287,0.236556977,15.9167824,0.498999953,0,,,2,1
141319477,0.150000006,0,,,0,0.00805860758,0.402454287,0.236556977,15.9167824,0.498999953,0,,,2,1
141320606,0.150000006,0,,,0,0.0161172152,0.402454287,0.236556977,15.9213276,0.497000098,0,,,2,1
141321732,0.150000006,0.25,,,0.00805860758,0.0241758227,0.402454287,0.236556977,15.9213276,0.497000098,0,,,2,1
141322861,0.150000006,0,,,0,0.0161172152,0.402454287,0.236556977,15.9167824,0.494999886,0,,,2,1
141323987,0.150000006,0.25,,,0.00805860758,0.0241758227,0.402454287,0.236556977,15.9213276,0.494999886,0,,,2,1
141325116,0.150000006,0,,,0,0.0161172152,0.402454287,0.236556977,15.9213276,0.492000103,0,,,2,1
141326243,0.150000006,0,,,0,0.0241758227,0.402454287,0.236556977,15.9167824,0.492000103,0,,,2,1
141327372,0.150000006,0.111111112,,,0.00805860758,0.0644688606,0.402454287,0.236556977,15.9167824,0.48999989,0,,,2,1
141328503,0.150000006,0,,,0,0.0161172152,0.402454287,0.236556977,15.9213276,0.48999989,0,,,2,1
141329632,0.150000006,0,,,0,0.0161172152,0.402454287,0.236556977,15.9213276,0.488000035,0,,,2,1
141330758,0.150000006,0.5,,,0.00805860758,0.00805860758,0.402454287,0.236556977,15.9167824,0.488000035,0,,,2,1
141331887,0.150000006,0,,,0,0.0161172152,0.402454287,0.236556977,15.9167824,0.485999823,0,,,2,1
141333013,0.150000006,0,,,0,0.0161172152,0.402454287,0.236556977,15.9213276,0.485999823,0,,,2,1
141334143,0.150000006,0,,,0,0.0161172152,0.402454287,0.236556977,15.9213276,0.48300004,0,,,2,1
141335269,0.150000006,0,,,0,0.0161172152,0.402454287,0.236556977,15.9213276,0.48300004,0,,,2,1
141336398,0.150000006,0,,,0,0.0161172152,0.402454287,0.236556977,15.9213276,0.480999827,0,,,2,1
141337524,0.150000006,0,,,0,0.0322344303,0.402454287,0.236556977,15.9167824,0.480999827,0,,,2,1
141338862,0.150000006,0,,,0,0.00805860758,0.402454287,0.236556977,15.9213276,0.478999972,0,,,2,1
141339988,0.150000006,0,,,0,0.0161172152,0.402454287,0.236556977,15.9167824,0.478999972,0,,,2,1
141341117,0.150000006,0,,,0,0.0161172152,0.402454287,0.236556977,15.9213276,0.475999832,0,,,2,1
141342243,0.150000006,0,,,0,0.0161172152,0.402454287,0.236556977,15.9213276,0.475999832,0,,,2,1
141343373,0.150000006,0,,,0,0.0161172152,0.402454287,0.236556977,15.9167824,0.473999977,0,,,2,1
141344499,0.150000006,0,,,0,0.0241758227,0.402454287,0.236556977,15.9213276,0.473999977,0,,,2,1
141345628,0.150000006,0,,,0,0.0161172152,0.402454287,0.236556977,15.9213276,0.472000122,0,,,2,1
141346754,0.150000006,0,,,0,0.0161172152,0.402454287,0.236556977,15.9167824,0.472000122,0,,,2,1
141347883,0.150000006,0,,,0,0.0161172152,0.402454287,0.236556977,15.9213276,0.469999909,0,,,2,1
141349009,0.150000006,0,,,0,0.0241758227,0.402454287,0.236556977,15.9213276,0.469999909,0,,,2,1
141350143,0.150000006,0,,,0,0.0161172152,0.402454287,0.236556977,15.9213276,0.467000127,0,,,2,1
141351269,0.150000006,0,,,0,0.0161172152,0.402454287,0.236556977,15.9213276,0.467000127,0,,,2,1
141352399,0.150000006,0,,,0,0.00805860758,0.402454287,0.236556977,15.9167824,0.464999914,0,,,2,1
141353525,0.150000006,0,,,0,0.0161172152,0.402454287,0.236556977,15.9213276,0.464999914,0,,,2,1
141354654,0.150000006,0,,,0,0.0161172152,0.402454287,0.236556977,15.9167824,0.463000059,0,,,2,1
141355781,0.150000006,0,,,0,0.0161172152,0.402454287,0.236556977,15.9213276,0.463000059,0,,,2,1
141356910,0.150000006,0,,,0,0.0161172152,0.402454287,0.236556977,15.9213276,0.460999846,0,,,2,1
141358036,0.150000006,0,,,0,0.0161172152,0.402454287,0.236556977,15.9213276,0.460999846,0,,,2,1
141359165,0.150000006,0,,,0,0.0161172152,0.402454287,0.236556977,15.9213276,0.458000064,0,,,2,1
141360495,0.150000006,0,,,0,0.0161172152,0.402454287,0.236556977,15.9213276,0.458000064,0,,,2,1
141361629,0.150000006,0,,,0,0.0161172152,0.402454287,0.236556977,15.9167824,0.455999851,0,,,2,1
141362755,0.150000006,0,,,0,0.0161172152,0.402454287,0.236556977,15.9213276,0.455999851,0,,,2,1
141363884,0.150000006,0,,,0,0.00805860758,0.402454287,0.236556977,15.9213276,0.453999996,0,,,2,1
141365010,0.150000006,0,,,0,0.0161172152,0.402454287,0.236556977,15.9213276,0.453999996,0,,,2,1
141366140,0.150000006,0,,,0,0.0161172152,0.402454287,0.236556977,15.9213276,0.450999856,0,,,2,1
141367266,0.150000006,0,,,0,0.00805860758,0.402454287,0.236556977,15.9167824,0.450999856,0,,,2,1
141368395,0.150000006,0.333333343,,,0.00805860758,0.0161172152,0.402454287,0.236556977,15.9213276,0.449000001,0,,,2,1
141369521,0.150000006,0,,,0,0.00805860758,0.402454287,0.236556977,15.9213276,0.449000001,0,,,2,1
141370650,0.150000006,0,,,0,0.00805860758,0.402454287,0.236556977,15.9213276,0.447000146,0,,,2,1
141371776,0.150000006,0.333333343,,,0.00805860758,0.0161172152,0.402454287,0.236556977,15.9167824,0.447000146,0,,,2,1
141372910,0.150000006,0,,,0,0.00805860758,0.402454287,0.236556977,15.9213276,0.444999933,0,,,2,1
141374036,0.150000006,0,,,0,0.00805860758,0.402454287,0.236556977,15.9167824,0.444999933,0,,,2,1
141375165,0.150000006,0,,,0,0.00805860758,0.402454287,0.236556977,15.9213276,0.442000151,0,,,2,1
141376291,0.150000006,0,,,0,0.0161172152,0.402454287,0.236556977,15.9213276,0.442000151,0,,,2,1
141377420,0.150000006,0,,,0,0.0161172152,0.402454287,0.236556977,15.9167824,0.439999938,0,,,2,1
141378546,0.150000006,0,,,0,0.0161172152,0.402454287,0.236556977,15.9213276,0.439999938,0,,,2,1
141379675,0.150000006,0,,,0,0.0161172152,0.402454287,0.236556977,15.9213276,0.438000083,0,,,2,1
141381005,0.150000006,0,,,0,0.0241758227,0.402454287,0.236556977,15.9167824,0.438000083,0,,,2,1
141382134,0.150000006,0,,,0,0.0161172152,0.402454287,0.236556977,15.9213276,0.434999943,0,,,2,1
141383260,0.150000006,0,,,0,0.0161172152,0.402454287,0.236556977,15.9167824,0.434999943,0,,,2,1
141384394,0.150000006,0,,,0,0.0161172152,0.402454287,0.236556977,15.9213276,0.433000088,0,,,2,1
141385520,0.150000006,0.5,,,0.00805860758,0.00805860758,0.402454287,0.236556977,15.9213276,0.433000088,0,,,2,1
141386649,0.150000006,0,,,0,0.00805860758,0.402454287,0.236556977,15.9213276,0.430999875,0,,,2,1
141387775,0.150000006,0,,,0,0.00805860758,0.402454287,0.236556977,15.9167824,0.430999875,0,,,2,1
141388904,0.150000006,0,,,0,0,0.402454287,0.236556977,15.9213276,0.42900002,0,,,2,1
141390030,0.150000006,0,,,0,0.0161172152,0.402454287,0.236556977,15.9213276,0.42900002,0,,,2,1
141391159,0.150000006,0,,,0,0.00805860758,0.402454287,0.236556977,15.9167824,0.42599988,0,,,2,1
141392285,0.150000006,0.333333343,,,0.00805860758,0.0161172152,0.402454287,0.236556977,15.9213276,0.42599988,0,,,2,1
141393415,0.150000006,0,,,0,0.00805860758,0.402454287,0.236556977,15.9167824,0.424000025,0,,,2,1
141394541,0.150000006,0,,,0,0.00805860758,0.402454287,0.236556977,15.9167824,0.424000025,0,,,2,1
141395675,0.150000006,0,,,0,0.00805860758,0.402454287,0.236556977,15.9213276,0.42200017,0,,,2,1
141396802,0.150000006,0,,,0,0.0161172152,0.402454287,0.236556977,15.9167824,0.42200017,0,,,2,1
141397931,0.150000006,0,,,0,0.00805860758,0.402454287,0.236556977,15.9167824,0.419999957,0,,,2,1
141399057,0.150000006,0,,,0,0.0161172152,0.402454287,0.236556977,15.9167824,0.419999957,0,,,2,1
141400186,0.150000006,0,,,0,0.0161172152,0.402454287,0.236556977,15.9213276,0.417000175,0,,,2,1
141401312,0.150000006,0,,,0,0.00805860758,0.402454287,0.236556977,15.9167824,0.417000175,0,,,2,1
141402645,0.150000006,0,,,0,0.00805860758,0.402454287,0.236556977,15.9167824,0.414999962,0,,,2,1
141403771,0.150000006,0,,,0,0.00805860758,0.402454287,0.236556977,15.9167824,0.414999962,0,,,2,1
141404900,0.150000006,0,,,0,0.0161172152,0.402454287,0.236556977,15.9167824,0.413000107,0,,,2,1
141406026,0.150000006,0,,,0,0.0241758227,0.402454287,0.236556977,15.9213276,0.413000107,0,,,2,1
141407160,0.150000006,0.5,,,0.00805860758,0.00805860758,0.402454287,0.236556977,15.9167824,0.409999967,0,,,2,1
141408287,0.150000006,0,,,0,0.0161172152,0.402454287,0.236556977,15.9213276,0.409999967,0,,,2,1
141409416,0.150000006,0,,,0,0.00805860758,0.402454287,0.236556977,15.9167824,0.408000112,0,,,2,1
141410542,0.150000006,0,,,0,0.00805860758,0.402454287,0.236556977,15.9213276,0.408000112,0,,,2,1
141411671,0.150000006,0,,,0,0.0161172152,0.402454287,0.236556977,15.9167824,0.405999899,0,,,2,1
141412797,0.150000006,0,,,0,0.0161172152,0.402454287,0.236556977,15.9213276,0.405999899,0,,,2,1
141413926,0.150000006,0,,,0,0.0241758227,0.402454287,0.236556977,15.9213276,0.404000044,0,,,2,1
141415053,0.150000006,0,,,0,0.0161172152,0.402454287,0.236556977,15.9213276,0.404000044,0,,,2,1
141416182,0.150000006,0,,,0,0.0161172152,0.402454287,0.236556977,15.9167824,0.400999904,0,,,2,1
141417313,0.150000006,0,,,0,0.0161172152,0.402454287,0.236556977,15.9213276,0.400999904,0,,,2,1
141418443,0.150000006,0.5,,,0.00805860758,0.00805860758,0.402454287,0.236556977,15.9167824,0.399000049,0,,,2,1
141419569,0.150000006,0,,,0,0.0161172152,0.402454287,0.236556977,15.9167824,0.399000049,0,,,2,1
141420698,0.150000006,0,,,0,0.00805860758,0.402454287,0.236556977,15.9213276,0.396999836,0,,,2,1
141421825,0.150000006,0,,,0,0.0241758227,0.402454287,0.236556977,15.9213276,0.396999836,0,,,2,1
141423158,0.150000006,0,,,0,0.0161172152,0.402454287,0.236556977,15.9213276,0.394000053,0,,,2,1
141424284,0.150000006,0,,,0,0.0241758227,0.402454287,0.236556977,15.9213276,0.394000053,0,,,2,1
141425413,0.150000006,0,,,0,0.0161172152,0.402454287,0.236556977,15.9213276,0.391999841,0,,,2,1
141426539,0.150000006,0,,,0,0.0241758227,0.402454287,0.236556977,15.9213276,0.391999841,0,,,2,1
141427668,0.150000006,0,,,0,0.0241758227,0.402454287,0.236556977,15.9167824,0.389999986,0,,,2,1
141428800,0.150000006,0,,,0,0.0161172152,0.402454287,0.236556977,15.9167824,0.389999986,0,,,2,1
141429929,0.150000006,0,,,0,0.0161172152,0.402454287,0.236556977,15.9167824,0.388000131,0,,,2,1
141431055,0.150000006,0,,,0,0.0241758227,0.402454287,0.236556977,15.9167824,0.388000131,0,,,2,1
141432184,0.150000006,0,,,0,0.0241758227,0.402454287,0.236556977,15.9213276,0.38499999,0,,,2,1
141433310,0.150000006,0,,,0,0.0161172152,0.402454287,0.236556977,15.9213276,0.38499999,0,,,2,1
141434439,0.150000006,0,,,0,0.0241758227,0.402454287,0.236556977,15.9167824,0.383000135,0,,,2,1
141435565,0.150000006,0,,,0,0.0161172152,0.402454287,0.236556977,15.9213276,0.383000135,0,,,2,1
141436694,0.150000006,0,,,0,0.0161172152,0.402454287,0.236556977,15.9213276,0.380999923,0,,,2,1
141437820,0.150000006,0,,,0,0.0161172152,0.402454287,0.236556977,15.9213276,0.380999923,0,,,2,1
141438950,0.150000006,0,,,0,0.0161172152,0.402454287,0.236556977,15.9213276,0.379000068,0,,,2,1
141440080,0.150000006,0,,,0,0.0241758227,0.402454287,0.236556977,15.9213276,0.379000068,0,,,2,1
141441210,0.150000006,0,,,0,0.0161172152,0.402454287,0.236556977,15.9167824,0.375999928,0,,,2,1
141442336,0.150000006,0,,,0,0.0161172152,0.402454287,0.236556977,15.9167824,0.375999928,0,,,2,1
141443465,0.150000006,0,,,0,0.0161172152,0.402454287,0.236556977,15.9213276,0.374000072,0,,,2,1
141444795,0.150000006,0,,,0,0.0161172152,0.402454287,0.236556977,15.9213276,0.374000072,0,,,2,1
141445924,0.150000006,0,,,0,0.00805860758,0.402454287,0.236556977,15.9213276,0.37199986,0,,,2,1
141447050,0.150000006,0,,,0,0.0241758227,0.402454287,0.236556977,15.9213276,0.37199986,0,,,2,1
141448180,0.150000006,0,,,0,0.00805860758,0.402454287,0.236556977,15.9167824,0.369000077,0,,,2,1
141449306,0.150000006,0,,,0,0.0161172152,0.402454287,0.236556977,15.9167824,0.369000077,0,,,2,1
141450435,0.150000006,0,,,0,0.00805860758,0.402454287,0.236556977,15.9122372,0.366999865,0,,,2,1
141451566,0.150000006,0,,,0,0.0161172152,0.402454287,0.236556977,15.9213276,0.366999865,0,,,2,1
141452695,0.150000006,0,,,0,0.0161172152,0.402454287,0.236556977,15.9213276,0.36500001,0,,,2,1
141453821,0.150000006,0,,,0,0.0322344303,0.402454287,0.236556977,15.9167824,0.36500001,0,,,2,1
141454950,0.150000006,0,,,0,0.00805860758,0.402454287,0.236556977,15.9167824,0.363000154,0,,,2,1
141456076,0.150000006,0,,,0,0.0161172152,0.402454287,0.236556977,15.9167824,0.363000154,0,,,2,1
141457205,0.150000006,0,,,0,0.0161172152,0.402454287,0.236556977,15.9167824,0.360000014,0,,,2,1
141458331,0.150000006,0,,,0,0.0161172152,0.402454287,0.236556977,15.9167824,0.360000014,0,,,2,1
141459460,0.150000006,0,,,0,0.0161172152,0.402454287,0.236556977,15.9167824,0.358000159,0,,,2,1
141460586,0.150000006,0.333333343,,,0.00805860758,0.0161172152,0.402454287,0.236556977,15.9167824,0.358000159,0,,,2,1
141461716,0.150000006,0,,,0,0.0161172152,0.402454287,0.236556977,15.9213276,0.355999947,0,,,2,1
141462847,0.150000006,0,,,0,0.00805860758,0.402454287,0.236556977,15.9213276,0.355999947,0,,,2,1
141463976,0.150000006,0,,,0,0.0161172152,0.402454287,0.236556977,15.9167824,0.354000092,0,,,2,1
141465306,0.150000006,0,,,0,0.00805860758,0.402454287,0.236556977,15.9213276,0.354000092,0,,,2,1
141466435,0.150000006,0,,,0,0.0161172152,0.402454287,0.236556977,15.9213276,0.350999951,0,,,2,1
141467561,0.150000006,0,,,0,0.0241758227,0.402454287,0.236556977,15.9167824,0.350999951,0,,,2,1
141468690,0.150000006,0,,,0,0.00805860758,0.402454287,0.236556977,15.9167824,0.349000096,0,,,2,1
141469817,0.150000006,0,,,0,0.0161172152,0.402454287,0.236556977,15.9167824,0.349000096,0,,,2,1
141470946,0.150000006,0,,,0,0.0161172152,0.402454287,0.236556977,15.9213276,0.346999884,0,,,2,1
141472072,0.150000006,0,,,0,0.0161172152,0.402454287,0.236556977,15.9167824,0.346999884,0,,,2,1
141473202,0.150000006,0,,,0,0.0161172152,0.402454287,0.236556977,15.9213276,0.344000101,0,,,2,1
141474333,0.150000006,0,,,0,0.0161172152,0.402454287,0.236556977,15.9167824,0.344000101,0,,,2,1
141475462,0.150000006,0,,,0,0.0161172152,0.402454287,0.236556977,15.9167824,0.341999888,0,,,2,1
141476588,0.150000006,0,,,0,0.0161172152,0.402454287,0.236556977,15.9213276,0.341999888,0,,,2,1
141477717,0.150000006,0,,,0,0.0161172152,0.402454287,0.236556977,15.9213276,0.340000033,0,,,2,1
141478844,0.150000006,0,,,0,0.0161172152,0.402454287,0.236556977,15.9213276,0.340000033,0,,,2,1
141479973,0.150000006,0,,,0,0.0161172152,0.402454287,0.236556977,15.9213276,0.338000178,0,,,2,1
141481099,0.150000006,0.333333343,,,0.00805860758,0.0161172152,0.402454287,0.236556977,15.9213276,0.338000178,0,,,2,1
141482228,0.150000006,0,,,0,0.0161172152,0.402454287,0.236556977,15.9167824,0.335000038,0,,,2,1
141483354,0.150000006,0,,,0,0.00805860758,0.402454287,0.236556977,15.9167824,0.335000038,0,,,2,1
141484488,0.150000006,0,,,0,0.00805860758,0.402454287,0.236556977,15.9213276,0.332999825,0,,,2,1
141485819,0.150000006,0,,,0,0.00805860758,0.402454287,0.236556977,15.9213276,0.332999825,0,,,2,1
141486948,0.150000006,0,,,0,0.0161172152,0.402454287,0.236556977,15.9213276,0.33099997,0,,,2,1
141488074,0.150000006,0,,,0,0.0161172152,0.402454287,0.236556977,15.9167824,0.33099997,0,,,2,1
141489203,0.150000006,0,,,0,0.0161172152,0.402454287,0.236556977,15.9213276,0.32799983,0,,,2,1
141490329,0.150000006,0,,,0,0.0161172152,0.402454287,0.236556977,15.9213276,0.32799983,0,,,2,1
141491458,0.150000006,0,,,0,0.00805860758,0.402454287,0.236556977,15.9213276,0.325999975,0,,,2,1
141492584,0.150000006,0.333333343,,,0.00805860758,0.0161172152,0.402454287,0.236556977,15.9167824,0.325999975,0,,,2,1
141493714,0.150000006,0,,,0,0.00805860758,0.402454287,0.236556977,15.9167824,0.32400012,0,,,2,1
141494840,0.150000006,0,,,0,0.0161172152,0.402454287,0.236556977,15.9213276,0.32400012,0,,,2,1
141495974,0.150000006,0,,,0,0.0161172152,0.402454287,0.236556977,15.9167824,0.321999907,0,,,2,1
141497100,0.150000006,0,,,0,0.0241758227,0.402454287,0.236556977,15.9213276,0.321999907,0,,,2,1
141498230,0.150000006,0,,,0,0.0161172152,0.402454287,0.236556977,15.9122372,0.319000125,0,,,2,1
141499356,0.150000006,0,,,0,0.0161172152,0.402454287,0.236556977,15.9167824,0.319000125,0,,,2,1
141500485,0.150000006,0,,,0,0.0161172152,0.402454287,0.236556977,15.9167824,0.316999912,0,,,2,1
141501611,0.150000006,0,,,0,0.00805860758,0.402454287,0.236556977,15.9213276,0.316999912,0,,,2,1
141502740,0.150000006,0,,,0,0.00805860758,0.402454287,0.236556977,15.9213276,0.315000057,0,,,2,1
141503866,0.150000006,0,,,0,0.00805860758,0.402454287,0.236556977,15.9213276,0.315000057,0,,,2,1
141504995,0.150000006,0,,,0,0.0161172152,0.402454287,0.236556977,15.9213276,0.312999845,0,,,2,1
141506121,0.150000006,0,,,0,0.00805860758,0.402454287,0.236556977,15.9213276,0.312999845,0,,,2,1
141507459,0.150000006,0,,,0,0.0241758227,0.402454287,0.236556977,15.9213276,0.310000062,0,,,2,1
141508585,0.150000006,0,,,0,0.00805860758,0.402454287,0.236556977,15.9167824,0.310000062,0,,,2,1
141509714,0.150000006,0.5,,,0.00805860758,0.00805860758,0.402454287,0.236556977,15.9213276,0.307999849,0,,,2,1
141510841,0.150000006,0,,,0,0.00805860758,0.402454287,0.236556977,15.9167824,0.307999849,0,,,2,1
141511970,0.150000006,0,,,0,0.0161172152,0.402454287,0.236556977,15.9167824,0.305999994,0,,,2,1
141513096,0.150000006,0,,,0,0.00805860758,0.402454287,0.236556977,15.9213276,0.305999994,0,,,2,1
141514226,0.150000006,0,,,0,0.0161172152,0.402454287,0.236556977,15.9213276,0.302999854,0,,,2,1
141515352,0.150000006,0.333333343,,,0.00805860758,0.0161172152,0.402454287,0.236556977,15.9213276,0.302999854,0,,,2,1
141516482,0.150000006,0,,,0,0.0161172152,0.402454287,0.236556977,15.9167824,0.300999999,0,,,2,1
141517608,0.150000006,0,,,0,0.0241758227,0.402454287,0.236556977,15.9213276,0.300999999,0,,,2,1
141518742,0.150000006,0,,,0,0.0241758227,0.402454287,0.236556977,15.9213276,0.299000144,0,,,2,1
141519868,0.150000006,0,,,0,0.0161172152,0.402454287,0.236556977,15.9213276,0.299000144,0,,,2,1
141520997,0.150000006,0,,,0,0.0161172152,0.402454287,0.236556977,15.9213276,0.296999931,0,,,2,1
141522123,0.150000006,0,,,0,0.0241758227,0.402454287,0.236556977,15.9213276,0.296999931,0,,,2,1
141523252,0.150000006,0,,,0,0.0161172152,0.402454287,0.236556977,15.9213276,0.294000149,0,,,2,1
141524378,0.150000006,0,,,0,0.0161172152,0.402454287,0.236556977,15.9167824,0.294000149,0,,,2,1
141525508,0.150000006,0,,,0,0.0161172152,0.402454287,0.236556977,15.9167824,0.291999936,0,,,2,1
141526634,0.150000006,0,,,0,0.0161172152,0.402454287,0.236556977,15.9213276,0.291999936,0,,,2,1
141527967,0.150000006,0,,,0,0.0322344303,0.402454287,0.236556977,15.9167824,0.290000081,0,,,2,1
141529093,0.150000006,0,,,0,0.0241758227,0.402454287,0.236556977,15.9167824,0.290000081,0,,,2,1
141530227,0.150000006,0,,,0,0.0241758227,0.402454287,0.236556977,15.9258718,0.286999941,0,,,2,1
141531353,0.150000006,0,,,0,0.0241758227,0.402454287,0.236556977,15.9213276,0.286999941,0,,,2,1
141532482,0.150000006,0,,,0,0.0161172152,0.402454287,0.236556977,15.9167824,0.285000086,0,,,2,1
141533608,0.150000006,0,,,0,0.0161172152,0.402454287,0.236556977,15.9167824,0.285000086,0,,,2,1
141534737,0.150000006,0,,,0,0.0161172152,0.402454287,0.236556977,15.9167824,0.282999873,0,,,2,1
141535864,0.150000006,0,,,0,0.00805860758,0.402454287,0.236556977,15.9167824,0.282999873,0,,,2,1
141536993,0.150000006,0,,,0,0.0161172152,0.402454287,0.236556977,15.9213276,0.281000018,0,,,2,1
141538119,0.150000006,0,,,0,0.0161172152,0.402454287,0.236556977,15.9167824,0.281000018,0,,,2,1
141539248,0.150000006,0,,,0,0.00805860758,0.402454287,0.236556977,15.9213276,0.277999878,0,,,2,1
141540375,0.150000006,0,,,0,0.0161172152,0.402454287,0.236556977,15.9167824,0.277999878,0,,,2,1
141541509,0.150000006,0.5,,,0.00805860758,0.00805860758,0.402454287,0.236556977,15.9167824,0.276000023,0,,,2,1
141542635,0.150000006,0.5,,,0.00805860758,0.00805860758,0.402454287,0.236556977,15.9167824,0.276000023,0,,,2,1
141543764,0.150000006,0,,,0,0.0161172152,0.402454287,0.236556977,15.9167824,0.274000168,0,,,2,1
141544891,0.150000006,0,,,0,0.00805860758,0.402454287,0.236556977,15.9167824,0.274000168,0,,,2,1
141546020,0.150000006,0,,,0,0.0161172152,0.402454287,0.236556977,15.9167824,0.271000028,0,,,2,1
141547146,0.150000006,0,,,0,0.0161172152,0.402454287,0.236556977,15.9167824,0.271000028,0,,,2,1
141548275,0.150000006,0.333333343,,,0.00805860758,0.0161172152,0.402454287,0.236556977,15.9213276,0.269000173,0,,,2,1
141549605,0.150000006,0,,,0,0.0161172152,0.402454287,0.236556977,15.9213276,0.269000173,0,,,2,1
141550735,0.150000006,0,,,0,0.00805860758,0.402454287,0.236556977,15.9213276,0.26699996,0,,,2,1
141551861,0.150000006,0,,,0,0.0241758227,0.402454287,0.236556977,15.9213276,0.26699996,0,,,2,1
141552995,0.150000006,0,,,0,0.0322344303,0.402454287,0.236556977,15.9258718,0.265000105,0,,,2,1
141554121,0.150000006,0,,,0,0.0241758227,0.402454287,0.236556977,15.9167824,0.265000105,0,,,2,1
141555250,0.150000006,0,,,0,0.0241758227,0.402454287,0.236556977,15.9213276,0.261999965,0,,,2,1
141556376,0.150000006,0,,,0,0.0161172152,0.402454287,0.236556977,15.9167824,0.261999965,0,,,2,1
141557506,0.150000006,0,,,0,0.0241758227,0.402454287,0.236556977,15.9167824,0.26000011,0,,,2,1
141558632,0.150000006,0,,,0,0.0161172152,0.402454287,0.236556977,15.9167824,0.26000011,0,,,2,1
141559762,0.150000006,0,,,0,0.0161172152,0.402454287,0.236556977,15.9122372,0.257999897,0,,,2,1
141560888,0.150000006,0,,,0,0.00805860758,0.402454287,0.236556977,15.9213276,0.257999897,0,,,2,1
141562018,0.150000006,0,,,0,0.0161172152,0.402454287,0.236556977,15.9213276,0.255000114,0,,,2,1
141563149,0.150000006,0,,,0,0.0161172152,0.402454287,0.236556977,15.9122372,0.255000114,0,,,2,1
141564278,0.150000006,0,,,0,0.0161172152,0.402454287,0.236556977,15.9213276,0.252999902,0,,,2,1
141565404,0.150000006,0,,,0,0.00805860758,0.402454287,0.236556977,15.9167824,0.252999902,0,,,2,1
141566534,0.150000006,0,,,0,0.0161172152,0.402454287,0.236556977,15.9213276,0.251000047,0,,,2,1
141567660,0.150000006,0,,,0,0.0241758227,0.402454287,0.236556977,15.9167824,0.251000047,0,,,2,1
141568789,0.150000006,0,,,0,0.00805860758,0.402454287,0.236556977,15.9167824,0.248999834,0,,,2,1
141570119,0.150000006,0,,,0,0.0161172152,0.402454287,0.236556977,15.9213276,0.248999834,0,,,2,1
141571248,0.150000006,0,,,0,0.0241758227,0.402454287,0.236556977,15.9167824,0.246000051,0,,,2,1
141572374,0.150000006,0,,,0,0.0161172152,0.402454287,0.236556977,15.9213276,0.246000051,0,,,2,1
141573504,0.150000006,0,,,0,0.0161172152,0.402454287,0.236556977,15.9167824,0.243999839,0,,,2,1
141574635,0.150000006,0,,,0,0.0161172152,0.402454287,0.236556977,15.9167824,0.243999839,0,,,2,1
141575764,0.150000006,0,,,0,0.0161172152,0.402454287,0.236556977,15.9167824,0.241999984,0,,,2,1
141576890,0.150000006,0,,,0,0.0161172152,0.402454287,0.236556977,15.9213276,0.241999984,0,,,2,1
141578019,0.150000006,0,,,0,0.0161172152,0.402454287,0.236556977,15.9167824,0.238999844,0,,,2,1
141579146,0.150000006,0,,,0,0.00805860758,0.402454287,0.236556977,15.9213276,0.238999844,0,,,2,1
141580275,0.150000006,0,,,0,0.00805860758,0.402454287,0.236556977,15.9213276,0.236999989,0,,,2,1
141581402,0.150000006,0,,,0,0.00805860758,0.402454287,0.236556977,15.9213276,0.236999989,0,,,2,1
141582531,0.150000006,0,,,0,0.00805860758,0.402454287,0.236556977,15.9167824,0.235000134,0,,,2,1
141583657,0.150000006,0,,,0,0.00805860758,0.402454287,0.236556977,15.9167824,0.235000134,0,,,2,1
141584787,0.150000006,0,,,0,0.0161172152,0.402454287,0.236556977,15.9167824,0.232999921,0,,,2,1
141585918,0.150000006,0,,,0,0.00805860758,0.402454287,0.236556977,15.9213276,0.232999921,0,,,2,1
141587047,0.150000006,0,,,0,0.0161172152,0.402454287,0.236556977,15.9213276,0.230000138,0,,,2,1
141588174,0.150000006,0,,,0,0.00805860758,0.402454287,0.236556977,15.9167824,0.230000138,0,,,2,1
141589303,0.150000006,0,,,0,0.0161172152,0.402454287,0.236556977,15.9213276,0.227999926,0,,,2,1
141590429,0.150000006,0,,,0,0.0161172152,0.402454287,0.236556977,15.9213276,0.227999926,0,,,2,1
141591763,0.150000006,0,,,0,0.0161172152,0.402454287,0.236556977,15.9167824,0.226000071,0,,,2,1
141592889,0.150000006,0,,,0,0.00805860758,0.402454287,0.236556977,15.9167824,0.226000071,0,,,2,1
141594018,0.150000006,0,,,0,0.0161172152,0.402454287,0.236556977,15.9213276,0.22299993,0,,,2,1
141595144,0.150000006,0,,,0,0.00805860758,0.402454287,0.236556977,15.9213276,0.22299993,0,,,2,1
141596273,0.150000006,0,,,0,0.0161172152,0.402454287,0.236556977,15.9167824,0.221000075,0,,,2,1
141597404,0.150000006,0,,,0,0.00805860758,0.402454287,0.236556977,15.9213276,0.221000075,0,,,2,1
141598533,0.150000006,0,,,0,0.0161172152,0.402454287,0.236556977,15.9213276,0.218999863,0,,,2,1
141599659,0.150000006,0.5,,,0.00805860758,0.00805860758,0.402454287,0.236556977,15.9167824,0.218999863,0,,,2,1
141600788,0.150000006,0,,,0,0.0161172152,0.402454287,0.236556977,15.9213276,0.217000008,0,,,2,1
141601914,0.150000006,0,,,0,0.0161172152,0.402454287,0.236556977,15.9167824,0.217000008,0,,,2,1
141603044,0.150000006,0,,,0,0.00805860758,0.402454287,0.236556977,15.9167824,0.213999867,0,,,2,1
141604170,0.150000006,0,,,0,0.0161172152,0.402454287,0.236556977,15.9213276,0.213999867,0,,,2,1
141605299,0.150000006,0,,,0,0.0161172152,0.402454287,0.236556977,15.9167824,0.212000012,0,,,2,1
141606425,0.150000006,0,,,0,0.0241758227,0.402454287,0.236556977,15.9167824,0.212000012,0,,,2,1
141607554,0.150000006,0.333333343,,,0.00805860758,0.0161172152,0.402454287,0.236556977,15.9213276,0.210000157,0,,,2,1
141608686,0.150000006,0,,,0,0.0241758227,0.402454287,0.236556977,15.9167824,0.210000157,0,,,2,1
141609815,0.150000006,0,,,0,0.0161172152,0.402454287,0.236556977,15.9213276,0.207999945,0,,,2,1
141610941,0.150000006,0,,,0,0.0161172152,0.402454287,0.236556977,15.9213276,0.207999945,0,,,2,1
141612274,0.150000006,0,,,0,0.00805860758,0.402454287,0.236556977,15.9167824,0.205000162,0,,,2,1
141613400,0.150000006,0,,,0,0.0241758227,0.402454287,0.236556977,15.9213276,0.205000162,0,,,2,1
141614529,0.150000006,0,,,0,0.0241758227,0.402454287,0.236556977,15.9213276,0.202999949,0,,,2,1
141615655,0.150000006,0,,,0,0.00805860758,0.402454287,0.236556977,15.9213276,0.202999949,0,,,2,1
141616784,0.150000006,0,,,0,0.00805860758,0.402454287,0.236556977,15.9167824,0.201000094,0,,,2,1
141617910,0.150000006,0,,,0,0.0161172152,0.402454287,0.236556977,15.9167824,0.201000094,0,,,2,1
141619040,0.150000006,0,,,0,0.0161172152,0.402454287,0.236556977,15.9213276,0.197999954,0,,,2,1
141620171,0.150000006,0,,,0,0.0161172152,0.402454287,0.236556977,15.9167824,0.197999954,0,,,2,1
141621300,0.150000006,0,,,0,0.00805860758,0.402454287,0.236556977,15.9213276,0.196000099,0,,,2,1
141622427,0.150000006,0,,,0,0.0161172152,0.402454287,0.236556977,15.9167824,0.196000099,0,,,2,1
141623556,0.150000006,0,,,0,0.0161172152,0.402454287,0.236556977,15.9213276,0.193999887,0,,,2,1
141624683,0.150000006,0,,,0,0.00805860758,0.402454287,0.236556977,15.9167824,0.193999887,0,,,2,1
141625812,0.150000006,0,,,0,0.0161172152,0.402454287,0.236556977,15.9213276,0.192000031,0,,,2,1
141626938,0.150000006,0,,,0,0.0161172152,0.402454287,0.236556977,15.9167824,0.192000031,0,,,2,1
141628067,0.150000006,0,,,0,0.00805860758,0.402454287,0.236556977,15.9213276,0.188999891,0,,,2,1
141629193,0.150000006,0,,,0,0.00805860758,0.402454287,0.236556977,15.9213276,0.188999891,0,,,2,1
141630327,0.150000006,0,,,0,0.056410253,0.402454287,0.236556977,15.9167824,0.187000036,0,,,2,1
141631453,0.150000006,0,,,0,0.0161172152,0.402454287,0.236556977,15.9213276,0.187000036,0,,,2,1
141632787,0.150000006,0,,,0,0.00805860758,0.402454287,0.236556977,15.9213276,0.184999824,0,,,2,1
141633913,0.150000006,0,,,0,0.0161172152,0.402454287,0.236556977,15.9213276,0.184999824,0,,,2,1
141635042,0.150000006,0,,,0,0.0161172152,0.402454287,0.236556977,15.9167824,0.182000041,0,,,2,1
141636168,0.150000006,0,,,0,0.00805860758,0.402454287,0.236556977,15.9167824,0.182000041,0,,,2,1
141637297,0.150000006,0,,,0,0.0161172152,0.402454287,0.236556977,15.9213276,0.179999828,0,,,2,1
141638423,0.150000006,0,,,0,0.0161172152,0.402454287,0.236556977,15.9213276,0.179999828,0,,,2,1
141639552,0.150000006,0,,,0,0.00805860758,0.402454287,0.236556977,15.9213276,0.177999973,0,,,2,1
141640678,0.150000006,0,,,0,0.00805860758,0.402454287,0.236556977,15.9167824,0.177999973,0,,,2,1
141641812,0.150000006,0,,,0,0.0161172152,0.402454287,0.236556977,15.9213276,0.176000118,0,,,2,1
141642938,0.150000006,0,,,0,0.0161172152,0.402454287,0.236556977,15.9213276,0.176000118,0,,,2,1
141644067,0.150000006,0,,,0,0.0161172152,0.402454287,0.236556977,15.9213276,0.172999978,0,,,2,1
141645194,0.150000006,0.5,,,0.00805860758,0.00805860758,0.402454287,0.236556977,15.9213276,0.172999978,0,,,2,1
141646323,0.150000006,0,,,0,0.00805860758,0.402454287,0.236556977,15.9167824,0.171000123,0,,,2,1
141647449,0.150000006,0,,,0,0.00805860758,0.402454287,0.236556977,15.9167824,0.171000123,0,,,2,1
141648578,0.150000006,0,,,0,0.0161172152,0.402454287,0.236556977,15.9167824,0.16899991,0,,,2,1
141649705,0.150000006,0,,,0,0.00805860758,0.402454287,0.236556977,15.9213276,0.16899991,0,,,2,1
141650834,0.150000006,0,,,0,0.0161172152,0.402454287,0.236556977,15.9213276,0.167000055,0,,,2,1
141651960,0.150000006,0,,,0,0.0241758227,0.402454287,0.236556977,15.9213276,0.167000055,0,,,2,1
141653094,0.150000006,0.333333343,,,0.00805860758,0.0161172152,0.402454287,0.236556977,15.9213276,0.163999915,0,,,2,1
141654425,0.150000006,0,,,0,0.00805860758,0.402454287,0.236556977,15.9213276,0.163999915,0,,,2,1
141655554,0.150000006,0,,,0,0.00805860758,0.402454287,0.236556977,15.9213276,0.16200006,0,,,2,1
141656681,0.150000006,0,,,0,0.00805860758,0.402454287,0.236556977,15.9167824,0.16200006,0,,,2,1
141657810,0.150000006,0,,,0,0.00805860758,0.402454287,0.236556977,15.9213276,0.159999847,0,,,2,1
141658936,0.150000006,0,,,0,0.0161172152,0.402454287,0.236556977,15.9167824,0.159999847,0,,,2,1
141660065,0.150000006,0,,,0,0.0161172152,0.402454287,0.236556977,15.9213276,0.157000065,0,,,2,1
141661191,0.150000006,0,,,0,0.0161172152,0.402454287,0.236556977,15.9213276,0.157000065,0,,,2,1
141662320,0.150000006,0,,,0,0.00805860758,0.402454287,0.236556977,15.9213276,0.154999852,0,,,2,1
141663446,0.150000006,0,,,0,0.00805860758,0.402454287,0.236556977,15.9167824,0.154999852,0,,,2,1
141664580,0.150000006,0.25,,,0.00805860758,0.0241758227,0.402454287,0.236556977,15.9213276,0.152999997,0,,,2,1
141665706,0.150000006,0,,,0,0.00805860758,0.402454287,0.236556977,15.9167824,0.152999997,0,,,2,1
141666835,0.150000006,0,,,0,0.0161172152,0.402454287,0.236556977,15.9167824,0.151000142,0,,,2,1
141667961,0.150000006,0,,,0,0.0161172152,0.402454287,0.236556977,15.9213276,0.151000142,0,,,2,1
141669090,0.150000006,0,,,0,0.0161172152,0.402454287,0.236556977,15.9167824,0.148000002,0,,,2,1
141670216,0.150000006,0,,,0,0.0161172152,0.402454287,0.236556977,15.9213276,0.148000002,0,,,2,1
141671346,0.150000006,0,,,0,0.00805860758,0.402454287,0.236556977,15.9213276,0.146000147,0,,,2,1
141672472,0.150000006,0,,,0,0.00805860758,0.402454287,0.236556977,15.9213276,0.146000147,0,,,2,1
141673601,0.150000006,0,,,0,0.00805860758,0.402454287,0.236556977,15.9167824,0.143999934,0,,,2,1
141674932,0.150000006,0,,,0,0.0161172152,0.402454287,0.236556977,15.9167824,0.143999934,0,,,2,1
141676066,0.150000006,0,,,0,0.0161172152,0.402454287,0.236556977,15.9213276,0.141000152,0,,,2,1
141677192,0.150000006,0,,,0,0.0161172152,0.402454287,0.236556977,15.9213276,0.141000152,0,,,2,1
141678321,0.150000006,0,,,0,0.00805860758,0.402454287,0.236556977,15.9167824,0.138999939,0,,,2,1
141679447,0.150000006,0,,,0,0.0161172152,0.402454287,0.236556977,15.9167824,0.138999939,0,,,2,1
141680576,0.150000006,0,,,0,0.00805860758,0.402454287,0.236556977,15.9213276,0.137000084,0,,,2,1
141681702,0.150000006,0,,,0,0.0161172152,0.402454287,0.236556977,15.9167824,0.137000084,0,,,2,1
141682831,0.150000006,0,,,0,0.0161172152,0.402454287,0.236556977,15.9167824,0.134999871,0,,,2,1
141683957,0.150000006,0,,,0,0.0161172152,0.402454287,0.236556977,15.9167824,0.134999871,0,,,2,1
141685086,0.150000006,0,,,0,0.00805860758,0.402454287,0.236556977,15.9213276,0.132000089,0,,,2,1
141686212,0.150000006,0,,,0,0.00805860758,0.402454287,0.236556977,15.9213276,0.132000089,0,,,2,1
141687346,0.150000006,0,,,0,0.00805860758,0.402454287,0.236556977,15.9213276,0.129999876,0,,,2,1
141688472,0.150000006,0,,,0,0.00805860758,0.402454287,0.236556977,15.9167824,0.129999876,0,,,2,1
141689602,0.150000006,0,,,0,0.0161172152,0.402454287,0.236556977,15.9213276,0.128000021,0,,,2,1
141690728,0.150000006,0,,,0,0.0161172152,0.402454287,0.236556977,15.9213276,0.128000021,0,,,2,1
141691857,0.150000006,0,,,0,0.0161172152,0.402454287,0.236556977,15.9167824,0.126000166,0,,,2,1
141692983,0.150000006,0,,,0,0.00805860758,0.402454287,0.236556977,15.9167824,0.126000166,0,,,2,1
141694113,0.150000006,0,,,0,0.00805860758,0.402454287,0.236556977,15.9213276,0.123000026,0,,,2,1
141695240,0.150000006,0,,,0,0.0161172152,0.402454287,0.236556977,15.9167824,0.123000026,0,,,2,1
141696574,0.150000006,0,,,0,0.0161172152,0.402454287,0.236556977,15.9213276,0.121000171,0,,,2,1
141697700,0.150000006,0,,,0,0.0161172152,0.402454287,0.236556977,15.9167824,0.121000171,0,,,2,1
141698834,0.150000006,0,,,0,0.0161172152,0.402454287,0.236556977,15.9213276,0.118999958,0,,,2,1
141699960,0.150000006,0,,,0,0.00805860758,0.402454287,0.236556977,15.9167824,0.118999958,0,,,2,1
141701090,0.150000006,0,,,0,0.0161172152,0.402454287,0.236556977,15.9167824,0.116000175,0,,,2,1
141702216,0.150000006,0,,,0,0.0161172152,0.402454287,0.236556977,15.9167824,0.116000175,0,,,2,1
141703345,0.150000006,0,,,0,0.00805860758,0.402454287,0.236556977,15.9167824,0.113999963,0,,,2,1
141704471,0.150000006,0,,,0,0.00805860758,0.402454287,0.236556977,15.9167824,0.113999963,0,,,2,1
141705600,0.150000006,0,,,0,0.0161172152,0.402454287,0.236556977,15.9167824,0.112000108,0,,,2,1
141706726,0.150000006,0,,,0,0.0161172152,0.402454287,0.236556977,15.9213276,0.112000108,0,,,2,1
141707855,0.150000006,0,,,0,0.0161172152,0.402454287,0.236556977,15.9167824,0.109999895,0,,,2,1
141708986,0.150000006,0,,,0,0.0161172152,0.402454287,0.236556977,15.9167824,0.109999895,0,,,2,1
141710115,0.150000006,0,,,0,0.0161172152,0.402454287,0.236556977,15.9167824,0.107000113,0,,,2,1
141711242,0.150000006,0,,,0,0.00805860758,0.402454287,0.236556977,15.9258718,0.107000113,0,,,2,1
141712371,0.150000006,0,,,0,0.00805860758,0.402454287,0.236556977,15.9213276,0.1049999,0,,,2,1
141713498,0.150000006,0.5,,,0.00805860758,0.00805860758,0.402454287,0.236556977,15.9122372,0.1049999,0,,,2,1
141714627,0.150000006,0,,,0,0.0161172152,0.402454287,0.236556977,15.9213276,0.103000045,0,,,2,1
141715754,0.150000006,0,,,0,0.00805860758,0.402454287,0.236556977,15.9167824,0.103000045,0,,,2,1
141717087,0.150000006,0,,,0,0.0161172152,0.402454287,0.236556977,15.9213276,0.0999999046,0,,,2,1
141718214,0.150000006,0,,,0,0.00805860758,0.402454287,0.236556977,15.9122372,0.0999999046,0,,,2,1
141719343,0.150000006,0.5,,,0.00805860758,0.00805860758,0.402454287,0.236556977,15.9213276,0.0980000496,0,,,2,1
141720475,0.150000006,0.333333343,,,0.00805860758,0.0161172152,0.402454287,0.236556977,15.9213276,0.0980000496,0,,,2,1
141721604,0.150000006,0,,,0,0.00805860758,0.402454287,0.236556977,15.9213276,0.0959998369,0,,,2,1
141722731,0.150000006,0,,,0,0.00805860758,0.402454287,0.236556977,15.9213276,0.0959998369,0,,,2,1
141723860,0.150000006,0,,,0,0.00805860758,0.402454287,0.236556977,15.9167824,0.0939999819,0,,,2,1
141724986,0.150000006,0,,,0,0.00805860758,0.402454287,0.236556977,15.9167824,0.0939999819,0,,,2,1
141726115,0.150000006,0,,,0,0.00805860758,0.402454287,0.236556977,15.9213276,0.0909998417,0,,,2,1
141727241,0.150000006,0.5,,,0.00805860758,0.00805860758,0.402454287,0.236556977,15.9167824,0.0909998417,0,,,2,1
141728370,0.150000006,0,,,0,0.00805860758,0.402454287,0.236556977,15.9213276,0.0889999866,0,,,2,1
141729497,0.150000006,0,,,0,0.0161172152,0.402454287,0.236556977,15.9213276,0.0889999866,0,,,2,1
141730626,0.150000006,0.5,,,0.00805860758,0.00805860758,0.402454287,0.236556977,15.9167824,0.0870001316,0,,,2,1
141731757,0.150000006,0,,,0,0.00805860758,0.402454287,0.236556977,15.9213276,0.0870001316,0,,,2,1
141732886,0.150000006,0,,,0,0.00805860758,0.402454287,0.236556977,15.9167824,0.0849999189,0,,,2,1
141734012,0.150000006,0.333333343,,,0.00805860758,0.0161172152,0.402454287,0.236556977,15.9167824,0.0849999189,0,,,2,1
141735142,0.150000006,0.333333343,,,0.00805860758,0.0161172152,0.402454287,0.236556977,15.9213276,0.0820001364,0,,,2,1
141736268,0.150000006,0.5,,,0.00805860758,0.00805860758,0.402454287,0.236556977,15.9213276,0.0820001364,0,,,2,1
141737397,0.150000006,0,,,0,0.00805860758,0.402454287,0.236556977,15.9167824,0.0799999237,0,,,2,1
141738727,0.150000006,0,,,0,0.00805860758,0.402454287,0.236556977,15.9213276,0.0799999237,0,,,2,1
141739857,0.150000006,0,,,0,0.00805860758,0.402454287,0.236556977,15.9167824,0.0780000687,0,,,2,1
141740983,0.150000006,0,,,0,0.00805860758,0.402454287,0.236556977,15.9213276,0.0780000687,0,,,2,1
141742112,0.150000006,0.5,,,0.00805860758,0.00805860758,0.402454287,0.236556977,15.9213276,0.0749999285,0,,,2,1
141743243,0.150000006,0,,,0,0.0161172152,0.402454287,0.236556977,15.9213276,0.0749999285,0,,,2,1
141744372,0.150000006,0,,,0,0.00805860758,0.402454287,0.236556977,15.9213276,0.0730000734,0,,,2,1
141745499,0.150000006,0.5,,,0.00805860758,0.00805860758,0.402454287,0.236556977,15.9167824,0.0730000734,0,,,2,1
141746628,0.150000006,0.333333343,,,0.00805860758,0.0161172152,0.402454287,0.236556977,15.9213276,0.0709998608,0,,,2,1
141747754,0.150000006,0.5,,,0.00805860758,0.00805860758,0.402454287,0.236556977,15.9167824,0.0709998608,0,,,2,1
141748883,0.150000006,0.333333343,,,0.00805860758,0.0161172152,0.402454287,0.236556977,15.9167824,0.0690000057,0,,,2,1
141750010,0.150000006,0,,,0,0.0161172152,0.402454287,0.236556977,15.9213276,0.0690000057,0,,,2,1
141751140,0.150000006,0.333333343,,,0.00805860758,0.0161172152,0.402454287,0.236556977,15.9167824,0.0659998655,0,,,2,1
141752266,0.150000006,0,,,0,0.0161172152,0.402454287,0.236556977,15.9167824,0.0659998655,0,,,2,1
141753395,0.150000006,0,,,0,0.0241758227,0.402454287,0.236556977,15.9167824,0.0640000105,0,,,2,1
141754527,0.150000006,0,,,0,0.0161172152,0.402454287,0.236556977,15.9167824,0.0640000105,0,,,2,1
141755656,0.150000006,0,,,0,0.0161172152,0.402454287,0.236556977,15.9167824,0.0620001554,0,,,2,1
141756782,0.150000006,0,,,0,0.0161172152,0.402454287,0.236556977,15.9167824,0.0620001554,0,,,2,1
141757912,0.150000006,0,,,0,0.0161172152,0.402454287,0.236556977,15.9167824,0.0599999428,0,,,2,1
141759242,0.150000006,0,,,0,0.0161172152,0.402454287,0.236556977,15.9213276,0.0599999428,0,,,2,1
141760372,0.150000006,0,,,0,0.0161172152,0.402454287,0.236556977,15.9213276,0.0570001602,0,,,2,1
141761498,0.150000006,0,,,0,0.00805860758,0.402454287,0.236556977,15.9213276,0.0570001602,0,,,2,1
141762627,0.150000006,0,,,0,0.0161172152,0.402454287,0.236556977,15.9167824,0.0549999475,0,,,2,1
141763754,0.150000006,0,,,0,0.0161172152,0.402454287,0.236556977,15.9167824,0.0549999475,0,,,2,1
141764883,0.150000006,0,,,0,0.0161172152,0.402454287,0.236556977,15.9213276,0.0530000925,0,,,2,1
141766014,0.150000006,0.333333343,,,0.00805860758,0.0161172152,0.402454287,0.236556977,15.9122372,0.0530000925,0,,,2,1
141767143,0.150000006,0.5,,,0.00805860758,0.00805860758,0.402454287,0.236556977,15.9167824,0.0499999523,0,,,2,1
141768269,0.150000006,0,,,0,0.00805860758,0.402454287,0.236556977,15.9167824,0.0499999523,0,,,2,1
141769398,0.150000006,0,,,0,0.00805860758,0.402454287,0.236556977,15.9213276,0.0480000973,0,,,2,1
141770525,0.150000006,0,,,0,0,0.402454287,0.236556977,15.9167824,0.0480000973,0,,,2,1
141771654,0.150000006,0.5,,,0.00805860758,0.00805860758,0.402454287,0.236556977,15.9167824,0.0459998846,0,,,2,1
141772780,0.150000006,0,,,0,0,0.402454287,0.236556977,15.9167824,0.0459998846,0,,,2,1
141773909,0.150000006,0,,,0,0.00805860758,0.402454287,0.236556977,15.9258718,0.0440000296,0,,,2,1
141775036,0.150000006,0,,,0,0.00805860758,0.402454287,0.236556977,15.9213276,0.0440000296,0,,,2,1
141776170,0.150000006,0,,,0,0,0.402454287,0.236556977,15.9213276,0.0409998894,0,,,2,1
141777296,0.150000006,0.5,,,0.00805860758,0.00805860758,0.402454287,0.236556977,15.9167824,0.0409998894,0,,,2,1
141778425,0.150000006,0,,,0,0.00805860758,0.402454287,0.236556977,15.9167824,0.0390000343,0,,,2,1
141779551,0.150000006,0,,,0,0.00805860758,0.402454287,0.236556977,15.9167824,0.0390000343,0,,,2,1
141780884,0.150000006,0,,,0,0.00805860758,0.402454287,0.236556977,15.9167824,0.0369998217,0,,,2,1
141782011,0.150000006,0,,,0,0.00805860758,0.402454287,0.236556977,15.9167824,0.0369998217,0,,,2,1
141783139,0.150000006,0,,,0,0.00805860758,0.402454287,0.236556977,15.9167824,0.0340000391,0,,,2,1
141784265,0.150000006,0,,,0,0.00805860758,0.402454287,0.236556977,15.9213276,0.0340000391,0,,,2,1
141785394,0.150000006,0,,,0,0.00805860758,0.402454287,0.236556977,15.9167824,0.0319998264,0,,,2,1
141786521,0.150000006,0,,,0,0.00805860758,0.402454287,0.236556977,15.9213276,0.0319998264,0,,,2,1
141787654,0.150000006,0,,,0,0.0161172152,0.402454287,0.236556977,15.9167824,0.0299999714,0,,,2,1
141788780,0.150000006,0,,,0,0.00805860758,0.402454287,0.236556977,15.9167824,0.0299999714,0,,,2,1
141789909,0.150000006,0,,,0,0.0161172152,0.402454287,0.236556977,15.9167824,0.0280001163,0,,,2,1
141791035,0.150000006,0,,,0,0.00805860758,0.402454287,0.236556977,15.9167824,0.0280001163,0,,,2,1
141792164,0.150000006,0,,,0,0.00805860758,0.402454287,0.236556977,15.9167824,0.0249999762,0,,,2,1
141793291,0.150000006,0,,,0,0.00805860758,0.402454287,0.236556977,15.9167824,0.0249999762,0,,,2,1
141794420,0.150000006,0,,,0,0.00805860758,0.402454287,0.236556977,15.9213276,0.0230001211,0,,,2,1
141795546,0.150000006,0,,,0,0.00805860758,0.402454287,0.236556977,15.9167824,0.0230001211,0,,,2,1
141796675,0.150000006,0,,,0,0,0.402454287,0.236556977,15.9213276,0.0209999084,0,,,2,1
141797801,0.150000006,0,,,0,0.00805860758,0.402454287,0.236556977,15.9213276,0.0209999084,0,,,2,1
141798935,0.150000006,0,,,0,0.0161172152,0.402454287,0.236556977,15.9167824,0.0190000534,0,,,2,1
141800061,0.150000006,0,,,0,0.0161172152,0.402454287,0.236556977,15.9213276,0.0190000534,0,,,2,1
141801394,0.150000006,0,,,0,0.00805860758,0.402454287,0.236556977,15.9213276,0.0159999132,0,,,2,1
141802520,0.150000006,0,,,0,0.00805860758,0.402454287,0.236556977,15.9167824,0.0159999132,0,,,2,1
141803650,0.150000006,0,,,0,0,0.402454287,0.236556977,15.9213276,0.0140000582,0,,,2,1
141804776,0.150000006,0,,,0,0.0161172152,0.402454287,0.236556977,15.9213276,0.0140000582,0,,,2,1
141805905,0.150000006,0,,,0,0.0161172152,0.402454287,0.236556977,15.9167824,0.0119998455,0,,,2,1
141807031,0.150000006,0,,,0,0.00805860758,0.402454287,0.236556977,15.9167824,0.0119998455,0,,,2,1
141808160,0.150000006,0,,,0,0,0.402454287,0.236556977,15.9213276,0.00900006294,0,,,2,1
141809286,0.150000006,0,,,0,0.00805860758,0.402454287,0.236556977,15.9167824,0.00900006294,0,,,2,1
141810420,0.150000006,0,,,0,0.00805860758,0.402454287,0.236556977,15.9167824,0.00699985027,0,,,2,1
141811546,0.150000006,0,,,0,0.00805860758,0.402454287,0.236556977,15.9213276,0.00699985027,0,,,2,1
141812675,0.150000006,0,,,0,0.0161172152,0.402454287,0.236556977,15.9167824,0.00499999523,0,,,2,1
141813801,0.150000006,0,,,0,0.00805860758,0.402454287,0.236556977,15.9167824,0.00499999523,0,,,2,1
141814930,0.150000006,0,,,0,0.00805860758,0.402454287,0.236556977,15.9167824,0.00300014019,0,,,2,1
141816056,0.150000006,0,,,0,0.00805860758,0.402454287,0.236556977,15.9167824,0.00300014019,0,,,2,1
